t,V,m,h,n,phi
0,-65,0.05293249,0.5961208,0.3176769,0.1
0.007462579,-64.65827,0.05302996,0.596105,0.3176876,0.09950873
0.01492516,-64.26158,0.05332778,0.5960555,0.3177214,0.09902024
0.02238774,-63.86819,0.05382376,0.5959694,0.31778,0.09853477
0.02985032,-63.48853,0.05450201,0.5958455,0.3178641,0.09805226
0.0373129,-63.10882,0.05534263,0.595684,0.3179733,0.09757259
0.04477548,-62.73224,0.05633567,0.595485,0.3181072,0.09709578
0.05223806,-62.35867,0.05747078,0.5952483,0.318266,0.0966218
0.05970063,-61.98799,0.05873891,0.5949737,0.3184497,0.09615064
0.08119794,-60.93502,0.06306067,0.5939673,0.3191174,0.09480888
0.1026952,-59.90242,0.06829234,0.592634,0.3199916,0.09348982
0.1241925,-58.88719,0.07435265,0.5909632,0.3210728,0.09219307
0.1456899,-57.88458,0.08117151,0.588944,0.3223615,0.09091829
0.1703212,-56.74389,0.08986268,0.5861856,0.3240944,0.08948431
0.1949526,-55.60497,0.09951729,0.5829274,0.3261053,0.08807874
0.219584,-54.45712,0.1101809,0.5791379,0.3284009,0.08670172
0.2442153,-53.28443,0.121902,0.5747804,0.3309898,0.08535361
0.2735339,-51.82608,0.1373522,0.5687885,0.3344717,0.08378765
0.3028525,-50.26734,0.1547697,0.5618107,0.3384251,0.08226617
0.332171,-48.55168,0.1746652,0.5536755,0.3429099,0.08079325
0.3614896,-46.58881,0.1976917,0.5441494,0.3480096,0.0793746
0.3943821,-43.94508,0.2287576,0.5313617,0.3546499,0.07785982
0.4272745,-40.56747,0.2672268,0.5155832,0.3624893,0.07644211
0.4601669,-35.95629,0.3166409,0.495687,0.3720239,0.07515306
0.4930594,-29.37474,0.3832248,0.4701623,0.3841584,0.07404709
0.5084421,-25.34101,0.422493,0.4558868,0.3910868,0.07361411
0.5238248,-20.4679,0.4679458,0.4402312,0.3990659,0.07324966
0.5392075,-14.63426,0.5198786,0.4234861,0.4083129,0.07296706
0.5545903,-7.82636,0.5779315,0.4061225,0.4190599,0.07278146
0.569973,-0.1613824,0.6408237,0.3886939,0.4315167,0.0727081
0.5853557,7.921334,0.7049571,0.3715756,0.4457446,0.07275677
0.6007384,15.79771,0.7663139,0.3550085,0.4616286,0.0729286
0.6161211,22.74502,0.8212895,0.3391012,0.4788737,0.07321511
0.6269351,26.71921,0.8545438,0.3283206,0.4915622,0.07347523
0.6377491,29.86657,0.8829531,0.3178726,0.5045081,0.07377379
0.6485631,32.18863,0.9066004,0.3077516,0.5175448,0.07410213
0.6593771,33.75676,0.9258559,0.29795,0.5305185,0.07445154
0.6701911,34.69591,0.9413141,0.2884593,0.5432946,0.07481359
0.6810051,35.10625,0.9535859,0.2792705,0.555794,0.07518292
0.6918191,35.0786,0.9632323,0.2703743,0.5679581,0.07555501
0.7026331,34.70939,0.9707481,0.2617623,0.5797298,0.07592496
0.7122864,34.1617,0.9760239,0.2543078,0.5898738,0.07625005
0.7219397,33.44176,0.9802237,0.2470667,0.59967,0.07656901
0.731593,32.57811,0.9835532,0.2400332,0.609114,0.07688046
0.7412463,31.59942,0.9861855,0.2332016,0.6182015,0.07718299
0.7527246,30.32095,0.9886007,0.2253337,0.6285412,0.07752939
0.7642029,28.93251,0.9904033,0.2177345,0.6383874,0.07786046
0.7756812,27.44915,0.9917276,0.210395,0.6477532,0.07817532
0.7871595,25.89488,0.9926765,0.2033072,0.6566472,0.07847276
0.799439,24.1798,0.9933602,0.1959943,0.6656508,0.07877038
0.8117185,22.41041,0.9937727,0.1889507,0.6741501,0.07904661
0.823998,20.59192,0.9939657,0.1821674,0.6821669,0.07930112
0.8362776,18.74352,0.9939685,0.175636,0.6897165,0.07953314
0.8487148,16.8603,0.9937941,0.1692694,0.6969021,0.07974449
0.8611521,14.9607,0.9934661,0.1631448,0.7036488,0.07993231
0.8735893,13.04651,0.9929968,0.1572545,0.7099778,0.08009666
0.8860265,11.13083,0.9923814,0.1515915,0.715905,0.08023722
0.8984738,9.224963,0.9916089,0.1461453,0.7214496,0.08035379
0.910921,7.325471,0.9906846,0.1409137,0.7266278,0.08044668
0.9233682,5.432813,0.9896037,0.1358907,0.7314576,0.08051614
0.9358155,3.554892,0.9883471,0.1310712,0.735953,0.08056216
0.9480055,1.737321,0.9869246,0.126544,0.7400442,0.08058451
0.9601955,-0.06244258,0.9853055,0.1222027,0.7438431,0.08058482
0.9723856,-1.844504,0.9834747,0.1180432,0.7473633,0.08056341
0.9845756,-3.60502,0.9814067,0.114062,0.750616,0.08052042
0.9953379,-5.138621,0.9793614,0.1106931,0.7532737,0.08046467
1.0061,-6.654379,0.9770977,0.1074587,0.7557396,0.08039252
1.016862,-8.152387,0.9745987,0.1043567,0.7580209,0.0803042
1.027625,-9.63173,0.9718435,0.1013857,0.7601242,0.08019986
1.04255,-11.65036,0.9675532,0.09747977,0.7627577,0.08002898
1.057475,-13.63336,0.9626746,0.09381896,0.7650777,0.07982827
1.072401,-15.58247,0.9571514,0.09039961,0.7670998,0.07959835
1.087326,-17.49617,0.9509072,0.08721929,0.7688373,0.07933965
1.10634,-19.88307,0.9417894,0.08350997,0.7706584,0.07896917
1.125354,-22.21657,0.931232,0.08017827,0.7720635,0.0785539
1.144368,-24.49914,0.9190693,0.07721821,0.773075,0.07809478
1.163382,-26.73637,0.9051348,0.07462291,0.7737134,0.07759278
1.183023,-29.01273,0.8887482,0.07231509,0.7740028,0.07703038
1.202664,-31.24964,0.8700534,0.07038089,0.7739303,0.07642373
1.222305,-33.44677,0.8487792,0.06881363,0.7735086,0.07577314
1.241946,-35.62649,0.8248292,0.06759956,0.7727554,0.0750796
1.261587,-37.81576,0.7981729,0.06672381,0.7716876,0.07434414
1.281229,-39.99991,0.7683751,0.06618585,0.7703065,0.07356582
1.30087,-42.17612,0.73514,0.06598246,0.7686162,0.0727441
1.320511,-44.36838,0.6985406,0.06610266,0.7666289,0.07187952
1.340839,-46.67611,0.6573196,0.0665575,0.7642716,0.0709401
1.361167,-48.99237,0.6123994,0.06735748,0.7616063,0.06995377
1.381494,-51.2941,0.5638945,0.06850743,0.758638,0.06891998
1.401822,-53.57177,0.5125847,0.07000342,0.7553826,0.06783972
1.422831,-55.87722,0.4577554,0.07190923,0.7517363,0.06667594
1.44384,-58.06835,0.4021395,0.07418798,0.7478195,0.06546507
1.464849,-60.09325,0.3472182,0.07683477,0.7436578,0.06420976
1.485857,-61.91442,0.2948536,0.07983029,0.7392857,0.06291416
1.507201,-63.52789,0.2461424,0.08320143,0.7346671,0.06156179
1.528545,-64.88849,0.2029713,0.08686919,0.7299058,0.06017799
1.549889,-66.00186,0.1659408,0.09079199,0.7250371,0.05876797
1.571233,-66.88987,0.1352221,0.09492299,0.7200948,0.05733688
1.588053,-67.45168,0.1152358,0.09829367,0.716168,0.0561974
1.604872,-67.90756,0.09858445,0.1017446,0.7122252,0.05504957
1.621692,-68.27211,0.08490627,0.1052576,0.7082763,0.05389502
1.638512,-68.55879,0.07378101,0.1088159,0.7043301,0.05273521
1.655331,-68.77983,0.06477368,0.1124048,0.7003939,0.05157137
1.672151,-68.94556,0.05756334,0.1160122,0.6964735,0.05040448
1.688971,-69.06477,0.05185543,0.119628,0.6925737,0.04923539
1.705791,-69.14492,0.04735311,0.1232431,0.6886986,0.04806482
1.721706,-69.19044,0.04396965,0.1266561,0.6850577,0.04695638
1.737622,-69.21092,0.04130087,0.1300565,0.6814444,0.0458476
1.753537,-69.21003,0.03922146,0.1334398,0.6778605,0.04473883
1.769453,-69.1909,0.03761215,0.136802,0.6743078,0.04363041
1.786355,-69.15352,0.03630786,0.1403459,0.6705704,0.04245393
1.803258,-69.10104,0.03535093,0.1438593,0.6668711,0.04127842
1.82016,-69.03563,0.0346777,0.1473395,0.6632108,0.0401041
1.837063,-68.95911,0.03422808,0.1507842,0.6595906,0.03893118
1.856346,-68.86018,0.03392701,0.1546682,0.6555104,0.03759499
1.875629,-68.75058,0.03381443,0.1585014,0.6514842,0.03626108
1.894912,-68.63184,0.03385555,0.162282,0.6475126,0.03492962
1.914195,-68.50525,0.03401691,0.1660083,0.6435962,0.03360079
1.937491,-68.34335,0.0343358,0.170436,0.6389391,0.03199916
1.960786,-68.17299,0.03477074,0.1747813,0.6343638,0.03040177
1.984081,-67.9954,0.03530263,0.1790432,0.6298704,0.0288088
2.007377,-67.81161,0.03591237,0.1832207,0.6254593,0.02722042
2.037686,-67.5646,0.03679981,0.1885284,0.6198435,0.02516093
2.067994,-67.30991,0.03778382,0.1936915,0.6143669,0.02310967
2.098303,-67.0487,0.0388539,0.1987099,0.6090292,0.02106684
2.128612,-66.78197,0.03999949,0.2035835,0.60383,0.01903262
2.172048,-66.39179,0.04176005,0.2103155,0.5966195,0.01613267
2.215485,-65.99373,0.04365542,0.2167524,0.5896902,0.01325109
2.258922,-65.5892,0.04568044,0.2228967,0.5830393,0.01038815
2.302359,-65.17967,0.04783238,0.2287504,0.5766646,0.007544118
2.373615,-64.50014,0.05159144,0.2377279,0.5668002,0.002920291
2.444871,-63.81436,0.05570439,0.2459451,0.5576568,-0.001651647
2.516128,-63.12557,0.06022529,0.2534195,0.5492166,-0.006171673
2.587384,-62.43635,0.06507347,0.2601614,0.541467,-0.01063943
2.646119,-61.8692,0.06923831,0.2651748,0.535589,-0.01428263
2.704854,-61.30499,0.07366006,0.2697073,0.5301594,-0.01789048
2.763589,-60.74502,0.07838062,0.2737668,0.5251681,-0.02146318
2.822323,-60.18874,0.08331856,0.2773611,0.5206046,-0.025001
2.875015,-59.69215,0.08787249,0.2801958,0.5168663,-0.02814538
2.927707,-59.19919,0.09262984,0.2826665,0.513457,-0.03126204
2.980399,-58.71011,0.09761312,0.2847777,0.5103695,-0.03435114
3.03309,-58.22362,0.1027822,0.2865347,0.5075962,-0.03741291
3.088942,-57.70895,0.1084213,0.2880156,0.5049913,-0.04062869
3.144794,-57.19604,0.114305,0.2891066,0.5027244,-0.04381398
3.200646,-56.6843,0.1204708,0.2898106,0.5007887,-0.0469688
3.256497,-56.17065,0.1268853,0.2901315,0.4991769,-0.05009321
3.317321,-55.60479,0.1341216,0.2900488,0.4977823,-0.05346113
3.378144,-55.03205,0.1417488,0.2895117,0.4967608,-0.0567924
3.438967,-54.44962,0.149849,0.2885159,0.4961102,-0.06008634
3.49979,-53.84997,0.1584189,0.287058,0.495828,-0.06334232
3.56643,-53.16276,0.1683823,0.284921,0.4959423,-0.06686496
3.633071,-52.43873,0.1792043,0.2821933,0.4965124,-0.07033835
3.699711,-51.66489,0.1911235,0.2788394,0.4975577,-0.07375931
3.766352,-50.81768,0.2043437,0.2748152,0.4991041,-0.077124
3.843037,-49.71851,0.2218059,0.2692517,0.5015696,-0.08091828
3.919723,-48.42404,0.2422903,0.2625632,0.5048524,-0.08461916
3.996408,-46.8177,0.2671174,0.2544971,0.5091253,-0.08820795
4.073094,-44.73824,0.2990536,0.2446027,0.5147011,-0.09165352
4.106473,-43.62489,0.3161545,0.2395652,0.5176479,-0.09309767
4.139852,-42.32687,0.3356973,0.2339869,0.5209815,-0.09450131
4.173231,-40.79271,0.3582463,0.2277722,0.5247763,-0.09585766
4.20661,-38.96365,0.3846125,0.2207958,0.5291349,-0.09715761
4.239989,-36.77609,0.4158,0.212916,0.5341912,-0.09838956
4.273368,-34.10523,0.4527106,0.2039835,0.5400973,-0.09954029
4.306747,-30.83883,0.496187,0.1939032,0.5470473,-0.100593
4.340126,-26.92317,0.5470725,0.1826661,0.555291,-0.101526
4.364187,-23.69578,0.5885034,0.1739174,0.5621845,-0.102111
4.388248,-20.15522,0.6330948,0.1647966,0.5699561,-0.1026141
4.412309,-16.40337,0.6796349,0.1554894,0.5786418,-0.1030295
4.43637,-12.63055,0.7264817,0.1461941,0.5882282,-0.1033542
4.455417,-9.793532,0.7624273,0.1389728,0.5964055,-0.1035476
4.474464,-7.224717,0.7961638,0.1319496,0.6050054,-0.1036893
4.49351,-5.041576,0.8268239,0.1251755,0.6139143,-0.1037858
4.512557,-3.342201,0.8538356,0.118683,0.6230037,-0.1038451
4.531604,-2.19354,0.8769103,0.1124893,0.6321318,-0.1038771
4.550651,-1.604598,0.8960738,0.1066022,0.6411554,-0.1038926
4.569697,-1.55642,0.9115407,0.1010232,0.6499476,-0.1039021
4.588744,-2.009247,0.9236504,0.09575032,0.6584021,-0.1039156
4.604556,-2.721185,0.9314439,0.09160248,0.6651002,-0.1039363
4.620368,-3.695816,0.9374379,0.08765878,0.6714675,-0.1039703
4.63618,-4.895053,0.9418431,0.08391553,0.6774773,-0.1040215
4.651991,-6.278185,0.944807,0.08037054,0.6831084,-0.104093
4.667635,-7.788924,0.9464312,0.07705659,0.6882936,-0.1041867
4.683279,-9.4137,0.9468837,0.07393142,0.6930925,-0.1043049
4.698923,-11.12669,0.9462451,0.0709926,0.6975062,-0.1044491
4.714567,-12.90114,0.9445351,0.06823963,0.7015367,-0.1046205
4.732031,-14.92606,0.9413498,0.06538586,0.7055903,-0.1048452
4.749495,-16.9797,0.9368474,0.06276094,0.7091889,-0.1051056
4.766959,-19.04508,0.9310098,0.06036328,0.7123491,-0.1054017
4.784423,-21.10469,0.9237559,0.05819309,0.7150865,-0.1057337
4.806166,-23.64311,0.9126174,0.05580817,0.7179298,-0.1061972
4.82791,-26.14137,0.8990068,0.05377107,0.7201808,-0.1067153
4.849653,-28.58987,0.882741,0.05207752,0.7218734,-0.1072872
4.871396,-30.98702,0.8636487,0.05072112,0.7230413,-0.1079117
4.893824,-33.41558,0.8409047,0.04966488,0.7237327,-0.1086092
4.916252,-35.79259,0.814735,0.04895209,0.723928,-0.1093606
4.938679,-38.11605,0.7848695,0.04857755,0.723651,-0.1101652
4.961107,-40.40812,0.7513803,0.0485291,0.7229325,-0.1110215
4.983534,-42.69263,0.714459,0.04879496,0.7218012,-0.1119279
5.005962,-44.9538,0.6738028,0.0493802,0.7202671,-0.1128852
5.02839,-47.18344,0.6294158,0.05028766,0.7183449,-0.1138934
5.050817,-49.38797,0.5818583,0.05151347,0.7160585,-0.1149512
5.074527,-51.68875,0.5289948,0.05315279,0.7132719,-0.1161219
5.098236,-53.91549,0.47409,0.05515696,0.7101234,-0.1173461
5.121946,-56.02956,0.4182785,0.05752938,0.7066408,-0.118622
5.145656,-57.9984,0.3632655,0.06026159,0.7028614,-0.1199461
5.16989,-59.82617,0.3097926,0.06341066,0.6987341,-0.1213449
5.194124,-61.43381,0.2604921,0.06690007,0.6943808,-0.122785
5.218358,-62.80682,0.2165016,0.0706979,0.6898452,-0.124261
5.242592,-63.9482,0.1786195,0.07476294,0.6851706,-0.1257671
5.2675,-64.89711,0.1462331,0.07917015,0.6802639,-0.1273406
5.292408,-65.64451,0.1200759,0.08376262,0.6752888,-0.1289348
5.317316,-66.21909,0.09956801,0.08849552,0.6702757,-0.1305451
5.342225,-66.64797,0.08379385,0.09332691,0.6652514,-0.1321675
5.36327,-66.91608,0.07338486,0.0974579,0.6610138,-0.1335451
5.384315,-67.11286,0.0652332,0.1016146,0.6567934,-0.1349273
5.40536,-67.24984,0.05895784,0.1057816,0.6525985,-0.1363127
5.426405,-67.3366,0.05414649,0.1099451,0.6484361,-0.1377002
5.444379,-67.37702,0.05092768,0.1134898,0.6449114,-0.138886
5.462354,-67.39102,0.04840583,0.1170179,0.6414175,-0.1400722
5.480328,-67.38221,0.04646188,0.1205245,0.6379569,-0.1412581
5.498302,-67.35368,0.04498144,0.1240051,0.6345318,-0.1424436
5.517954,-67.30301,0.04378183,0.1277764,0.6308297,-0.1437386
5.537605,-67.23477,0.04294927,0.1315083,0.6271741,-0.1450322
5.557257,-67.15141,0.0424183,0.1351974,0.6235665,-0.146324
5.576909,-67.05499,0.04212631,0.1388407,0.6200083,-0.1476139
5.599631,-66.9295,0.04202162,0.142993,0.6159573,-0.1491024
5.622353,-66.79113,0.04212826,0.147078,0.6119751,-0.1505876
5.645075,-66.64173,0.04240975,0.1510933,0.6080628,-0.1520691
5.667797,-66.48289,0.04283063,0.1550369,0.6042214,-0.1535469
5.695933,-66.27509,0.04350488,0.1598185,0.5995639,-0.1553711
5.72407,-66.05687,0.04432727,0.1644856,0.5950169,-0.1571888
5.752206,-65.82991,0.04527661,0.1690368,0.5905808,-0.1589997
5.780342,-65.59563,0.04633174,0.1734708,0.5862561,-0.1608037
5.818102,-65.27178,0.04788772,0.1792361,0.5806275,-0.1632133
5.855863,-64.93909,0.04959236,0.1847887,0.5751993,-0.1656097
5.893623,-64.59938,0.05143295,0.1901286,0.5699708,-0.1679924
5.931384,-64.25423,0.0533964,0.1952563,0.5649411,-0.1703613
5.985977,-63.7482,0.05642665,0.2022958,0.5580185,-0.1737614
6.04057,-63.23649,0.05968979,0.2088984,0.5515035,-0.1771319
6.095163,-62.72153,0.0631879,0.21507,0.5453896,-0.1804725
6.149756,-62.20531,0.06689674,0.2208157,0.5396711,-0.1837832
6.210201,-61.63389,0.07119812,0.2266866,0.5337932,-0.1874137
6.270646,-61.06496,0.0757661,0.2320517,0.5283813,-0.1910076
6.33109,-60.50026,0.08063527,0.2369202,0.523424,-0.194565
6.391535,-59.93982,0.08573146,0.2413011,0.5189105,-0.1980863
6.447491,-59.42436,0.09058695,0.2449296,0.5151179,-0.2013142
6.503448,-58.91372,0.09566127,0.2481542,0.5116869,-0.2045115
6.559404,-58.40837,0.1009807,0.2509813,0.5086086,-0.2076786
6.615361,-57.90691,0.1064918,0.2534181,0.5058735,-0.2108158
6.672596,-57.39617,0.1122753,0.2555137,0.5034212,-0.2139939
6.729831,-56.8886,0.1182937,0.2572125,0.5013102,-0.2171412
6.787066,-56.38376,0.1245816,0.2585188,0.4995328,-0.2202575
6.844301,-55.87873,0.1310998,0.2594385,0.4980802,-0.2233432
6.906554,-55.32515,0.1384145,0.2600056,0.4968597,-0.2266646
6.968807,-54.76729,0.1460869,0.2601206,0.4960092,-0.2299494
7.03106,-54.20275,0.1541888,0.2597828,0.4955244,-0.2331971
7.093313,-53.62491,0.1627101,0.2589924,0.4954002,-0.2364071
7.162748,-52.95561,0.1727377,0.257573,0.4956851,-0.2399423
7.232184,-52.25564,0.1835481,0.2555677,0.4964249,-0.2434275
7.301619,-51.51378,0.195347,0.2529509,0.497634,-0.2468601
7.371054,-50.71037,0.2083121,0.2496903,0.499332,-0.2502368
7.454852,-49.63463,0.2262104,0.2448057,0.502096,-0.2542292
7.538649,-48.37355,0.2469803,0.2387837,0.5057112,-0.2581217
7.622447,-46.8119,0.2718047,0.231405,0.5103414,-0.2618956
7.706244,-44.81744,0.3036389,0.2222475,0.5163058,-0.2655185
7.741751,-43.79294,0.3202169,0.2176891,0.5193449,-0.2669973
7.777258,-42.6061,0.338992,0.2126522,0.5227498,-0.2684365
7.812765,-41.21358,0.3604537,0.2070599,0.5265864,-0.2698299
7.848272,-39.57002,0.3853448,0.2008086,0.5309474,-0.2711691
7.883779,-37.62507,0.4145579,0.1937815,0.5359503,-0.2724436
7.919286,-35.27773,0.4488372,0.1858608,0.5417251,-0.2736416
7.954793,-32.43811,0.4889399,0.1769585,0.548438,-0.2747484
7.9903,-29.06036,0.5356856,0.1670357,0.5563025,-0.2757448
8.018504,-25.98927,0.5778096,0.1584625,0.5635203,-0.2764439
8.046708,-22.59374,0.6235973,0.1494308,0.5716924,-0.2770512
8.074912,-18.97902,0.6717621,0.1401332,0.580863,-0.2775596
8.103116,-15.35569,0.7204748,0.1307949,0.5910158,-0.2779657
8.13132,-12.00569,0.7673603,0.1216485,0.6020551,-0.2782713
8.159524,-9.209651,0.8098343,0.1128661,0.6137262,-0.27849
8.187728,-7.200361,0.846095,0.1045653,0.6257171,-0.2786415
8.215933,-6.137516,0.8753359,0.09680905,0.6376978,-0.2787491
8.239538,-6.008256,0.894373,0.09075459,0.6474627,-0.2788257
8.263143,-6.517696,0.908881,0.08510113,0.6567996,-0.2789068
8.286749,-7.595347,0.9193854,0.07984479,0.6655738,-0.2790063
8.310354,-9.139195,0.926243,0.0749866,0.6736782,-0.2791367
8.331282,-10.80459,0.9295114,0.07101339,0.6802412,-0.279287
8.352209,-12.69586,0.9305192,0.06734452,0.686201,-0.2794744
8.373137,-14.76163,0.9294752,0.06397511,0.6915514,-0.2797026
8.394064,-16.93893,0.9263363,0.06090892,0.6962867,-0.2799752
8.413066,-18.96799,0.9215962,0.05839052,0.7000576,-0.2802631
8.432068,-21.03055,0.915128,0.05612019,0.7033446,-0.2805899
8.451069,-23.10763,0.9068936,0.05409651,0.7061648,-0.2809558
8.470071,-25.18059,0.8967845,0.05231949,0.7085346,-0.2813611
8.494883,-27.86444,0.8806275,0.05036711,0.7109839,-0.2819491
8.519695,-30.50474,0.8608668,0.04882665,0.7127413,-0.282603
8.544507,-33.08855,0.8372181,0.04769204,0.7138467,-0.2833221
8.569319,-35.62398,0.8095746,0.04695106,0.7143442,-0.2841045
8.597809,-38.5145,0.7732145,0.04656086,0.7142279,-0.2850779
8.626299,-41.34502,0.7309264,0.04667066,0.7134001,-0.2861327
8.654789,-44.09166,0.6821333,0.04728558,0.7118902,-0.2872696
8.68328,-46.81024,0.628005,0.0483818,0.7097621,-0.2884844
8.707319,-49.10989,0.5792214,0.04966861,0.707528,-0.2895676
8.731359,-51.35804,0.5275086,0.0513077,0.7048993,-0.2907053
8.755398,-53.52617,0.4736448,0.05330499,0.7019002,-0.2918964
8.779438,-55.59118,0.4190721,0.05565621,0.6985655,-0.2931383
8.803717,-57.54183,0.3649446,0.05838238,0.6948951,-0.2944406
8.827996,-59.31432,0.3131797,0.06145443,0.6909567,-0.2957878
8.852275,-60.88176,0.2651457,0.06485245,0.6867916,-0.2971754
8.876554,-62.2321,0.2220863,0.06854558,0.6824429,-0.2985982
8.901993,-63.41471,0.1831641,0.07268967,0.6777361,-0.3001206
8.927431,-64.37443,0.150661,0.07706945,0.6729166,-0.3016699
8.95287,-65.13398,0.1243384,0.08163819,0.6680218,-0.3032407
8.978309,-65.7196,0.1035465,0.08634982,0.6630848,-0.3048281
8.996555,-66.04838,0.09152728,0.08979286,0.6595337,-0.3059746
9.0148,-66.31188,0.08160736,0.09327401,0.6559831,-0.3071262
9.033046,-66.51865,0.07350604,0.09678124,0.6524401,-0.3082819
9.051291,-66.67627,0.06692705,0.1003037,0.6489108,-0.3094408
9.069537,-66.79139,0.06159545,0.1038319,0.6454005,-0.3106019
9.087783,-66.86986,0.05732523,0.1073579,0.6419134,-0.3117645
9.106028,-66.9167,0.05394415,0.1108745,0.6384532,-0.3129281
9.124274,-66.93618,0.05128325,0.1143756,0.6350231,-0.314092
9.143608,-66.93104,0.04908978,0.1180629,0.6314242,-0.3153253
9.162942,-66.90301,0.04743809,0.1217216,0.6278648,-0.316558
9.182276,-66.85524,0.04623337,0.1253472,0.624347,-0.3177898
9.20161,-66.79043,0.04538448,0.1289358,0.620873,-0.3190202
9.22314,-66.70096,0.04476802,0.1328844,0.6170577,-0.3203884
9.244669,-66.59579,0.04444331,0.1367795,0.6133004,-0.3217542
9.266198,-66.47715,0.04435904,0.1406179,0.6096023,-0.3231173
9.287727,-66.34691,0.04446587,0.1443972,0.6059648,-0.3244774
9.313496,-66.17799,0.04479137,0.1488398,0.6016922,-0.3261011
9.339264,-65.99696,0.04530166,0.1531918,0.5975089,-0.3277198
9.365033,-65.80568,0.04596717,0.157451,0.5934161,-0.3293334
9.390801,-65.60572,0.04675888,0.1616158,0.5894144,-0.3309415
9.424064,-65.33691,0.04793288,0.1668501,0.5843845,-0.3330088
9.457327,-65.05807,0.04926078,0.171923,0.5795078,-0.3350664
9.49059,-64.77107,0.05072461,0.1768337,0.5747844,-0.3371139
9.523853,-64.47748,0.05230644,0.1815816,0.5702143,-0.339151
9.570559,-64.05661,0.05470154,0.1879729,0.5640552,-0.3419936
9.617266,-63.62809,0.05729182,0.1940443,0.5581953,-0.3448151
9.663972,-63.19418,0.0600677,0.1997981,0.5526317,-0.3476152
9.710679,-62.7568,0.06301446,0.2052366,0.5473614,-0.3503936
9.772912,-62.17105,0.06716042,0.2119976,0.5407894,-0.3540617
9.835146,-61.58495,0.07160211,0.2182132,0.5347217,-0.357691
9.897379,-61.00106,0.07636743,0.2238935,0.5291469,-0.3612818
9.959612,-60.42033,0.08138596,0.2290473,0.5240539,-0.3648341
10.01744,-59.88375,0.08620817,0.2333723,0.5197436,-0.3681005
10.07526,-59.35205,0.09126913,0.2372585,0.5158294,-0.3713342
10.13309,-58.82607,0.09659804,0.2407135,0.5123011,-0.3745353
10.19091,-58.30466,0.1021301,0.2437453,0.5091483,-0.3777043
10.24783,-57.79438,0.1077155,0.2463239,0.5064015,-0.3807925
10.30475,-57.28824,0.1135278,0.2485053,0.5039999,-0.38385
10.36166,-56.78607,0.1195975,0.2502949,0.5019351,-0.386877
10.41858,-56.28541,0.1258804,0.2516993,0.5001978,-0.3898737
10.47981,-55.74514,0.1328349,0.2527865,0.4986846,-0.3930637
10.54104,-55.20362,0.1401021,0.2534365,0.4975339,-0.3962188
10.60226,-54.65919,0.1477397,0.2536508,0.4967395,-0.3993385
10.66349,-54.10652,0.1557253,0.2534327,0.4962946,-0.4024227
10.73165,-53.47432,0.1650275,0.2526819,0.4962044,-0.4058139
10.79981,-52.82172,0.1749546,0.2513851,0.4965442,-0.409159
10.86797,-52.14119,0.185657,0.2495276,0.4973198,-0.4124562
10.93613,-51.41854,0.1972332,0.247092,0.4985402,-0.4157034
11.01715,-50.48596,0.2125025,0.2433967,0.5006005,-0.4194931
11.09816,-49.43746,0.2297936,0.2387663,0.5033684,-0.4232001
11.17918,-48.21189,0.2498207,0.2330761,0.5069353,-0.4268131
11.26019,-46.73435,0.2740742,0.2261096,0.5114644,-0.4303143
11.3027,-45.82238,0.2891864,0.2218415,0.5143042,-0.4320985
11.34522,-44.77308,0.3062966,0.2170825,0.5175179,-0.4338405
11.38773,-43.54441,0.3258902,0.2117537,0.52117,-0.4355339
11.43024,-42.09039,0.3487606,0.2057424,0.5253545,-0.4371698
11.47275,-40.36004,0.3759706,0.1989067,0.5301991,-0.4387364
11.51526,-38.23212,0.4083757,0.191094,0.5358407,-0.4402208
11.55778,-35.57935,0.4471172,0.1821414,0.542477,-0.4416051
11.60029,-32.31048,0.4939065,0.1718754,0.5503965,-0.4428636
11.6292,-29.6958,0.5311018,0.164088,0.5566862,-0.4436325
11.65811,-26.72349,0.5724917,0.1557085,0.5638201,-0.4443201
11.68702,-23.42549,0.6175347,0.1468512,0.5718839,-0.4449173
11.71594,-19.92147,0.6651904,0.1376956,0.580936,-0.445416
11.74485,-16.39826,0.7137455,0.1284718,0.5909806,-0.4458116
11.77376,-13.11479,0.760546,0.1194103,0.6018873,-0.4461082
11.80267,-10.34651,0.8032145,0.1106943,0.6134379,-0.4463171
11.83158,-8.344486,0.8399705,0.1024469,0.6253421,-0.4464564
11.86109,-7.273978,0.870188,0.09458937,0.6374865,-0.4465526
11.89059,-7.202823,0.8931598,0.08732392,0.6492548,-0.4466323
11.92009,-8.061977,0.9094903,0.08065853,0.6603371,-0.4467236
11.9496,-9.70076,0.9198024,0.07459936,0.6704974,-0.4468518
11.96895,-11.10234,0.9236313,0.07095459,0.676579,-0.4469664
11.9883,-12.71379,0.9254445,0.06756446,0.6821704,-0.4471103
12.00765,-14.49294,0.9254057,0.06442604,0.68726,-0.4472865
12.027,-16.39112,0.9235269,0.06154122,0.6918387,-0.4474984
12.04635,-18.36544,0.9197773,0.05891208,0.6959063,-0.4477481
12.0657,-20.39397,0.9142273,0.05653495,0.6994767,-0.4480364
12.08505,-22.45417,0.9068608,0.0544084,0.7025647,-0.4483641
12.1044,-24.52287,0.8975728,0.05253306,0.7051846,-0.4487317
12.12831,-27.06802,0.8833065,0.05056154,0.7078025,-0.449241
12.15222,-29.58488,0.8657843,0.0489669,0.7097712,-0.4498106
12.17612,-32.05971,0.8447876,0.04774394,0.7111262,-0.45044
12.20003,-34.49281,0.8201819,0.04688365,0.7119051,-0.451128
12.22413,-36.91648,0.7917315,0.0463708,0.7121469,-0.4518792
12.24822,-39.29991,0.7592483,0.04621187,0.7118662,-0.4526881
12.27232,-41.63769,0.7224972,0.04640478,0.7110861,-0.4535546
12.29642,-43.95156,0.6817778,0.04693908,0.7098402,-0.4544771
12.32052,-46.26036,0.6375546,0.04780603,0.7081598,-0.455454
12.34461,-48.53714,0.5897448,0.04901674,0.7060569,-0.4564861
12.36871,-50.76186,0.5387478,0.05057766,0.7035519,-0.4575728
12.39281,-52.92325,0.4856552,0.05248639,0.700676,-0.4587123
12.41726,-55.03049,0.4310314,0.05477592,0.6974123,-0.4599201
12.44172,-57.00299,0.3768399,0.05742384,0.6938307,-0.4611776
12.46618,-58.8043,0.3245283,0.06042135,0.6899688,-0.4624811
12.49063,-60.40896,0.2757057,0.06374747,0.6858698,-0.4638261
12.51624,-61.86084,0.229839,0.06755001,0.6813726,-0.465273
12.54184,-63.07613,0.1900414,0.07164088,0.6767108,-0.4667537
12.56745,-64.06569,0.1566049,0.07597504,0.6719281,-0.4682622
12.59305,-64.85086,0.1293631,0.08050434,0.6670643,-0.4697931
12.61117,-65.29831,0.1135042,0.08380048,0.6635933,-0.470887
12.62929,-65.6671,0.1001677,0.08715558,0.6601087,-0.471988
12.6474,-65.96661,0.0890779,0.09055588,0.6566195,-0.4730949
12.66552,-66.20545,0.07992514,0.09398871,0.6531333,-0.4742064
12.68364,-66.39151,0.07240132,0.09744271,0.6496568,-0.4753216
12.70175,-66.53186,0.06628,0.1009082,0.6461953,-0.4764395
12.71987,-66.63264,0.06134881,0.1043765,0.6427537,-0.4775594
12.73799,-66.69915,0.05739559,0.1078401,0.6393359,-0.4786806
12.75723,-66.73737,0.0540589,0.1115072,0.6357351,-0.4798726
12.77648,-66.74681,0.05147179,0.115155,0.6321686,-0.4810647
12.79573,-66.73146,0.04950499,0.1187776,0.6286393,-0.4822566
12.81498,-66.69476,0.04803308,0.1223702,0.62515,-0.4834477
12.83559,-66.63502,0.04688853,0.1261801,0.621459,-0.4847224
12.85621,-66.55709,0.04611985,0.1299465,0.6178182,-0.4859953
12.87682,-66.4635,0.04566079,0.1336658,0.6142294,-0.4872662
12.89744,-66.3564,0.045448,0.1373349,0.6106941,-0.4885348
12.92153,-66.21656,0.04544442,0.1415558,0.606632,-0.490014
12.94563,-66.06317,0.04566512,0.1457015,0.6026461,-0.4914893
12.96972,-65.89824,0.04607221,0.1497695,0.5987377,-0.4929605
12.99382,-65.72348,0.0466289,0.1537575,0.5949077,-0.4944272
13.02394,-65.49336,0.04749316,0.1586282,0.5902313,-0.4962541
13.05406,-65.25237,0.04852189,0.1633692,0.5856796,-0.4980734
13.08418,-65.00238,0.0496926,0.1679789,0.5812532,-0.4998848
13.1143,-64.74496,0.05098302,0.1724562,0.5769523,-0.501688
13.15529,-64.385,0.05290331,0.1783362,0.5713004,-0.5041287
13.19629,-64.01628,0.05499946,0.1839694,0.5658806,-0.5065536
13.23728,-63.6409,0.05725742,0.1893565,0.5606915,-0.5089622
13.27828,-63.26066,0.05966253,0.194498,0.5557318,-0.5113543
13.33727,-62.70784,0.06334638,0.2014676,0.548995,-0.5147668
13.39625,-62.1514,0.06730953,0.2079386,0.5427217,-0.5181447
13.45524,-61.59409,0.07156002,0.2139189,0.5369029,-0.5214878
13.51423,-61.03773,0.07605686,0.2194153,0.5315306,-0.524796
13.57477,-60.46874,0.08086781,0.2245607,0.5264718,-0.5281553
13.63531,-59.9041,0.08594826,0.2292134,0.5218623,-0.5314782
13.69585,-59.34526,0.09133212,0.2333824,0.5176906,-0.5347651
13.75639,-58.79141,0.09694311,0.2370771,0.5139449,-0.5380163
13.81372,-58.2703,0.1024,0.2401466,0.5107796,-0.5410626
13.87105,-57.75406,0.1080894,0.2428048,0.5079766,-0.5440774
13.92838,-57.2428,0.114041,0.2450578,0.5055266,-0.5470609
13.98571,-56.73431,0.1202026,0.246913,0.5034196,-0.5500135
14.04568,-56.20245,0.1268249,0.2484352,0.5015721,-0.5530696
14.10566,-55.67149,0.13373,0.2495324,0.5000822,-0.556092
14.16564,-55.14026,0.1409652,0.2502078,0.4989428,-0.5590805
14.22561,-54.6044,0.1484999,0.2504662,0.4981456,-0.5620353
14.29207,-53.99928,0.1571844,0.2502688,0.4976541,-0.5652696
14.35852,-53.38092,0.1663827,0.2495573,0.4975737,-0.5684611
14.42498,-52.74409,0.1762085,0.2483238,0.4979052,-0.5716086
14.49143,-52.07806,0.1867119,0.2465598,0.4986505,-0.5747107
14.56946,-51.2443,0.2001194,0.2437857,0.5000682,-0.5782923
14.64749,-50.33434,0.215005,0.2402091,0.5020996,-0.5818033
14.72552,-49.3126,0.2318258,0.2357559,0.504797,-0.5852367
14.80356,-48.13333,0.2513963,0.2303064,0.5082489,-0.5885819
14.85073,-47.31823,0.2650456,0.2264575,0.5107555,-0.5905552
14.8979,-46.39461,0.2803701,0.222134,0.5136227,-0.5924868
14.94507,-45.32799,0.2977813,0.2172678,0.5169046,-0.5943711
14.99224,-44.07969,0.3179652,0.2117598,0.5206811,-0.5962
15.03941,-42.60631,0.3419052,0.2054766,0.5250646,-0.5979629
15.08658,-40.80138,0.3703425,0.1982783,0.5301714,-0.5996483
15.13376,-38.53957,0.4044712,0.1899807,0.5361837,-0.6012392
15.18093,-35.7105,0.4463721,0.18033,0.5433861,-0.6027101
15.21151,-33.51475,0.4787479,0.1732329,0.5488568,-0.6035846
15.24208,-30.95833,0.5155297,0.1654451,0.5550767,-0.6043861
15.27266,-28.01658,0.5568043,0.1569913,0.5621589,-0.605104
15.30324,-24.72711,0.6023684,0.1479646,0.5702201,-0.6057267
15.33382,-21.18116,0.6514335,0.1385355,0.5793514,-0.6062436
15.3644,-17.55446,0.7017961,0.1289697,0.5895498,-0.6066499
15.39498,-14.1068,0.7508937,0.1195233,0.6007116,-0.6069477
15.42555,-11.16293,0.7961375,0.1104098,0.6126247,-0.6071471
15.44923,-9.438717,0.8269599,0.1036883,0.6221608,-0.6072459
15.4729,-8.294246,0.8533701,0.09730729,0.6317604,-0.6073109
15.49658,-7.773577,0.8751197,0.09129308,0.6412366,-0.6073562
15.52025,-7.874203,0.8922931,0.08565855,0.650417,-0.6073965
15.54392,-8.541068,0.9051493,0.0804099,0.6591426,-0.6074465
15.5676,-9.709855,0.9142255,0.07554132,0.6673017,-0.6075184
15.59127,-11.3059,0.9200128,0.07104656,0.674815,-0.6076221
15.61495,-13.22343,0.9226541,0.06693096,0.6816159,-0.6077674
15.63425,-14.95396,0.9225297,0.0638583,0.6866076,-0.607922
15.65356,-16.80595,0.9205835,0.06103422,0.6911025,-0.6081113
15.67287,-18.74758,0.9168785,0.05845687,0.6951048,-0.6083368
15.69218,-20.74349,0.9113524,0.05612821,0.6986194,-0.6086004
15.71334,-22.95884,0.9031053,0.05386391,0.7019227,-0.6089339
15.7345,-25.1864,0.8925494,0.05189604,0.7046772,-0.6093144
15.75566,-27.40858,0.8795925,0.050222,0.7069068,-0.6097417
15.77681,-29.6107,0.8640863,0.04883942,0.7086351,-0.6102159
15.80816,-32.85153,0.8366119,0.04730698,0.7103412,-0.6110014
15.8395,-36.00865,0.8025917,0.04639384,0.7110714,-0.6118872
15.87085,-39.0455,0.761113,0.04609781,0.7108777,-0.6128734
15.9022,-42.04105,0.7130636,0.04637968,0.7098551,-0.6139545
15.92739,-44.46905,0.6704363,0.04700178,0.7084901,-0.614889
15.95259,-46.86072,0.623571,0.04799677,0.7066439,-0.6158841
15.97779,-49.19841,0.5726811,0.04937131,0.7043383,-0.6169396
16.00298,-51.48288,0.5188892,0.0511199,0.7016102,-0.6180532
16.02692,-53.59246,0.4663746,0.05312341,0.6986614,-0.6191626
16.05085,-55.59575,0.4133473,0.05546892,0.6953875,-0.620321
16.07478,-57.45812,0.361081,0.05815278,0.691821,-0.6215258
16.09872,-59.1522,0.3111294,0.06116058,0.6880009,-0.6227729
16.12428,-60.75095,0.2620125,0.06470689,0.6836862,-0.6241467
16.14985,-62.1168,0.2183026,0.06856536,0.6791758,-0.6255581
16.17542,-63.25063,0.1806491,0.07269511,0.6745153,-0.6270011
16.20099,-64.1673,0.1492688,0.07704961,0.6697474,-0.62847
16.22092,-64.74707,0.1289676,0.08056916,0.6659806,-0.6296296
16.24085,-65.22202,0.1119777,0.08417521,0.6621866,-0.6307995
16.26079,-65.60482,0.09796835,0.08784834,0.6583784,-0.6319778
16.28072,-65.90733,0.08653411,0.09157054,0.6545675,-0.6331626
16.30065,-66.14065,0.077249,0.09532554,0.6507637,-0.6343524
16.32059,-66.31481,0.0698067,0.0990997,0.6469749,-0.6355461
16.34052,-66.43841,0.06391773,0.102881,0.6432077,-0.6367425
16.36046,-66.51876,0.05928255,0.1066589,0.639468,-0.6379407
16.37973,-66.56123,0.05574691,0.1102993,0.6358836,-0.6391
16.399,-66.57407,0.05299608,0.1139212,0.632333,-0.6402595
16.41827,-66.56138,0.05089575,0.1175188,0.6288192,-0.6414188
16.43754,-66.52671,0.04931589,0.121087,0.6253449,-0.6425775
16.45826,-66.46827,0.04807505,0.1248867,0.6216551,-0.6438224
16.47899,-66.39098,0.04723343,0.1286431,0.6180156,-0.6450656
16.49971,-66.29746,0.04672065,0.1323522,0.6144284,-0.6463067
16.52044,-66.18999,0.04646946,0.1360111,0.6108952,-0.6475456
16.54455,-66.04987,0.04643594,0.1402014,0.6068538,-0.6489836
16.56866,-65.89589,0.04663841,0.1443167,0.6028887,-0.6504178
16.59277,-65.73013,0.04703684,0.1483544,0.5990011,-0.6518477
16.61689,-65.55434,0.04759256,0.1523123,0.5951921,-0.6532732
16.64697,-65.32318,0.04846229,0.157136,0.5905512,-0.6550451
16.67706,-65.08099,0.04950373,0.1618305,0.5860347,-0.6568094
16.70714,-64.82969,0.05069303,0.1663944,0.5816434,-0.6585657
16.73722,-64.57089,0.05200681,0.1708262,0.5773775,-0.6603138
16.77812,-64.20947,0.05396244,0.1766376,0.5717802,-0.6626764
16.81901,-63.83928,0.05609932,0.1822034,0.5664143,-0.6650231
16.85991,-63.46244,0.05840233,0.1875245,0.5612784,-0.6673537
16.9008,-63.0808,0.06085619,0.1926013,0.5563712,-0.6696677
16.96007,-62.52197,0.06464539,0.1995287,0.5496613,-0.6729922
17.01935,-61.95965,0.06872261,0.2059526,0.5434202,-0.6762815
17.07862,-61.39668,0.07309378,0.2118812,0.5376389,-0.6795356
17.13789,-60.83488,0.07771899,0.2173211,0.532309,-0.6827544
17.19948,-60.25335,0.0827318,0.2224639,0.5272391,-0.6860618
17.26107,-59.67656,0.08802783,0.2270968,0.5226346,-0.6893315
17.32266,-59.10601,0.09364286,0.2312295,0.518483,-0.6925638
17.38425,-58.54065,0.09949615,0.2348718,0.5147719,-0.6957592
17.4423,-58.01113,0.1051622,0.2378641,0.511666,-0.6987372
17.50035,-57.48649,0.1110717,0.2404352,0.5089307,-0.701683
17.5584,-56.9668,0.1172562,0.2425913,0.5065567,-0.7045967
17.61644,-56.44955,0.1236619,0.2443399,0.5045335,-0.7074785
17.67711,-55.90838,0.1305456,0.2457393,0.5027835,-0.7104567
17.73778,-55.36738,0.1377301,0.2467036,0.5013988,-0.7134003
17.79844,-54.82514,0.1452663,0.2472359,0.5003725,-0.7163091
17.85911,-54.27685,0.1531277,0.2473402,0.4996967,-0.7191831
17.92692,-53.65037,0.1622971,0.2469528,0.499349,-0.7223537
17.99473,-53.00737,0.1720401,0.2460261,0.4994318,-0.7254792
18.06253,-52.34133,0.1824848,0.2445496,0.4999479,-0.728558
18.13034,-51.64008,0.1937129,0.242511,0.5009024,-0.7315884
18.21308,-50.72245,0.2088515,0.2392199,0.5026869,-0.7352162
18.29583,-49.69999,0.2258283,0.234995,0.5051866,-0.7387614
18.37857,-48.51574,0.2452287,0.2297321,0.508478,-0.7422138
18.46131,-47.11146,0.2685051,0.2232367,0.5127084,-0.7455569
18.50399,-46.27348,0.2826615,0.2193168,0.5153254,-0.7472311
18.54666,-45.31951,0.2985179,0.2149558,0.5182818,-0.7488666
18.58934,-44.21543,0.3164657,0.2100903,0.5216295,-0.750458
18.63202,-42.92654,0.3371784,0.2046278,0.525446,-0.7519978
18.67469,-41.41225,0.361535,0.1984513,0.529834,-0.7534764
18.71737,-39.5788,0.3902082,0.1914408,0.5349011,-0.7548835
18.76005,-37.32401,0.4241861,0.183452,0.540805,-0.7562042
18.80273,-34.56258,0.4650091,0.1743089,0.547777,-0.757418
18.83402,-32.16721,0.5001875,0.1667838,0.553728,-0.7582256
18.86531,-29.39438,0.5399813,0.1585657,0.5605126,-0.7589519
18.8966,-26.24177,0.5842065,0.1497216,0.5682421,-0.7595859
18.9279,-22.7906,0.632233,0.1403985,0.5770162,-0.7601165
18.95919,-19.18861,0.682695,0.1308207,0.58689,-0.7605353
18.99048,-15.68411,0.7328274,0.1212697,0.5977859,-0.760842
19.02178,-12.5801,0.7798423,0.1119901,0.6095162,-0.7610448
19.05307,-10.19052,0.8213207,0.1031628,0.621786,-0.761161
19.08694,-8.70422,0.8577736,0.09425735,0.6352214,-0.7612195
19.12081,-8.446092,0.8851498,0.08608669,0.6482917,-0.7612491
19.15469,-9.358672,0.9040098,0.07867518,0.6605436,-0.76129
19.18856,-11.24114,0.9151101,0.07203719,0.6716377,-0.7613781
19.20856,-12.69206,0.9184006,0.06848199,0.6775476,-0.7614651
19.22856,-14.34648,0.9195759,0.06519107,0.6829525,-0.7615831
19.24856,-16.16253,0.9187884,0.06216178,0.687842,-0.7617354
19.26856,-18.09073,0.9160232,0.05939678,0.6922081,-0.7619252
19.28856,-20.08811,0.9112254,0.05689862,0.6960516,-0.7621546
19.30856,-22.13394,0.904457,0.05466337,0.6993883,-0.7624243
19.32856,-24.2063,0.8956875,0.0526894,0.702234,-0.7627351
19.34856,-26.28313,0.8847993,0.05097681,0.7046044,-0.7630873
19.37396,-28.90762,0.8677911,0.04917509,0.7069613,-0.763594
19.39935,-31.49861,0.8469773,0.04778546,0.7086243,-0.7641669
19.42475,-34.04123,0.8220832,0.04680185,0.7096314,-0.7648053
19.45015,-36.54285,0.7930425,0.04621188,0.7100261,-0.7655077
19.47904,-39.37451,0.7553268,0.04599538,0.709791,-0.7663815
19.50793,-42.15276,0.711707,0.04627179,0.7088503,-0.7673362
19.53682,-44.85177,0.6617137,0.04704768,0.7072329,-0.7683725
19.56571,-47.51877,0.6066309,0.04830132,0.7050024,-0.7694866
19.59002,-49.75988,0.5574524,0.04971556,0.7026924,-0.7704819
19.61434,-51.94055,0.505766,0.05147767,0.6999962,-0.7715309
19.63866,-54.03092,0.4524526,0.05359191,0.6969402,-0.7726321
19.66298,-56.00614,0.3989865,0.05605224,0.6935605,-0.7737826
19.68783,-57.87547,0.3459162,0.05891372,0.6898123,-0.7750056
19.71268,-59.55571,0.2957774,0.06211383,0.6858058,-0.7762725
19.73754,-61.0247,0.2498315,0.06562836,0.6815839,-0.7775783
19.76239,-62.2755,0.2091471,0.06942298,0.6771909,-0.7789176
19.78839,-63.35658,0.1728339,0.07364775,0.6724586,-0.7803486
19.81439,-64.22346,0.1428147,0.07808682,0.6676271,-0.7818045
19.84039,-64.90074,0.1187281,0.08269364,0.6627328,-0.7832801
19.86639,-65.41466,0.09984156,0.0874232,0.6578077,-0.7847708
19.88546,-65.70348,0.08875275,0.09094434,0.6541931,-0.7858709
19.90452,-65.92901,0.07967694,0.09449581,0.6505842,-0.7869756
19.92358,-66.09984,0.07233062,0.09806555,0.6469882,-0.7880839
19.94264,-66.22347,0.06641853,0.1016428,0.6434113,-0.7891948
19.9617,-66.30643,0.06167183,0.1052181,0.6398587,-0.7903075
19.98076,-66.35445,0.05791312,0.1087836,0.6363346,-0.7914212
19.99983,-66.37238,0.05497874,0.1123325,0.6328427,-0.7925352
20.01889,-66.36437,0.05270927,0.1158588,0.6293862,-0.7936492
20.03923,-66.33118,0.05086968,0.1195916,0.6257392,-0.7948374
20.05958,-66.2761,0.04953548,0.1232878,0.6221381,-0.7960245
20.07992,-66.20222,0.04861783,0.1269431,0.6185852,-0.79721
20.10026,-66.11215,0.04803185,0.1305536,0.6150824,-0.7983937
20.12334,-65.99316,0.04768276,0.1345912,0.6111714,-0.7997336
20.14642,-65.85886,0.04761676,0.1385637,0.6073287,-0.8010704
20.1695,-65.71152,0.04778469,0.142468,0.6035557,-0.8024036
20.19257,-65.55304,0.04813948,0.1463017,0.5998536,-0.8037329
20.2207,-65.34715,0.04877232,0.1508758,0.5954389,-0.8053476
20.24883,-65.12944,0.0495956,0.1553393,0.5911322,-0.8069558
20.27696,-64.90188,0.05058047,0.1596902,0.5869343,-0.8085573
20.30508,-64.66615,0.05169894,0.1639272,0.582846,-0.8101519
20.34244,-64.34278,0.05335627,0.1693755,0.5775868,-0.8122583
20.37979,-64.00993,0.05519177,0.1746197,0.5725213,-0.8143516
20.41714,-63.66968,0.05718704,0.1796595,0.5676491,-0.8164317
20.45449,-63.32379,0.05932436,0.1844947,0.5629696,-0.8184981
20.50862,-62.8154,0.06264414,0.19114,0.5565279,-0.8214683
20.56276,-62.30154,0.06622221,0.1973609,0.5504837,-0.8244092
20.61689,-61.78492,0.07005148,0.2031628,0.5448307,-0.8273208
20.67102,-61.26761,0.0741094,0.2085502,0.5395633,-0.8302027
20.73585,-60.64887,0.07920952,0.2144638,0.5337536,-0.8336153
20.80068,-60.03413,0.08463637,0.2198017,0.5284738,-0.8369856
20.86551,-59.4256,0.09042931,0.2245755,0.5237098,-0.8403141
20.93034,-58.82257,0.09649491,0.2287961,0.5194473,-0.8436012
20.98954,-58.27543,0.1021945,0.2321765,0.5159806,-0.8465672
21.04874,-57.73375,0.1081539,0.2351116,0.5129097,-0.8494993
21.10795,-57.19788,0.1144062,0.2376086,0.5102244,-0.8523977
21.16715,-56.66528,0.1208874,0.2396759,0.5079131,-0.8552627
21.2272,-56.12546,0.127641,0.2413412,0.5059401,-0.8581345
21.28724,-55.58698,0.1346836,0.2425757,0.5043331,-0.8609723
21.34728,-55.04872,0.1420602,0.2433831,0.5030845,-0.863776
21.40733,-54.5063,0.1497403,0.2437685,0.5021856,-0.8665455
21.47436,-53.89004,0.1586628,0.2437041,0.501587,-0.8695966
21.54139,-53.26089,0.1681061,0.2431131,0.5014137,-0.872604
21.60841,-52.6134,0.1781796,0.2419888,0.5016657,-0.8755665
21.67544,-51.9371,0.188944,0.2403229,0.5023446,-0.8784826
21.75779,-51.05508,0.2034324,0.2375034,0.5037813,-0.881998
21.84013,-50.08559,0.2195203,0.2337927,0.5059069,-0.8854348
21.92248,-48.98201,0.2376683,0.22911,0.5087799,-0.8887847
22.00482,-47.70003,0.2590706,0.223302,0.5125155,-0.8920342
22.04913,-46.91431,0.2724832,0.2196379,0.5149391,-0.8937345
22.09343,-46.02769,0.2874076,0.2155516,0.5176886,-0.8953971
22.13773,-45.01041,0.3041835,0.2109877,0.5208093,-0.8970174
22.18203,-43.83328,0.3234199,0.2058635,0.5243694,-0.8985885
22.22633,-42.46157,0.3459172,0.2000732,0.5284602,-0.9001018
22.27064,-40.813,0.372251,0.193511,0.5331743,-0.9015479
22.31494,-38.79499,0.4033466,0.1860384,0.5386521,-0.9029136
22.35924,-36.3249,0.4407313,0.1774705,0.5451037,-0.9041799
22.39209,-34.14849,0.4734917,0.1703016,0.5506689,-0.905041
22.42495,-31.60101,0.5109163,0.1623987,0.5570231,-0.9058241
22.4578,-28.65334,0.5531308,0.15378,0.5642898,-0.9065175
22.49066,-25.34613,0.59996,0.1445381,0.5725979,-0.9071081
22.52351,-21.778,0.6505661,0.1348527,0.5820472,-0.9075845
22.55636,-18.14663,0.7024764,0.1250184,0.5926276,-0.9079415
22.58922,-14.74241,0.7528324,0.1153205,0.6042124,-0.9081824
22.62207,-11.92077,0.7987672,0.1059973,0.6165463,-0.9083204
22.65738,-9.925397,0.8401953,0.0966009,0.6302006,-0.908381
22.69269,-9.178491,0.8721729,0.08795474,0.6436898,-0.9083938
22.72799,-9.690342,0.8947006,0.08011226,0.6564854,-0.9084034
22.7633,-11.30451,0.9085562,0.07309236,0.6681774,-0.9084504
22.78318,-12.5931,0.9129921,0.06950012,0.6741598,-0.9085072
22.80307,-14.10222,0.9152529,0.06616556,0.6796678,-0.9085918
22.82295,-15.79082,0.9155039,0.06308631,0.6846854,-0.9087079
22.84283,-17.61006,0.9137575,0.06026479,0.6891994,-0.9088588
22.86272,-19.5161,0.9099841,0.05770339,0.6932063,-0.9090472
22.8826,-21.48624,0.9042623,0.05539846,0.6967175,-0.9092741
22.90249,-23.49684,0.8965822,0.05334848,0.6997457,-0.9095403
22.92237,-25.52341,0.8868396,0.05155402,0.7023037,-0.9098467
22.94699,-28.03166,0.871786,0.04968381,0.7048459,-0.9102818
22.97162,-30.5196,0.8532562,0.04819805,0.7067293,-0.9107784
22.99624,-32.97167,0.8310344,0.04709127,0.7079883,-0.911336
23.02087,-35.38792,0.8050139,0.04635381,0.7086607,-0.9119535
23.04522,-37.75463,0.775584,0.0459751,0.7087874,-0.9126214
23.06957,-40.08628,0.7421356,0.04594401,0.7084004,-0.9133465
23.09393,-42.37613,0.7044811,0.04625924,0.7075217,-0.9141285
23.11828,-44.64277,0.6629751,0.04691136,0.7061841,-0.914966
23.14263,-46.90116,0.6181401,0.04789259,0.7044186,-0.9158574
23.16698,-49.12268,0.5699954,0.04921386,0.7022383,-0.9168032
23.19134,-51.28521,0.5190399,0.05088091,0.6996648,-0.9178029
23.21569,-53.3741,0.4664276,0.05289054,0.6967305,-0.9188542
23.24061,-55.41124,0.4123472,0.05529651,0.6933904,-0.9199806
23.26552,-57.30097,0.3592496,0.05805575,0.6897414,-0.9211556
23.29044,-59.00956,0.3085568,0.06115555,0.6858233,-0.9223755
23.31536,-60.51549,0.2617709,0.06457125,0.6816807,-0.9236352
23.3414,-61.86101,0.2183598,0.06844356,0.6771595,-0.9249886
23.36745,-62.97517,0.181061,0.07258296,0.6724885,-0.9263737
23.3935,-63.87246,0.1499971,0.07694348,0.6677104,-0.9277846
23.41954,-64.57573,0.1248636,0.08147735,0.6628639,-0.9292161
23.43655,-64.94365,0.1113347,0.08450825,0.6596792,-0.9301592
23.45355,-65.24823,0.09982915,0.08758209,0.6564869,-0.9311079
23.47055,-65.49656,0.09013146,0.09068845,0.6532936,-0.9320612
23.48756,-65.69521,0.08200981,0.09381776,0.6501052,-0.933018
23.50456,-65.85018,0.07523674,0.09696138,0.6469269,-0.9339777
23.52156,-65.96687,0.06963533,0.1001118,0.643763,-0.9349396
23.53857,-66.05005,0.06504033,0.1032625,0.6406172,-0.9359029
23.55557,-66.10388,0.06129054,0.1064074,0.6374929,-0.9368673
23.5758,-66.13473,0.05773186,0.1101336,0.6338082,-0.9380151
23.59602,-66.13449,0.05499888,0.1138369,0.6301619,-0.939163
23.61625,-66.10766,0.05294788,0.1175111,0.6265573,-0.9403103
23.63648,-66.05802,0.05143945,0.1211506,0.6229972,-0.9414566
23.65788,-65.98419,0.05030727,0.1249598,0.6192804,-0.9426684
23.67929,-65.89159,0.04957676,0.1287207,0.6156185,-0.943878
23.7007,-65.78292,0.04917726,0.1324295,0.6120133,-0.9450853
23.72211,-65.66047,0.04904171,0.136083,0.6084664,-0.9462898
23.74731,-65.50123,0.04914875,0.1403099,0.6043675,-0.9477039
23.77251,-65.32813,0.04950057,0.1444533,0.6003529,-0.9491135
23.79771,-65.14333,0.05005607,0.1485107,0.5964239,-0.9505182
23.82291,-64.94866,0.05077588,0.1524799,0.5925816,-0.9519178
23.85471,-64.69128,0.05187305,0.1573598,0.5878582,-0.9536761
23.88651,-64.42306,0.05315561,0.1620946,0.5832749,-0.9554255
23.91831,-64.14601,0.05459862,0.1666827,0.578832,-0.9571656
23.95011,-63.86185,0.05617813,0.1711232,0.5745299,-0.9588963
23.99408,-63.45985,0.05855549,0.1770185,0.5688132,-0.9612733
24.03805,-63.04982,0.06114118,0.1826309,0.5633641,-0.9636313
24.08202,-62.63409,0.06391868,0.1879618,0.5581803,-0.9659702
24.12599,-62.21463,0.06687187,0.1930126,0.5532598,-0.9682897
24.19018,-61.59845,0.0714531,0.1998872,0.5465435,-0.971641
24.25437,-60.98157,0.07637825,0.2061787,0.5403714,-0.9749505
24.31857,-60.36711,0.08166103,0.2118978,0.5347305,-0.9782186
24.38276,-59.75628,0.08724168,0.2170539,0.5296089,-0.9814452
24.44565,-59.16145,0.09292371,0.2215688,0.5250828,-0.9845664
24.50854,-58.57283,0.0989071,0.2255627,0.5210295,-0.9876484
24.57143,-57.99156,0.1052312,0.2290453,0.5174358,-0.9906917
24.63432,-57.41542,0.1118099,0.2320273,0.5142878,-0.9936966
24.69429,-56.86832,0.1182505,0.2344133,0.5116887,-0.9965264
24.75425,-56.32508,0.1249683,0.2363583,0.5094733,-0.9993218
24.81421,-55.78521,0.1320019,0.2378678,0.5076319,-1.002083
24.87418,-55.24499,0.1393033,0.2389492,0.5061543,-1.00481
24.93836,-54.66174,0.1473825,0.2396386,0.5049652,-1.007691
25.00254,-54.07324,0.1558654,0.2398438,0.5041767,-1.010533
25.06672,-53.47638,0.1648258,0.2395644,0.5037842,-1.013335
25.1309,-52.86386,0.1742735,0.2388002,0.5037829,-1.016096
25.20677,-52.11041,0.1861842,0.2372632,0.5042865,-1.019306
25.28264,-51.31358,0.1990972,0.2350204,0.5053467,-1.022456
25.35851,-50.45371,0.2132542,0.2320382,0.5069843,-1.02554
25.43438,-49.50776,0.2290924,0.2282613,0.5092381,-1.028553
25.48611,-48.79875,0.2411748,0.2251887,0.511159,-1.030563
25.53785,-48.0168,0.254472,0.2216786,0.5134178,-1.032534
25.58959,-47.13873,0.2692511,0.2176865,0.5160497,-1.034462
25.64133,-46.14139,0.2860093,0.2131447,0.5191088,-1.03634
25.69306,-44.99893,0.3054661,0.2079593,0.522672,-1.038161
25.7448,-43.64094,0.3280381,0.2020426,0.5268127,-1.039917
25.79654,-41.98276,0.3545668,0.1952595,0.5316518,-1.041595
25.84827,-39.94684,0.3867292,0.1873961,0.5373874,-1.043178
25.88392,-38.27286,0.4132175,0.1812187,0.5419937,-1.044201
25.91957,-36.29265,0.4437434,0.174338,0.5472371,-1.045158
25.95521,-33.94408,0.478877,0.1666875,0.5532381,-1.046038
25.99086,-31.19631,0.5193105,0.1582198,0.5601518,-1.046828
26.0265,-28.04832,0.5654727,0.1489445,0.5681408,-1.047512
26.06215,-24.50749,0.6164971,0.1390282,0.5773366,-1.048075
26.09779,-20.71522,0.6705864,0.1287265,0.5877976,-1.048508
26.13344,-16.99451,0.7250924,0.1183654,0.59948,-1.048806
26.16762,-13.88421,0.7744053,0.1087028,0.6116522,-1.048973
26.20179,-11.56123,0.8175542,0.09953235,0.6243694,-1.049046
26.23597,-10.27433,0.8525729,0.09100187,0.6371763,-1.049058
26.27015,-10.13297,0.8788203,0.08318666,0.6496183,-1.049046
26.29025,-10.56779,0.8903004,0.07893299,0.6565876,-1.049042
26.31036,-11.34418,0.8990708,0.07493793,0.6632071,-1.049051
26.33047,-12.42433,0.9053522,0.07120084,0.6694235,-1.049079
26.35058,-13.75682,0.9092704,0.06772375,0.6751917,-1.049131
26.37069,-15.28718,0.910913,0.06450883,0.6804788,-1.049212
26.3908,-16.98113,0.9104746,0.06155207,0.685274,-1.049325
26.41091,-18.80293,0.9080591,0.05885162,0.6895729,-1.049473
26.43102,-20.71087,0.9036229,0.05641004,0.6933726,-1.049659
26.45239,-22.79317,0.8966115,0.05410154,0.6968682,-1.0499
26.47375,-24.91183,0.8872615,0.05208357,0.6998243,-1.050185
26.49512,-27.04593,0.8755133,0.05035373,0.7022602,-1.050516
26.51649,-29.17585,0.861229,0.04891058,0.7041955,-1.050892
26.54538,-32.04183,0.8378634,0.04740442,0.7060619,-1.051471
26.57427,-34.85937,0.809278,0.04640626,0.7071065,-1.052133
26.60316,-37.6056,0.7749853,0.04591057,0.7073729,-1.052877
26.63205,-40.31378,0.7352899,0.04589466,0.7069249,-1.053699
26.65882,-42.82415,0.6941966,0.04628767,0.7059256,-1.054529
26.68558,-45.29765,0.6483895,0.04708599,0.704377,-1.055425
26.71235,-47.71429,0.5979138,0.04829625,0.7023031,-1.056388
26.73912,-50.08437,0.5439293,0.04990915,0.6997475,-1.057415
26.76359,-52.2072,0.4927192,0.05173038,0.697026,-1.058408
26.78806,-54.23845,0.4403858,0.05389375,0.6939567,-1.059451
26.81253,-56.14435,0.3880915,0.05639771,0.6905713,-1.060543
26.837,-57.89734,0.3373766,0.05922996,0.6869086,-1.061679
26.86282,-59.55306,0.2873165,0.06255259,0.6827902,-1.062921
26.88863,-60.98766,0.2419285,0.06619236,0.6784553,-1.064203
26.91445,-62.19487,0.2020604,0.07011253,0.6739501,-1.065519
26.94026,-63.18346,0.1681946,0.07426928,0.6693191,-1.066862
26.96756,-64.01253,0.1387967,0.07886883,0.6643314,-1.068307
26.99485,-64.64795,0.1154255,0.08362895,0.659287,-1.069771
27.02215,-65.11967,0.09740409,0.08850314,0.6542185,-1.071251
27.04944,-65.45432,0.08374879,0.09344873,0.649154,-1.07274
27.07144,-65.64125,0.07520825,0.09746144,0.6450906,-1.073946
27.09344,-65.7673,0.06852879,0.101481,0.6410533,-1.075156
27.11544,-65.84206,0.06339482,0.105494,0.6370498,-1.076367
27.13744,-65.87349,0.05947856,0.1094891,0.6330865,-1.077579
27.15758,-65.87002,0.05672281,0.1131226,0.6294977,-1.078689
27.17773,-65.84033,0.05463781,0.1167269,0.6259503,-1.079798
27.19787,-65.78812,0.05310794,0.1202967,0.622447,-1.080906
27.21801,-65.71655,0.05202303,0.1238275,0.6189903,-1.082012
27.24057,-65.61669,0.05122536,0.1277313,0.6151763,-1.08325
27.26314,-65.49902,0.05079839,0.1315773,0.6114253,-1.084484
27.2857,-65.36619,0.05067679,0.1353619,0.6077393,-1.085716
27.30826,-65.22042,0.05079861,0.139082,0.6041197,-1.086944
27.3351,-65.03278,0.0511939,0.1434197,0.5999028,-1.0884
27.36193,-64.83205,0.05182153,0.1476597,0.5957831,-1.08985
27.38877,-64.6204,0.05264382,0.1517997,0.5917618,-1.091294
27.4156,-64.39963,0.05362486,0.1558379,0.5878399,-1.092733
27.45037,-64.10252,0.05508873,0.1609152,0.582908,-1.094586
27.48513,-63.79521,0.05674621,0.1658175,0.5781444,-1.096428
27.5199,-63.47984,0.05857343,0.1705437,0.5735489,-1.098259
27.55466,-63.1582,0.060548,0.1750933,0.5691216,-1.100078
27.60419,-62.69205,0.06358379,0.1812692,0.563104,-1.102649
27.65371,-62.21941,0.06686563,0.1870887,0.5574233,-1.105196
27.70324,-61.74287,0.07037755,0.192555,0.5520753,-1.107717
27.75276,-61.26453,0.07410217,0.197671,0.5470561,-1.110214
27.82186,-60.59655,0.07958894,0.2042294,0.5405949,-1.113656
27.89095,-59.93212,0.08546985,0.2101263,0.5347485,-1.117049
27.96004,-59.27441,0.09178072,0.2153758,0.5294994,-1.120394
28.02913,-58.62278,0.09842014,0.2199907,0.5248309,-1.123692
28.09168,-58.03659,0.1046253,0.2236321,0.5210907,-1.126637
28.15423,-57.45678,0.111134,0.2267725,0.5177995,-1.129543
28.21678,-56.88386,0.1179875,0.2294204,0.514945,-1.132412
28.27933,-56.31448,0.1251038,0.2315858,0.5125133,-1.135243
28.34058,-55.75677,0.1322661,0.2332475,0.5105296,-1.137978
28.40182,-55.20017,0.1397442,0.2344587,0.5089311,-1.140678
28.46307,-54.64333,0.1475853,0.2352232,0.5077096,-1.143343
28.52431,-54.08132,0.1557607,0.2355464,0.5068563,-1.145971
28.59316,-53.43717,0.1653577,0.235386,0.5063283,-1.148882
28.66201,-52.7772,0.1755364,0.2346663,0.5062552,-1.151747
28.73085,-52.09436,0.1864113,0.233379,0.506638,-1.154563
28.7997,-51.37739,0.1980917,0.2315126,0.507481,-1.157329
28.86158,-50.69464,0.2094535,0.2293223,0.5086427,-1.15977
28.92346,-49.96198,0.221779,0.2266244,0.5102018,-1.162167
28.98534,-49.1612,0.2352657,0.223387,0.5121818,-1.164514
29.04723,-48.27509,0.250326,0.2195581,0.5146225,-1.166808
29.10911,-47.29005,0.2676575,0.2150555,0.5175882,-1.169042
29.17099,-46.14,0.2873969,0.2098199,0.5211278,-1.171208
29.23287,-44.74833,0.3101656,0.2037383,0.5253374,-1.173297
29.29475,-43.06324,0.3377714,0.1965915,0.5304019,-1.175291
29.33344,-41.82632,0.3584702,0.1914604,0.5341099,-1.176478
29.37212,-40.37451,0.3820963,0.1857519,0.5383017,-1.177613
29.41081,-38.65017,0.4092286,0.1793833,0.5430672,-1.178687
29.44949,-36.60924,0.4408293,0.172245,0.5485375,-1.179688
29.48818,-34.21414,0.4779113,0.1642358,0.5548691,-1.180602
29.52687,-31.35744,0.5208619,0.1553124,0.5622187,-1.181414
29.56555,-28.00808,0.5696435,0.1455214,0.5707512,-1.182107
29.60424,-24.27847,0.6237527,0.1350289,0.5806345,-1.182663
29.64057,-20.61329,0.6778721,0.1248081,0.591234,-1.183049
29.67689,-17.09356,0.7315104,0.1146031,0.6029926,-1.183303
29.71322,-14.09667,0.7811469,0.1047309,0.615648,-1.183437
29.74955,-11.9997,0.8238195,0.09542561,0.6287936,-1.183479
29.77304,-11.26566,0.8466173,0.08978688,0.6373026,-1.183473
29.79652,-11.04549,0.8654591,0.08447075,0.6456438,-1.183456
29.82,-11.33311,0.8804227,0.07948902,0.6536851,-1.18344
29.84349,-12.08435,0.8916466,0.07485013,0.6613077,-1.183436
29.86697,-13.22729,0.899298,0.07056048,0.6684096,-1.183455
29.89046,-14.71299,0.9037947,0.06661418,0.6749338,-1.183505
29.91394,-16.48409,0.905445,0.06300732,0.6808415,-1.183593
29.93743,-18.45774,0.9042205,0.05974737,0.6860974,-1.183724
29.95788,-20.2834,0.9007502,0.05719538,0.6901313,-1.183878
29.97834,-22.18848,0.8951928,0.05490519,0.6936693,-1.18407
29.9988,-24.14748,0.8875486,0.05287529,0.6967211,-1.184302
30.01926,-26.13322,0.8777128,0.05110647,0.6992971,-1.184574
30.04407,-28.5516,0.8627166,0.04930949,0.7018056,-1.184958
30.06889,-30.96132,0.8442187,0.04788928,0.7036694,-1.185402
30.0937,-33.34543,0.8220275,0.04684055,0.7049196,-1.185906
30.11851,-35.70152,0.796052,0.04615424,0.7055916,-1.186469
30.14308,-38.01616,0.7666599,0.04581993,0.7057239,-1.187082
30.16765,-40.30007,0.7333038,0.04582812,0.7053466,-1.187752
30.19221,-42.5454,0.6958281,0.04617775,0.7044813,-1.188478
30.21678,-44.76814,0.6546027,0.0468599,0.7031601,-1.189259
30.24135,-46.98078,0.6101632,0.04786714,0.7014137,-1.190094
30.26591,-49.15474,0.5625731,0.04920966,0.6992558,-1.190982
30.29048,-51.26758,0.5123551,0.05089237,0.6967087,-1.191923
30.31504,-53.30411,0.4606546,0.0529114,0.6938048,-1.192915
30.34037,-55.30001,0.4072542,0.0553394,0.6904739,-1.193988
30.3657,-57.14572,0.3549815,0.05811666,0.6868347,-1.19511
30.39103,-58.80891,0.3052216,0.06122889,0.6829281,-1.196276
30.41636,-60.26966,0.2594212,0.06465002,0.6787994,-1.197482
30.44281,-61.56854,0.217072,0.06851434,0.6743017,-1.198777
30.46925,-62.63986,0.1807399,0.0726356,0.6696582,-1.200102
30.4957,-63.49865,0.1505049,0.0769678,0.6649114,-1.201453
30.52214,-64.16772,0.1260455,0.08146355,0.6601002,-1.202824
30.53962,-64.51921,0.1127297,0.08450102,0.6569025,-1.203738
30.55709,-64.80742,0.1014241,0.08757855,0.6536987,-1.204657
30.57456,-65.03955,0.09191161,0.09068558,0.6504957,-1.205581
30.59203,-65.2222,0.08396066,0.09381243,0.6472995,-1.206508
30.6095,-65.36141,0.07734496,0.09695039,0.6441156,-1.207438
30.62698,-65.46264,0.07188828,0.100092,0.6409482,-1.20837
30.64445,-65.53064,0.0674266,0.1032305,0.6378012,-1.209303
30.66192,-65.5696,0.0638008,0.10636,0.6346781,-1.210237
30.68297,-65.58312,0.06034267,0.1101103,0.6309519,-1.211363
30.70401,-65.56528,0.05772089,0.1138324,0.6272687,-1.212488
30.72506,-65.5207,0.05578905,0.11752,0.6236319,-1.213612
30.7461,-65.4533,0.0544058,0.1211673,0.6200446,-1.214735
30.76852,-65.3601,0.05340666,0.1250023,0.6162815,-1.215928
30.79093,-65.24808,0.05281865,0.128782,0.6125798,-1.217119
30.81334,-65.12003,0.0525695,0.1325026,0.6089413,-1.218307
30.83576,-64.97832,0.0525911,0.136161,0.6053679,-1.219492
30.86241,-64.79476,0.0528954,0.1404264,0.6012054,-1.220896
30.88906,-64.59741,0.05345709,0.1445969,0.5971384,-1.222295
30.91571,-64.38855,0.05423355,0.1486699,0.5931681,-1.223688
30.94235,-64.1701,0.05518447,0.1526434,0.5892955,-1.225074
30.97652,-63.87855,0.05661116,0.1575894,0.5844748,-1.226843
31.01069,-63.5765,0.05824357,0.1623674,0.5798165,-1.228601
31.04485,-63.26616,0.06005493,0.1669761,0.5753209,-1.230348
31.07902,-62.94936,0.06202037,0.1714149,0.5709878,-1.232083
31.12741,-62.49246,0.06503415,0.177411,0.5651276,-1.234522
31.17581,-62.0289,0.06829756,0.1830673,0.5595901,-1.236937
31.22421,-61.56125,0.07179145,0.1883866,0.5543714,-1.239328
31.27261,-61.09166,0.07549816,0.1933713,0.5494681,-1.241696
31.3436,-60.40182,0.0812539,0.2000846,0.5428374,-1.245126
31.4146,-59.71572,0.08743588,0.206099,0.5368585,-1.248505
31.4856,-59.03691,0.09407484,0.2114299,0.5315123,-1.251833
31.5566,-58.36459,0.1010701,0.2160912,0.5267806,-1.25511
31.6214,-57.7547,0.1076727,0.219773,0.5229821,-1.258059
31.68621,-57.1517,0.1146081,0.2229176,0.5196659,-1.260966
31.75102,-56.55618,0.121924,0.2255345,0.5168182,-1.263832
31.81582,-55.96394,0.1295271,0.2276349,0.5144236,-1.266658
31.87832,-55.39167,0.1370685,0.2291806,0.5125302,-1.269345
31.94081,-54.81976,0.1449531,0.230258,0.5110371,-1.271995
32.0033,-54.24654,0.1532332,0.2308708,0.5099363,-1.274607
32.0658,-53.66639,0.1618835,0.2310239,0.5092189,-1.277182
32.13642,-52.99581,0.1721353,0.2306455,0.5088623,-1.280045
32.20704,-52.30495,0.1830429,0.2296758,0.5089868,-1.282859
32.27766,-51.58462,0.1947315,0.2281039,0.5095956,-1.28562
32.34828,-50.82248,0.2073745,0.2259123,0.510698,-1.288328
32.40006,-50.22923,0.2174003,0.2238956,0.5118305,-1.290276
32.45183,-49.59706,0.2281714,0.2215155,0.5132491,-1.292192
32.5036,-48.91473,0.2398207,0.2187518,0.5149693,-1.294073
32.55538,-48.17133,0.2525887,0.2155736,0.5170151,-1.295916
32.60715,-47.35459,0.2668092,0.211939,0.51942,-1.297718
32.65893,-46.43561,0.2826761,0.2078082,0.5222171,-1.299474
32.7107,-45.38006,0.3005667,0.2031203,0.5254579,-1.301178
32.76247,-44.15532,0.3212119,0.1977805,0.5292232,-1.302823
32.80679,-42.94218,0.3417945,0.1925997,0.5329447,-1.304175
32.85111,-41.51297,0.3654977,0.1867768,0.5371995,-1.305469
32.89542,-39.80077,0.3930168,0.1802106,0.5420921,-1.306693
32.93974,-37.74766,0.4255237,0.172762,0.5477772,-1.307834
32.98406,-35.31205,0.4644112,0.1642892,0.5544512,-1.308874
33.02837,-32.32831,0.5102558,0.1547042,0.5623123,-1.309792
33.07269,-28.7304,0.5631121,0.1440368,0.5715783,-1.310567
33.11701,-24.68056,0.6227001,0.1324735,0.5824965,-1.311174
33.15403,-21.16149,0.6761566,0.1224092,0.5929947,-1.311536
33.19104,-17.79093,0.7290193,0.1123608,0.6046057,-1.31177
33.22806,-14.92755,0.7778346,0.1026397,0.6170635,-1.311889
33.26508,-12.94952,0.8198153,0.0934765,0.6299764,-1.311916
33.28849,-12.29271,0.841841,0.08804168,0.6381458,-1.311904
33.31191,-12.11434,0.8601085,0.08291503,0.6461481,-1.311882
33.33532,-12.41042,0.8746718,0.07810887,0.653862,-1.311861
33.35874,-13.1411,0.8856312,0.0736325,0.6611764,-1.311852
33.38215,-14.24135,0.8931145,0.0694931,0.6679959,-1.311865
33.40557,-15.66761,0.8974931,0.06568621,0.6742662,-1.311908
33.42898,-17.36743,0.8990392,0.06220903,0.6799492,-1.311987
33.4524,-19.26433,0.8977215,0.0590688,0.6850102,-1.312107
33.47334,-21.07036,0.894056,0.05655111,0.688995,-1.312255
33.49427,-22.95968,0.8881872,0.05430179,0.6924788,-1.312441
33.51521,-24.90637,0.880116,0.05231924,0.6954706,-1.312667
33.53615,-26.88256,0.8697334,0.05060418,0.6979804,-1.312934
33.56153,-29.29117,0.8539315,0.04888166,0.7003987,-1.313314
33.58691,-31.69415,0.8344546,0.04754405,0.7021634,-1.313754
33.61229,-34.07368,0.8111065,0.04658591,0.7033055,-1.314255
33.63767,-36.42834,0.7838236,0.04599757,0.7038609,-1.314817
33.66247,-38.71493,0.7534516,0.0457679,0.7038731,-1.315422
33.68726,-40.97355,0.7191118,0.04587936,0.7033808,-1.316083
33.71206,-43.19534,0.6806817,0.04633158,0.7024049,-1.3168
33.73685,-45.39439,0.6385847,0.04711618,0.7009773,-1.317573
33.76165,-47.58053,0.5934146,0.04822632,0.6991286,-1.318398
33.78644,-49.72314,0.5453149,0.04967217,0.6968735,-1.319278
33.81124,-51.79782,0.4948939,0.05145806,0.6942357,-1.320209
33.83603,-53.78673,0.4433621,0.05357917,0.6912486,-1.321191
33.86166,-55.72631,0.3904566,0.05611589,0.6878329,-1.322256
33.88729,-57.50513,0.3391589,0.05899733,0.6841191,-1.323368
33.91291,-59.09352,0.2908173,0.06220587,0.6801497,-1.324523
33.93854,-60.47515,0.2467736,0.06571245,0.6759707,-1.325717
33.96525,-61.68987,0.2065014,0.06964566,0.6714407,-1.326994
33.99197,-62.68201,0.1722618,0.07381865,0.6667783,-1.328302
34.01868,-63.46934,0.1440033,0.07818503,0.6620252,-1.329632
34.0454,-64.07567,0.1212986,0.08269804,0.6572186,-1.330981
34.06436,-64.41124,0.1081547,0.0859649,0.653793,-1.331946
34.08331,-64.67858,0.09717452,0.08926978,0.6503653,-1.332918
34.10227,-64.88621,0.08809717,0.09260037,0.6469434,-1.333893
34.12123,-65.04176,0.08064638,0.09594548,0.6435345,-1.334872
34.14019,-65.15212,0.07455863,0.09929524,0.6401444,-1.335853
34.15915,-65.2234,0.06964025,0.1026413,0.6367781,-1.336835
34.1781,-65.26086,0.06571264,0.1059762,0.6334397,-1.337819
34.19706,-65.26906,0.06260302,0.1092937,0.6301331,-1.338802
34.21865,-65.24775,0.05986721,0.1130433,0.62641,-1.339922
34.24024,-65.1985,0.05785151,0.1167563,0.6227357,-1.341041
34.26183,-65.12549,0.05642916,0.1204268,0.6191136,-1.342158
34.28342,-65.03222,0.05547913,0.12405,0.6155462,-1.343273
34.30713,-64.90996,0.05486408,0.1279688,0.6116949,-1.344495
34.33084,-64.77007,0.05462604,0.1318215,0.6079146,-1.345713
34.35454,-64.61528,0.05469903,0.1356043,0.6042071,-1.346928
34.37825,-64.44787,0.05502108,0.1393144,0.6005741,-1.348138
34.40695,-64.23107,0.05567573,0.1437048,0.5962777,-1.349597
34.43564,-64.00135,0.05657857,0.1479823,0.5920936,-1.35105
34.46434,-63.761,0.05769016,0.1521444,0.588023,-1.352495
34.49304,-63.51195,0.05897348,0.1561895,0.5840666,-1.353933
34.53092,-63.17249,0.06088546,0.1613484,0.5790191,-1.35582
34.56881,-62.8235,0.06301808,0.1662997,0.5741718,-1.357692
34.6067,-62.46731,0.06534509,0.1710431,0.569524,-1.359551
34.64458,-62.10588,0.06784316,0.1755783,0.5650751,-1.361395
34.70049,-61.56624,0.07180534,0.1818909,0.5588716,-1.36409
34.75639,-61.02245,0.07607621,0.187756,0.5530927,-1.366754
34.81229,-60.47745,0.08063654,0.1931795,0.5477306,-1.369385
34.8682,-59.93338,0.08546512,0.1981665,0.5427787,-1.371985
34.94337,-59.20426,0.09228903,0.204194,0.5367531,-1.37543
35.01854,-58.48359,0.09958384,0.2094602,0.5314321,-1.378818
35.09371,-57.7747,0.1074111,0.2139829,0.5267919,-1.38215
35.16888,-57.07308,0.1156166,0.21778,0.5228087,-1.385426
35.2341,-56.46578,0.1229332,0.2204999,0.5198668,-1.388224
35.29932,-55.86382,0.1306098,0.2226926,0.5173901,-1.390981
35.36454,-55.26695,0.1387036,0.2243654,0.5153661,-1.393697
35.42976,-54.66914,0.1471253,0.2255287,0.5137805,-1.396372
35.4939,-54.07455,0.1556864,0.2261835,0.5126367,-1.398963
35.55804,-53.47384,0.1646809,0.2263519,0.5119006,-1.401514
35.62218,-52.86342,0.1741783,0.2260337,0.5115676,-1.404025
35.68632,-52.23584,0.1842036,0.2252282,0.5116337,-1.406494
35.76728,-51.41462,0.1978892,0.223499,0.512294,-1.409549
35.84823,-50.53398,0.2127299,0.2209633,0.5136014,-1.412533
35.92918,-49.56044,0.2289163,0.2175845,0.5155807,-1.415441
36.01013,-48.4789,0.2473944,0.2132706,0.5183016,-1.418264
36.05572,-47.81335,0.2592391,0.2103837,0.5201963,-1.419812
36.10131,-47.08114,0.2721126,0.2071478,0.5223688,-1.421327
36.1469,-46.26384,0.2862066,0.2035319,0.5248455,-1.422807
36.19249,-45.34841,0.3019472,0.1994855,0.5276689,-1.424247
36.23808,-44.31807,0.3198521,0.1949459,0.5308935,-1.425642
36.28367,-43.12565,0.3401851,0.1898588,0.5345692,-1.426985
36.32926,-41.72088,0.3634838,0.1841443,0.5387733,-1.42827
36.37485,-40.05926,0.3907077,0.1776855,0.5436224,-1.429484
36.42356,-37.9671,0.4255768,0.1698097,0.5496941,-1.430687
36.47227,-35.36148,0.4671058,0.1607905,0.5568622,-1.431775
36.52098,-32.11584,0.5159673,0.1505523,0.5653641,-1.432725
36.56969,-28.30047,0.5733394,0.139099,0.5755379,-1.433504
36.60088,-25.63011,0.6145003,0.1312126,0.5830752,-1.433898
36.63208,-22.83926,0.657477,0.1230888,0.5914128,-1.434206
36.66327,-20.0698,0.7007711,0.1148992,0.6005135,-1.434428
36.69447,-17.53063,0.7426863,0.1068182,0.6102802,-1.434567
36.72567,-15.44199,0.7812404,0.09901449,0.6205345,-1.434632
36.75686,-13.99236,0.8148223,0.09160966,0.6310094,-1.434642
36.78806,-13.31108,0.8424899,0.08468667,0.6414219,-1.434619
36.81926,-13.41794,0.863764,0.0782983,0.6514788,-1.434585
36.84024,-13.90334,0.8744716,0.07431622,0.657903,-1.434571
36.86123,-14.69977,0.8824973,0.07059053,0.6639839,-1.43457
36.88221,-15.77481,0.8880078,0.06712242,0.6696721,-1.434588
36.90319,-17.08047,0.8910646,0.06391609,0.6749244,-1.434631
36.92418,-18.56626,0.8917005,0.06097536,0.6797091,-1.434704
36.94516,-20.20304,0.8900808,0.05829706,0.6840164,-1.434809
36.96615,-21.95855,0.8862804,0.05588002,0.6878418,-1.43495
36.98713,-23.79439,0.8802309,0.05372694,0.6911821,-1.435129
37.0103,-25.87631,0.8708387,0.05165824,0.694312,-1.435372
37.03347,-27.99555,0.8586071,0.0499084,0.6968755,-1.435663
37.05663,-30.13085,0.8434577,0.04847405,0.6988924,-1.436004
37.0798,-32.26445,0.8252584,0.04735184,0.7003841,-1.436394
37.10585,-34.65592,0.8011274,0.04645399,0.7014668,-1.43689
37.1319,-37.02247,0.7728201,0.04593753,0.7019467,-1.437449
37.15794,-39.35092,0.7401006,0.04579894,0.7018507,-1.43807
37.18399,-41.65738,0.7032123,0.04602586,0.7012168,-1.438751
37.21004,-43.96076,0.6625837,0.046606,0.7000827,-1.439491
37.23609,-46.23303,0.6179941,0.04754861,0.6984624,-1.44029
37.26214,-48.45492,0.5696718,0.04885862,0.6963783,-1.441148
37.28818,-50.62453,0.5186455,0.05052977,0.693867,-1.442064
37.31366,-52.68424,0.4673494,0.05250795,0.6910335,-1.443012
37.33913,-54.63635,0.4155244,0.05483196,0.6878526,-1.444012
37.36461,-56.44646,0.3644052,0.05749607,0.6843601,-1.445059
37.39008,-58.08849,0.3155314,0.06048306,0.6805984,-1.44615
37.41673,-59.60307,0.2684197,0.06392598,0.6764249,-1.447333
37.44337,-60.89534,0.2263236,0.06766271,0.6720535,-1.448553
37.47002,-61.96562,0.189849,0.07165285,0.6675308,-1.449804
37.49666,-62.82729,0.1592345,0.07585075,0.6629006,-1.451081
37.51922,-63.4103,0.1377264,0.07953196,0.6589263,-1.452177
37.54177,-63.87442,0.1198906,0.0833026,0.6549227,-1.453285
37.56433,-64.23485,0.1053492,0.08713877,0.6509068,-1.454403
37.58689,-64.50566,0.09363746,0.09101848,0.6468937,-1.455527
37.60945,-64.7001,0.08426584,0.09492208,0.6428959,-1.456656
37.632,-64.83005,0.076885,0.09883342,0.6389233,-1.457788
37.65456,-64.90559,0.07116959,0.1027386,0.6349843,-1.458922
37.67712,-64.93514,0.06678583,0.1066253,0.6310861,-1.460058
37.69863,-64.92705,0.06358104,0.1103057,0.6274117,-1.46114
37.72015,-64.889,0.06117881,0.1139529,0.623784,-1.462222
37.74166,-64.82544,0.05944017,0.1175608,0.6202062,-1.463303
37.76318,-64.74014,0.05823286,0.121124,0.6166815,-1.464382
37.78695,-64.62436,0.05738711,0.1250051,0.6128504,-1.465572
37.81073,-64.48945,0.05697209,0.1288217,0.6090896,-1.466758
37.83451,-64.33838,0.05691198,0.13257,0.6054011,-1.467941
37.85829,-64.17368,0.05713572,0.1362466,0.6017868,-1.46912
37.88671,-63.96179,0.05769876,0.1405443,0.5975653,-1.470523
37.91514,-63.73631,0.05853601,0.1447327,0.5934534,-1.47192
37.94357,-63.49967,0.05960283,0.1488093,0.5894524,-1.47331
37.97199,-63.25388,0.06085766,0.1527722,0.5855632,-1.474692
38.00921,-62.92104,0.06273425,0.1577863,0.5806413,-1.476491
38.04642,-62.57835,0.06484485,0.1626014,0.5759123,-1.478276
38.08364,-62.22821,0.06715976,0.167217,0.5713759,-1.480048
38.12086,-61.87262,0.06965279,0.1716327,0.5670316,-1.481806
38.17544,-61.34458,0.07359266,0.1777471,0.5610062,-1.48436
38.23002,-60.81212,0.07784335,0.183436,0.5553863,-1.486882
38.2846,-60.27819,0.0823807,0.1887046,0.5501651,-1.489375
38.33918,-59.74495,0.08718481,0.1935574,0.5453363,-1.491837
38.41954,-58.96193,0.09463358,0.1999558,0.5389263,-1.495406
38.49989,-58.18907,0.1026344,0.2054853,0.5333234,-1.49891
38.58025,-57.43085,0.1112584,0.2101678,0.5284979,-1.502349
38.66061,-56.68038,0.1203176,0.2140257,0.5244205,-1.505725
38.72841,-56.04687,0.1281714,0.2166545,0.5215407,-1.508525
38.79622,-55.41879,0.1364368,0.2187163,0.519161,-1.511281
38.86402,-54.79595,0.1451877,0.2202183,0.5172683,-1.513991
38.93183,-54.17024,0.1543075,0.2211726,0.5158461,-1.516658
38.99603,-53.5683,0.1632381,0.2215788,0.5149216,-1.519142
39.06023,-52.95798,0.172642,0.221498,0.5144048,-1.521586
39.12443,-52.335,0.182594,0.2209285,0.5142926,-1.523988
39.18863,-51.69122,0.1931332,0.2198679,0.5145829,-1.526348
39.25379,-51.01016,0.2045734,0.218279,0.5152937,-1.528699
39.31894,-50.28902,0.2168615,0.2161609,0.5164313,-1.531002
39.3841,-49.51154,0.2301353,0.2134926,0.5180105,-1.533255
39.44925,-48.66629,0.2447894,0.2102331,0.5200627,-1.535455
39.51441,-47.7514,0.2615412,0.2063127,0.5226437,-1.537593
39.57956,-46.69946,0.2802349,0.2017027,0.5257792,-1.539667
39.64471,-45.44278,0.3012173,0.1963274,0.5295369,-1.541668
39.70987,-43.96501,0.3262615,0.1900016,0.5340761,-1.543578
39.7489,-42.9588,0.3440534,0.1856637,0.5372527,-1.544672
39.78794,-41.8022,0.3639306,0.1808828,0.5408081,-1.545723
39.82697,-40.45725,0.386276,0.1756043,0.5448003,-1.546726
39.866,-38.89998,0.4118253,0.1697476,0.5493178,-1.547672
39.90504,-37.10445,0.4413567,0.1632307,0.554465,-1.548552
39.94407,-34.99406,0.475227,0.155999,0.5603408,-1.549355
39.9831,-32.52371,0.5137949,0.1480234,0.5670663,-1.550069
40.02214,-29.70751,0.5574064,0.1393164,0.5747868,-1.55068
40.06328,-26.42074,0.6085679,0.129449,0.5841361,-1.551198
40.10442,-22.96199,0.6628761,0.1191679,0.5947826,-1.551576
40.14556,-19.63074,0.7172676,0.1088215,0.6066353,-1.551812
40.1867,-16.8418,0.7679877,0.09876896,0.6194102,-1.551921
40.21219,-15.58097,0.7957785,0.09283486,0.6275852,-1.551938
40.23769,-14.76656,0.8200312,0.08718629,0.6357861,-1.551929
40.26318,-14.44422,0.8404109,0.08185783,0.6438679,-1.551904
40.28868,-14.61133,0.8567274,0.0768746,0.651684,-1.551878
40.31417,-15.22659,0.8689142,0.0722548,0.659095,-1.551862
40.33967,-16.2639,0.8773296,0.06799951,0.6660088,-1.551868
40.36516,-17.67573,0.8822745,0.06410937,0.6723524,-1.551904
40.39066,-19.37238,0.8837117,0.06059617,0.6780575,-1.551979
40.41233,-20.97216,0.8821265,0.05791341,0.682371,-1.55208
40.434,-22.69643,0.8781706,0.0555034,0.6861923,-1.552216
40.45567,-24.51545,0.8718829,0.05336487,0.689522,-1.552391
40.47734,-26.39439,0.8631629,0.05149989,0.692362,-1.552606
40.50205,-28.57615,0.850137,0.04970734,0.695014,-1.552902
40.52676,-30.7802,0.8337755,0.04826497,0.6970647,-1.553251
40.55147,-32.98665,0.8139555,0.04716841,0.6985375,-1.553655
40.57617,-35.18479,0.7905836,0.04641132,0.6994591,-1.554113
40.60019,-37.31375,0.7644741,0.04599223,0.6998551,-1.55461
40.6242,-39.42416,0.7348307,0.04588334,0.6997774,-1.555158
40.64822,-41.50807,0.701549,0.04608285,0.6992448,-1.555757
40.67224,-43.57473,0.6648804,0.04658355,0.698284,-1.556405
40.69625,-45.63261,0.6252047,0.04737897,0.6969211,-1.557102
40.72027,-47.66107,0.5825614,0.0484754,0.6951693,-1.557848
40.74428,-49.64359,0.5373108,0.04987588,0.6930475,-1.558643
40.7683,-51.57024,0.4902855,0.05157706,0.690583,-1.559484
40.79452,-53.59133,0.4381268,0.05377267,0.6875347,-1.560454
40.82074,-55.48339,0.3861952,0.05632143,0.6841451,-1.561475
40.84696,-57.21163,0.3358216,0.05921269,0.6804545,-1.562543
40.87318,-58.75208,0.288546,0.06242343,0.6765095,-1.563654
40.90026,-60.12863,0.2444296,0.06604094,0.6722202,-1.56484
40.92733,-61.28179,0.2057468,0.0699281,0.6677586,-1.566061
40.9544,-62.21923,0.1728335,0.07404126,0.6631701,-1.567309
40.98148,-62.95917,0.145655,0.07833363,0.658497,-1.568579
41.0035,-63.43272,0.1274713,0.08192499,0.6546591,-1.569626
41.02552,-63.80545,0.1124286,0.08558228,0.6508054,-1.570681
41.04755,-64.0906,0.1001687,0.08928544,0.6469501,-1.571744
41.06957,-64.30013,0.09028168,0.09301619,0.6431053,-1.572811
41.09159,-64.44506,0.08235621,0.09675835,0.6392814,-1.573882
41.11362,-64.5352,0.0760993,0.1004986,0.6354865,-1.574956
41.13564,-64.57889,0.07124004,0.1042255,0.6317276,-1.576031
41.15766,-64.58312,0.06750819,0.1079289,0.6280106,-1.577106
41.17994,-64.55334,0.06464309,0.1116432,0.6242978,-1.578193
41.20223,-64.49456,0.06254716,0.1153178,0.6206372,-1.579279
41.22451,-64.4112,0.06108607,0.1189467,0.6170321,-1.580363
41.24679,-64.30696,0.06013259,0.1225247,0.6134854,-1.581445
41.27162,-64.16997,0.05954248,0.1264471,0.6096046,-1.582648
41.29645,-64.01449,0.05937083,0.1302966,0.6058018,-1.583846
41.32128,-63.84351,0.05954427,0.1340693,0.6020793,-1.58504
41.34612,-63.65953,0.05999446,0.1377622,0.5984387,-1.586229
41.37622,-63.422,0.06083606,0.1421288,0.5941366,-1.587665
41.40633,-63.17142,0.06195475,0.1463714,0.5899583,-1.589092
41.43643,-62.91029,0.06330645,0.1504875,0.5859051,-1.590511
41.46654,-62.64067,0.06485063,0.1544756,0.5819776,-1.591922
41.50681,-62.26969,0.06716642,0.1596074,0.5769217,-1.593796
41.54708,-61.88975,0.06973599,0.1645069,0.5720912,-1.595654
41.58735,-61.50337,0.0725283,0.169174,0.5674851,-1.597495
41.62762,-61.11268,0.07551747,0.1736089,0.5631021,-1.59932
41.68919,-60.51059,0.08042555,0.1799423,0.5568288,-1.602079
41.75076,-59.90675,0.08570981,0.1857422,0.5510636,-1.604799
41.81233,-59.30447,0.09134271,0.1910174,0.5457949,-1.60748
41.8739,-58.70559,0.09730143,0.1957751,0.5410126,-1.610122
41.95926,-57.87886,0.1059619,0.2015312,0.5351649,-1.613722
42.04462,-57.06621,0.1152453,0.2063327,0.5301958,-1.61725
42.12999,-56.27232,0.1252639,0.2102035,0.526071,-1.620705
42.21535,-55.48344,0.1357624,0.2131726,0.5227527,-1.624089
42.28546,-54.82837,0.1445889,0.2149541,0.5206065,-1.626817
42.35556,-54.17537,0.1539287,0.216143,0.5189741,-1.629497
42.42567,-53.52363,0.1638962,0.2167429,0.5178453,-1.632129
42.49578,-52.86035,0.1743418,0.2167653,0.5172043,-1.634712
42.55985,-52.23446,0.1842728,0.2162849,0.5170368,-1.637031
42.62392,-51.59043,0.1948274,0.2153153,0.5172733,-1.639308
42.68799,-50.9213,0.2061141,0.2138479,0.5179174,-1.641541
42.75206,-50.21593,0.2182291,0.2118714,0.5189755,-1.643728
42.80963,-49.54299,0.2299968,0.2096433,0.5202921,-1.645653
42.86721,-48.81967,0.2427274,0.2069685,0.5219696,-1.647537
42.92478,-48.02877,0.2565884,0.2038208,0.5240293,-1.649376
42.98236,-47.15707,0.271975,0.2001556,0.5265086,-1.651167
43.03993,-46.19487,0.2895021,0.1959067,0.5294636,-1.652903
43.09751,-45.08465,0.3092567,0.1910308,0.532935,-1.654578
43.15508,-43.76618,0.3317077,0.1854483,0.5369981,-1.656185
43.21266,-42.20821,0.3582497,0.1790063,0.5417958,-1.657708
43.25321,-40.94308,0.3802866,0.1738542,0.545714,-1.658722
43.29377,-39.46927,0.4052738,0.1681442,0.5501386,-1.65968
43.33432,-37.73663,0.4336849,0.1618144,0.5551542,-1.660573
43.37488,-35.72087,0.4663629,0.1547843,0.5608839,-1.661391
43.41543,-33.40625,0.504063,0.1469943,0.5674634,-1.662119
43.45599,-30.73223,0.5467449,0.1384627,0.5750144,-1.662746
43.49654,-27.72481,0.5939157,0.1292835,0.5836438,-1.663258
43.5371,-24.54062,0.6445225,0.1196457,0.5934265,-1.663645
43.57729,-21.42113,0.6958148,0.1099282,0.6042343,-1.6639
43.61748,-18.701,0.744787,0.1003802,0.6159373,-1.664037
43.65767,-16.74662,0.7884085,0.09128055,0.6281913,-1.664077
43.69786,-15.77282,0.8239389,0.08284174,0.6404986,-1.664056
43.71974,-15.69438,0.8391904,0.07857839,0.6470145,-1.664036
43.74161,-15.95043,0.851648,0.07456002,0.6533108,-1.664018
43.76349,-16.52712,0.8613674,0.0707942,0.6593186,-1.664008
43.78536,-17.38853,0.8683604,0.06728908,0.6649733,-1.664014
43.80724,-18.48959,0.8726462,0.06405131,0.6702212,-1.664043
43.82911,-19.8037,0.874412,0.06107965,0.6750335,-1.664097
43.85099,-21.29746,0.8737705,0.05837415,0.6793885,-1.664182
43.87286,-22.926,0.8706777,0.05593929,0.6832674,-1.664302
43.8959,-24.74207,0.8646951,0.05367109,0.6868282,-1.664467
43.91894,-26.63897,0.8559986,0.05170278,0.6898586,-1.664676
43.94198,-28.59127,0.8445695,0.0500321,0.6923687,-1.664928
43.96502,-30.57233,0.8302818,0.04865848,0.6943696,-1.665226
43.99417,-33.10067,0.8080872,0.04733874,0.6962016,-1.665668
44.02331,-35.62373,0.7809549,0.04648167,0.6972823,-1.666183
44.05246,-38.11622,0.7485819,0.04608294,0.6976443,-1.666772
44.08161,-40.59226,0.7112384,0.04612632,0.6973367,-1.667434
44.11086,-43.085,0.669358,0.04659533,0.6964063,-1.668169
44.1401,-45.54226,0.622585,0.04750443,0.6948687,-1.668976
44.16935,-47.93368,0.5710489,0.0488613,0.6927512,-1.669856
44.1986,-50.26635,0.5162461,0.05065221,0.6901073,-1.670805
44.22421,-52.25419,0.4669843,0.05256703,0.6874027,-1.67169
44.24981,-54.13899,0.4171679,0.05481396,0.6843562,-1.672624
44.27542,-55.8892,0.3679353,0.05738673,0.6810023,-1.673605
44.30103,-57.48097,0.3207126,0.06026834,0.6773824,-1.674628
44.32808,-58.96875,0.2745245,0.06362239,0.6733166,-1.675751
44.35514,-60.24164,0.2330402,0.06726339,0.6690494,-1.67691
44.38219,-61.29857,0.1968783,0.07115207,0.6646272,-1.678101
44.40925,-62.1513,0.1663268,0.07524396,0.6600944,-1.679317
44.43851,-62.86734,0.1393456,0.07984487,0.6551137,-1.680655
44.46778,-63.39815,0.1180439,0.08457739,0.6500908,-1.682011
44.49704,-63.77372,0.1017189,0.08939502,0.6450591,-1.68338
44.52631,-64.01998,0.08943744,0.09425571,0.6400479,-1.684757
44.55045,-64.14273,0.0816677,0.09827255,0.635946,-1.685898
44.57459,-64.20612,0.07569068,0.1022784,0.6318834,-1.68704
44.59874,-64.2199,0.07119617,0.1062598,0.6278685,-1.688183
44.62288,-64.19211,0.06787097,0.1102053,0.6239083,-1.689326
44.64575,-64.13355,0.06556179,0.1138999,0.6202134,-1.690406
44.66861,-64.04867,0.06394039,0.1175473,0.6165763,-1.691485
44.69148,-63.94152,0.06288691,0.121142,0.6130001,-1.692562
44.71434,-63.8155,0.06228904,0.1246794,0.6094876,-1.693635
44.74067,-63.65073,0.06204797,0.1286765,0.6055249,-1.694867
44.767,-63.46832,0.06220936,0.1325881,0.601652,-1.696094
44.79332,-63.27129,0.06270308,0.1364108,0.5978708,-1.697316
44.81965,-63.06212,0.0634642,0.1401416,0.5941829,-1.698532
44.85217,-62.79009,0.06470015,0.1446193,0.5897586,-1.700025
44.88468,-62.50584,0.066217,0.1489506,0.5854798,-1.701509
44.9172,-62.21193,0.06797155,0.1531335,0.5813472,-1.702984
44.94972,-61.9105,0.06992484,0.1571666,0.5773613,-1.704448
44.99447,-61.48646,0.07288821,0.1624712,0.5721154,-1.706446
45.03923,-61.05493,0.0761343,0.1674905,0.567146,-1.708424
45.08398,-60.61862,0.07963001,0.1722256,0.5624507,-1.710382
45.12874,-60.17977,0.08335043,0.1766777,0.5580271,-1.712319
45.20284,-59.45121,0.08994697,0.1834307,0.5512935,-1.715481
45.27694,-58.72621,0.09705068,0.1894284,0.5452758,-1.718587
45.35103,-58.00904,0.1046329,0.1946886,0.539951,-1.721637
45.42513,-57.29912,0.1126579,0.199225,0.5352992,-1.724633
45.51213,-56.46869,0.1225131,0.2036489,0.5306667,-1.72808
45.59913,-55.65161,0.1330158,0.2071177,0.526898,-1.731453
45.68613,-54.85042,0.1442989,0.2096516,0.5239613,-1.734752
45.77313,-54.04631,0.156133,0.2112797,0.5218181,-1.737977
45.84817,-53.33439,0.1666489,0.2119745,0.5205819,-1.740702
45.92321,-52.61533,0.1778891,0.2120018,0.5199125,-1.74337
45.99825,-51.88597,0.190046,0.2113564,0.5198069,-1.745982
46.07329,-51.12482,0.2029818,0.2100444,0.5202545,-1.748535
46.1414,-50.38991,0.2154292,0.2082708,0.5211402,-1.750801
46.20952,-49.6112,0.2289722,0.2059126,0.5225039,-1.753014
46.27763,-48.77298,0.2438628,0.20294,0.5243686,-1.75517
46.34575,-47.85055,0.2603726,0.1993145,0.5267661,-1.757265
46.39807,-47.06886,0.2744526,0.1960495,0.5290009,-1.758828
46.45039,-46.20269,0.2900041,0.1923305,0.53161,-1.760348
46.5027,-45.22569,0.3073222,0.1881137,0.5346338,-1.761819
46.55502,-44.11412,0.3269672,0.183332,0.5381344,-1.763235
46.60734,-42.84758,0.3497578,0.1778943,0.5421997,-1.764586
46.65966,-41.34382,0.3760316,0.1717277,0.5469059,-1.765865
46.71198,-39.52086,0.4064863,0.1647315,0.5523732,-1.767059
46.7643,-37.34008,0.4426987,0.1567476,0.5588006,-1.768148
46.80125,-35.56157,0.4726141,0.150432,0.5640458,-1.768841
46.8382,-33.52473,0.5061562,0.1435456,0.5699541,-1.769464
46.87515,-31.21791,0.5433546,0.1361024,0.576607,-1.770007
46.91211,-28.6888,0.5841407,0.1281551,0.5840919,-1.770462
46.94906,-26.01091,0.6278579,0.119818,0.592461,-1.770819
46.98601,-23.33186,0.6728324,0.1112953,0.6016963,-1.771076
47.02296,-20.86421,0.7170803,0.1028036,0.6116968,-1.771237
47.05992,-18.83276,0.7581966,0.09455984,0.6222457,-1.771313
47.08391,-17.85484,0.782048,0.08943389,0.629244,-1.771328
47.10791,-17.21303,0.803197,0.0845298,0.6362485,-1.771323
47.13191,-16.9401,0.8213666,0.07987583,0.6431591,-1.771307
47.1559,-17.03655,0.8363385,0.07549489,0.6498718,-1.771289
47.1799,-17.48026,0.8479826,0.07140446,0.6562861,-1.771278
47.2039,-18.25943,0.8564672,0.06760998,0.662331,-1.771281
47.22789,-19.34504,0.861935,0.06411595,0.6679458,-1.771306
47.25189,-20.68049,0.8643556,0.06093181,0.6730738,-1.771361
47.27475,-22.13054,0.863786,0.05819361,0.6774681,-1.771445
47.29762,-23.7307,0.8605872,0.05574007,0.6813736,-1.771564
47.32048,-25.45033,0.8548144,0.05357039,0.6847845,-1.771721
47.34334,-27.25085,0.8463611,0.05168763,0.6876962,-1.771918
47.36873,-29.309,0.8337155,0.04993344,0.6903508,-1.772186
47.39413,-31.408,0.8176291,0.04852873,0.6924135,-1.772507
47.41953,-33.5261,0.798004,0.04746959,0.6939032,-1.772881
47.44492,-35.64952,0.7747624,0.04675051,0.6948428,-1.773309
47.46824,-37.6006,0.7502464,0.04638306,0.695244,-1.773749
47.49156,-39.54316,0.7225722,0.04629399,0.6952189,-1.774235
47.51487,-41.46947,0.6916851,0.0464818,0.694783,-1.774766
47.53819,-43.38399,0.6577875,0.04694112,0.6939576,-1.775342
47.56151,-45.29095,0.6211845,0.04766702,0.6927641,-1.775961
47.58483,-47.17389,0.5819488,0.04866364,0.6912149,-1.776625
47.60814,-49.01898,0.5403894,0.04993278,0.6893263,-1.777332
47.63146,-50.8173,0.4971643,0.05147154,0.6871214,-1.778082
47.65855,-52.8301,0.4459558,0.05359206,0.6841955,-1.779004
47.68563,-54.71994,0.3947028,0.0560702,0.6809098,-1.779979
47.71272,-56.45121,0.3447021,0.05889548,0.6773057,-1.781003
47.7398,-57.99928,0.2975156,0.06204452,0.6734315,-1.782071
47.7674,-59.37024,0.2537931,0.06555424,0.6692577,-1.783199
47.795,-60.52385,0.2151631,0.06933145,0.6649036,-1.784361
47.8226,-61.46523,0.1820229,0.07333364,0.6604154,-1.785553
47.8502,-62.21052,0.154432,0.07751478,0.6558365,-1.786767
47.874,-62.71355,0.1348307,0.08122823,0.6518449,-1.787828
47.8978,-63.10325,0.118706,0.08501451,0.647834,-1.7889
47.9216,-63.39488,0.1056639,0.08884988,0.6438209,-1.78998
47.9454,-63.6023,0.09524521,0.09271276,0.6398208,-1.791065
47.9692,-63.73827,0.08698324,0.09658413,0.6358462,-1.792154
47.993,-63.81423,0.08054757,0.1004486,0.6319069,-1.793245
48.0168,-63.83978,0.07563451,0.1042928,0.628011,-1.794338
48.0406,-63.82289,0.07194031,0.1081055,0.6241659,-1.79543
48.0641,-63.77114,0.06923572,0.1118296,0.6204247,-1.796507
48.0876,-63.69017,0.06731763,0.1155062,0.616743,-1.797582
48.1111,-63.58459,0.06604842,0.1191293,0.6131243,-1.798655
48.13459,-63.45823,0.06529884,0.1226935,0.6095717,-1.799725
48.16116,-63.29441,0.06494688,0.1266465,0.6056386,-1.80093
48.18772,-63.11202,0.06503645,0.130514,0.601796,-1.802131
48.21429,-62.91427,0.06549033,0.1342924,0.598046,-1.803326
48.24085,-62.7038,0.06623737,0.1379785,0.5943904,-1.804515
48.27358,-62.43028,0.06748056,0.1423888,0.5900188,-1.805972
48.3063,-62.14413,0.06902869,0.1466524,0.585794,-1.807419
48.33902,-61.84804,0.07083383,0.1507671,0.5817167,-1.808856
48.37175,-61.54425,0.07285308,0.1547315,0.5777875,-1.810283
48.41669,-61.11782,0.0759197,0.1599284,0.5726336,-1.812225
48.46162,-60.68389,0.07928589,0.1648399,0.5677575,-1.814147
48.50656,-60.24529,0.08291448,0.1694672,0.5631569,-1.816048
48.5515,-59.80427,0.08677811,0.1738113,0.5588292,-1.817929
48.62786,-59.05305,0.09382635,0.1805479,0.5520931,-1.821078
48.70422,-58.3062,0.1014181,0.1864887,0.5461134,-1.824167
48.78059,-57.56827,0.1095072,0.1916531,0.5408642,-1.827197
48.85695,-56.83804,0.1180759,0.1960562,0.5363237,-1.830169
48.94074,-56.04085,0.1279719,0.2000298,0.5321297,-1.833363
49.02452,-55.25382,0.1384416,0.2031259,0.5287296,-1.836489
49.10831,-54.47695,0.1495515,0.2053632,0.5260944,-1.839545
49.1921,-53.69703,0.1612299,0.2067631,0.5241936,-1.842534
49.27588,-52.9023,0.1735242,0.2073394,0.5230043,-1.845455
49.35967,-52.09117,0.1866374,0.207091,0.5225165,-1.848307
49.44345,-51.25184,0.2007033,0.2060143,0.5227244,-1.851086
49.52724,-50.36727,0.2159575,0.2040972,0.5236308,-1.853792
49.57808,-49.80084,0.2259515,0.2025129,0.5245284,-1.855395
49.62893,-49.20401,0.2365738,0.2006003,0.5256962,-1.856968
49.67977,-48.56804,0.2479093,0.1983476,0.5271439,-1.858509
49.73061,-47.88674,0.2601561,0.1957349,0.5288882,-1.860016
49.78145,-47.1539,0.2735771,0.1927353,0.5309525,-1.861486
49.8323,-46.34782,0.2882513,0.1893282,0.5333559,-1.862917
49.88314,-45.44629,0.3043975,0.1854805,0.5361297,-1.864303
49.93398,-44.43413,0.3225159,0.181137,0.5393254,-1.865641
49.98965,-43.1901,0.3455074,0.1757219,0.5433962,-1.86704
50.04532,-41.70801,0.3719195,0.1695589,0.5481293,-1.868363
50.10098,-39.89749,0.4023786,0.1625515,0.5536428,-1.869597
50.15665,-37.73723,0.4387608,0.1545226,0.5601547,-1.87072
50.19237,-36.1538,0.4660972,0.1487538,0.5649763,-1.871372
50.22809,-34.35619,0.4964478,0.142501,0.5703563,-1.871963
50.26381,-32.33242,0.5298728,0.1357692,0.5763588,-1.872486
50.29952,-30.11632,0.5664468,0.1285849,0.5830578,-1.872933
50.33524,-27.75744,0.6058135,0.12102,0.5905035,-1.873299
50.37096,-25.34623,0.6468484,0.1132191,0.5986989,-1.873578
50.40668,-23.03075,0.6881424,0.1053468,0.6075924,-1.873772
50.4424,-20.98362,0.7278302,0.09758508,0.6170489,-1.873887
50.46758,-19.80352,0.7537088,0.09227903,0.6239415,-1.873929
50.49276,-18.92075,0.7772409,0.08716529,0.6309201,-1.873944
50.51794,-18.38557,0.7979952,0.08228369,0.6378845,-1.873941
50.54312,-18.21531,0.8155911,0.0776674,0.6447233,-1.873929
50.5683,-18.40326,0.8297499,0.07334254,0.6513237,-1.873917
50.59348,-18.95239,0.8405678,0.06932007,0.6576014,-1.873916
50.61867,-19.84301,0.8481381,0.06560881,0.6634809,-1.873931
50.64385,-21.01985,0.8523868,0.06222194,0.668889,-1.873973
50.66729,-22.31809,0.8532962,0.05936968,0.67345,-1.874041
50.69073,-23.7908,0.8514638,0.05680477,0.6775369,-1.874142
50.71418,-25.4071,0.8469583,0.05452717,0.681137,-1.874279
50.73762,-27.12523,0.8396725,0.05254119,0.6842392,-1.874455
50.76297,-29.05771,0.8285535,0.05072421,0.6870315,-1.874692
50.78832,-31.04797,0.8140919,0.04924527,0.6892538,-1.874978
50.81366,-33.07316,0.7962174,0.04810112,0.6909207,-1.875316
50.83901,-35.11547,0.7748422,0.04728777,0.69205,-1.875704
50.86331,-37.08231,0.7510698,0.04681253,0.6926493,-1.876125
50.8876,-39.04653,0.7239652,0.04663301,0.6927915,-1.876594
50.9119,-40.99807,0.6934607,0.04674767,0.6924927,-1.877111
50.9362,-42.94093,0.6597677,0.04715044,0.6917756,-1.877675
50.96049,-44.87959,0.6232107,0.04783553,0.6906636,-1.878285
50.98479,-46.79531,0.5838363,0.04880748,0.6891694,-1.878942
51.00908,-48.67277,0.5419503,0.05006817,0.6873105,-1.879645
51.03338,-50.50325,0.49826,0.05161381,0.6851122,-1.880394
51.06072,-52.4899,0.4480457,0.05368739,0.6822666,-1.881287
51.08805,-54.35792,0.3976846,0.05611501,0.6790587,-1.882234
51.11539,-56.07231,0.3484278,0.05888624,0.6755291,-1.883229
51.14272,-57.60881,0.3018024,0.06197799,0.6717261,-1.884268
51.17062,-58.97536,0.2583767,0.06543266,0.6676141,-1.885369
51.19853,-60.12787,0.2198627,0.06915375,0.6633174,-1.886505
51.22643,-61.07023,0.1866855,0.07309928,0.6588829,-1.88767
51.25433,-61.81749,0.1589504,0.07722357,0.6543544,-1.888858
51.27914,-62.33606,0.1386203,0.08100292,0.6502814,-1.889929
51.30394,-62.73431,0.1219481,0.08485891,0.6461869,-1.891012
51.32875,-63.02866,0.1085203,0.08876563,0.6420902,-1.892103
51.35356,-63.23405,0.09785108,0.09269952,0.6380078,-1.8932
51.37836,-63.36425,0.08944289,0.09663988,0.6339539,-1.8943
51.40317,-63.43165,0.08294438,0.1005701,0.6299391,-1.895403
51.42798,-63.44655,0.07803391,0.1044759,0.6259725,-1.896507
51.45278,-63.41747,0.07438947,0.1083451,0.6220619,-1.89761
51.47698,-63.35358,0.07179339,0.1120736,0.6183079,-1.898684
51.50117,-63.26043,0.06999143,0.1157501,0.6146176,-1.899756
51.52537,-63.14272,0.06884451,0.1193685,0.6109949,-1.900825
51.54956,-63.00436,0.06822264,0.1229234,0.6074427,-1.901891
51.57713,-62.82566,0.06802135,0.1268923,0.6034837,-1.903102
51.60471,-62.62841,0.06827405,0.1307684,0.5996226,-1.904306
51.63228,-62.41594,0.06890142,0.1345479,0.5958616,-1.905505
51.65986,-62.19098,0.06983088,0.1382277,0.5922024,-1.906698
51.69415,-61.89718,0.07132552,0.1426612,0.587796,-1.908171
51.72844,-61.59105,0.07314137,0.1469339,0.5835504,-1.909634
51.76273,-61.27543,0.07522814,0.1510437,0.5794665,-1.911086
51.79703,-60.95265,0.07754164,0.1549893,0.5755445,-1.912526
51.84493,-60.49327,0.08109479,0.1602241,0.5703372,-1.914518
51.89283,-60.02742,0.08497658,0.1651377,0.565443,-1.916487
51.94073,-59.55807,0.08914522,0.1697322,0.5608582,-1.918432
51.98863,-59.08751,0.09357303,0.1740093,0.5565793,-1.920355
52.08301,-58.15861,0.1029897,0.1815155,0.5490293,-1.924073
52.1774,-57.24318,0.1131751,0.1878324,0.5426042,-1.927702
52.27178,-56.34985,0.1240391,0.193,0.5372509,-1.931241
52.36617,-55.46515,0.135625,0.1970486,0.532926,-1.934694
52.49591,-54.21944,0.1527249,0.200847,0.5285743,-1.9393
52.62564,-52.99651,0.1713755,0.2026213,0.5260055,-1.94374
52.75538,-51.80054,0.1919041,0.2023963,0.5251587,-1.948011
52.88512,-50.50851,0.2144239,0.2002447,0.5259399,-1.952114
52.93233,-49.98537,0.2232312,0.1989879,0.5266195,-1.953564
52.97953,-49.44466,0.232654,0.1974504,0.5275323,-1.954989
53.02673,-48.88232,0.2427741,0.1956235,0.5286854,-1.956386
53.07394,-48.28768,0.2535802,0.1935015,0.5300834,-1.957756
53.12114,-47.65162,0.2651419,0.1910733,0.5317367,-1.959096
53.16835,-46.96756,0.2776423,0.1883197,0.533662,-1.960404
53.21555,-46.22345,0.2912335,0.18522,0.5358789,-1.961678
53.26275,-45.40699,0.3061519,0.181746,0.5384141,-1.962915
53.31244,-44.45674,0.3236632,0.1776433,0.5414669,-1.964172
53.36212,-43.37917,0.34326,0.173044,0.5449544,-1.965378
53.4118,-42.13688,0.3653323,0.167894,0.548936,-1.966526
53.46149,-40.70346,0.3906433,0.1621119,0.5535028,-1.967608
53.51117,-39.05979,0.4201485,0.1556042,0.5587719,-1.968612
53.56085,-37.10733,0.454157,0.1483091,0.5648454,-1.969525
53.61053,-34.78323,0.4930744,0.1401831,0.5718563,-1.970335
53.66022,-32.12375,0.537748,0.1311971,0.5799921,-1.971021
53.70595,-29.43682,0.5840294,0.1222191,0.5886128,-1.971528
53.75169,-26.6081,0.6333433,0.1127985,0.5983448,-1.971907
53.79743,-23.86417,0.6832935,0.103216,0.6091121,-1.972159
53.84317,-21.54433,0.7307983,0.09379575,0.6206868,-1.972294
53.86839,-20.58223,0.7546044,0.08879499,0.627276,-1.972327
53.89362,-19.90699,0.776043,0.08398919,0.6338983,-1.97234
53.91885,-19.55832,0.794766,0.07941264,0.640462,-1.972339
53.94408,-19.54552,0.8104506,0.07509487,0.646867,-1.972334
53.96931,-19.85666,0.8228499,0.07105972,0.6530133,-1.972333
53.99453,-20.49176,0.8320566,0.06731712,0.6588282,-1.972344
54.01976,-21.43147,0.8381463,0.06387537,0.6642471,-1.972374
54.04499,-22.62473,0.8410205,0.06074736,0.6692066,-1.972432
54.06909,-23.95004,0.8406755,0.05806156,0.6734704,-1.972517
54.09319,-25.43721,0.8374854,0.05566878,0.6772567,-1.972637
54.11729,-27.0572,0.8315003,0.0535691,0.6805544,-1.972794
54.14139,-28.77082,0.8225997,0.05176643,0.6833544,-1.972991
54.16804,-30.73714,0.8092569,0.05012045,0.6858711,-1.973257
54.19468,-32.75843,0.7922314,0.04883369,0.6877945,-1.973577
54.22133,-34.8115,0.7714347,0.04790289,0.6891396,-1.973952
54.24797,-36.882,0.7468266,0.04732274,0.6899271,-1.974381
54.27302,-38.84064,0.7202822,0.04709016,0.6901815,-1.974834
54.29806,-40.7971,0.6903138,0.0471603,0.6899797,-1.975337
54.32311,-42.73985,0.6568994,0.04753279,0.6893371,-1.975888
54.34816,-44.67187,0.6203673,0.04820189,0.6882778,-1.976488
54.37321,-46.59469,0.5811756,0.04916223,0.6868262,-1.977136
54.39826,-48.48433,0.5395003,0.05041917,0.6849966,-1.977831
54.4233,-50.3207,0.4958195,0.05197399,0.6828096,-1.978574
54.44835,-52.08932,0.4510272,0.05382117,0.6802938,-1.979361
54.47609,-53.94649,0.4014066,0.05619847,0.6771617,-1.980282
54.50382,-55.65707,0.3528712,0.05891715,0.6737028,-1.981253
54.53156,-57.19089,0.3066613,0.06195883,0.6699621,-1.982269
54.5593,-58.53066,0.2641022,0.0652934,0.6659889,-1.983325
54.58778,-59.69665,0.2252966,0.06898387,0.6617192,-1.984444
54.61627,-60.65216,0.1917969,0.07290204,0.6573047,-1.985593
54.64476,-61.41022,0.1636738,0.07700302,0.65279,-1.986766
54.67325,-61.99117,0.1407,0.08124102,0.6482153,-1.987958
54.69711,-62.35949,0.1250292,0.08486471,0.6443624,-1.988968
54.72098,-62.6345,0.1122218,0.08853199,0.6405081,-1.989985
54.74484,-62.82927,0.1019161,0.0922232,0.6366665,-1.991007
54.76871,-62.95535,0.09372071,0.09592072,0.6328499,-1.992033
54.79257,-63.02311,0.08725915,0.09960923,0.6290685,-1.993061
54.81644,-63.04181,0.08226501,0.1032764,0.6253304,-1.994089
54.8403,-63.01915,0.07849599,0.1069115,0.6216423,-1.995118
54.86417,-62.96161,0.07571794,0.1105055,0.6180101,-1.996145
54.88969,-62.86764,0.07362015,0.1142946,0.6141932,-1.997241
54.91521,-62.7457,0.0722773,0.1180207,0.6104502,-1.998334
54.94073,-62.60048,0.07155567,0.1216776,0.6067847,-1.999423
54.96625,-62.43587,0.07133109,0.1252604,0.6032,-2.000508
54.9956,-62.22672,0.07155997,0.1292835,0.5991805,-2.00175
55.02495,-62.00022,0.07222723,0.1331986,0.5952737,-2.002986
55.0543,-61.75968,0.07325711,0.1370019,0.5914815,-2.004214
55.08364,-61.50781,0.07458105,0.1406908,0.5878055,-2.005434
55.12118,-61.17269,0.07662172,0.1452384,0.5832751,-2.006984
55.15872,-60.8264,0.07899678,0.1495929,0.5789374,-2.00852
55.19625,-60.47192,0.08165509,0.1537527,0.5747923,-2.010042
55.23379,-60.11164,0.08455348,0.1577169,0.5708396,-2.011551
55.28859,-59.57908,0.08915707,0.1631525,0.5654133,-2.013727
55.34339,-59.04257,0.09414393,0.168174,0.5603895,-2.015873
55.39819,-58.5053,0.09946367,0.1727861,0.5557609,-2.017989
55.45299,-57.96944,0.1050929,0.1769929,0.5515209,-2.020074
55.54825,-57.04065,0.11558,0.1833538,0.5450538,-2.023626
55.64352,-56.12791,0.1268043,0.1885387,0.5396885,-2.027087
55.73879,-55.2365,0.1386887,0.1925853,0.5353724,-2.030459
55.83406,-54.34977,0.151312,0.195526,0.5320594,-2.033743
55.90763,-53.65849,0.1616749,0.1970535,0.5301643,-2.036219
55.98121,-52.96315,0.1725366,0.1979416,0.5288309,-2.038642
56.05478,-52.25746,0.1839145,0.1981978,0.5280455,-2.041012
56.12836,-51.53583,0.1959652,0.197823,0.5278011,-2.043328
56.18556,-50.96115,0.2059523,0.1970916,0.5279846,-2.04509
56.24276,-50.36514,0.2164394,0.1959759,0.5284925,-2.046818
56.29996,-49.73931,0.2274597,0.1944717,0.5293269,-2.04851
56.35716,-49.08189,0.2392462,0.1925637,0.5304996,-2.050164
56.41436,-48.39323,0.2521124,0.1902291,0.5320294,-2.051779
56.47156,-47.64779,0.2659441,0.1874634,0.5339215,-2.053351
56.52876,-46.82422,0.2808399,0.1842471,0.5361945,-2.054879
56.58596,-45.92026,0.2973737,0.1805302,0.5388941,-2.056357
56.63997,-44.99454,0.3151581,0.1765017,0.5418902,-2.0577
56.69398,-43.9375,0.3348708,0.1719534,0.5453425,-2.058989
56.74799,-42.70077,0.3567687,0.1668394,0.549304,-2.060218
56.802,-41.28202,0.3820236,0.1610536,0.5538868,-2.061376
56.84927,-39.89254,0.407929,0.1553453,0.5585164,-2.062319
56.89653,-38.26324,0.4371799,0.1490155,0.5637745,-2.06319
56.9438,-36.33668,0.4700258,0.1420299,0.5697486,-2.06398
56.99107,-34.1481,0.5075286,0.1343256,0.5765925,-2.064673
57.03283,-32.03346,0.545023,0.1269129,0.5834773,-2.065193
57.0746,-29.73358,0.5855734,0.1190441,0.5911783,-2.06562
57.11636,-27.33568,0.6281109,0.1108575,0.5997017,-2.065949
57.15813,-25.02996,0.6712602,0.1025357,0.6090048,-2.06618
57.18697,-23.6078,0.7003222,0.09682945,0.6158165,-2.066285
57.21582,-22.40916,0.7277643,0.09124868,0.6228442,-2.066353
57.24467,-21.51354,0.7528908,0.08585985,0.629988,-2.066389
57.27352,-20.96781,0.7749784,0.08072332,0.6371222,-2.066405
57.30237,-20.79173,0.7933685,0.07589113,0.6441057,-2.066411
57.33122,-21.0245,0.8080022,0.07138951,0.6508273,-2.066417
57.36007,-21.66981,0.8188449,0.06723991,0.6571805,-2.066436
57.38891,-22.66761,0.8256089,0.06346948,0.6630514,-2.066477
57.41359,-23.74514,0.8279921,0.06056137,0.6676187,-2.06654
57.43826,-25.01995,0.8274673,0.05794337,0.6717431,-2.066632
57.46294,-26.4641,0.8240961,0.05561735,0.6754026,-2.066756
57.48761,-28.03444,0.8177505,0.05358972,0.6785764,-2.066918
57.5137,-29.79141,0.8076819,0.05177396,0.6813938,-2.067133
57.5398,-31.62858,0.7942209,0.0502917,0.6836637,-2.067395
57.5659,-33.52218,0.7773211,0.04914075,0.6853941,-2.067705
57.59199,-35.45119,0.7569007,0.0483187,0.6865967,-2.068065
57.61921,-37.49138,0.7318896,0.04780527,0.6873091,-2.068495
57.64644,-39.54115,0.702937,0.04764236,0.6874833,-2.06898
57.67366,-41.58327,0.6699619,0.04782955,0.6871363,-2.069521
57.70089,-43.62192,0.6333238,0.04835878,0.6862968,-2.070118
57.72811,-45.66128,0.5935484,0.04922195,0.6849951,-2.070769
57.75534,-47.67011,0.5507079,0.0504267,0.6832457,-2.071475
57.78256,-49.6237,0.5052711,0.05197527,0.6810722,-2.072236
57.80978,-51.50824,0.4583188,0.05385964,0.6785103,-2.073049
57.83757,-53.3398,0.4101617,0.05611849,0.675535,-2.07393
57.86535,-55.03646,0.3627457,0.05871153,0.6722299,-2.074859
57.89313,-56.5683,0.3172497,0.06162216,0.6686376,-2.075833
57.92092,-57.91716,0.2749759,0.06482246,0.6648063,-2.076848
57.94971,-59.11172,0.2357133,0.06840838,0.660635,-2.077935
57.97851,-60.09792,0.2015128,0.07222783,0.6563077,-2.079053
58.00731,-60.88599,0.1725394,0.07623668,0.6518698,-2.080197
58.03611,-61.49453,0.1486703,0.08038926,0.6473633,-2.08136
58.06153,-61.90134,0.1314839,0.08413865,0.6433577,-2.0824
58.08695,-62.20229,0.1175097,0.08793968,0.6393468,-2.083448
58.11237,-62.41258,0.106345,0.09176904,0.6353479,-2.084502
58.13779,-62.54562,0.09754579,0.09560585,0.6313758,-2.085561
58.16321,-62.61351,0.09067845,0.09943201,0.6274431,-2.086621
58.18863,-62.6271,0.08543926,0.1032331,0.6235592,-2.087683
58.21406,-62.59533,0.08155301,0.1069968,0.6197322,-2.088743
58.23948,-62.52561,0.07875202,0.1107126,0.6159688,-2.089803
58.26574,-62.42028,0.07675955,0.1144923,0.6121533,-2.090895
58.29201,-62.28694,0.07553395,0.1182042,0.6084165,-2.091983
58.31827,-62.13038,0.07493964,0.1218422,0.6047621,-2.093068
58.34454,-61.95457,0.07485135,0.125401,0.6011934,-2.094147
58.37508,-61.73022,0.07525423,0.1294345,0.5971546,-2.095396
58.40563,-61.48851,0.0761141,0.1333509,0.5932377,-2.096638
58.43617,-61.23291,0.07735193,0.1371464,0.5894449,-2.097872
58.46671,-60.96625,0.07889679,0.1408184,0.5857775,-2.099097
58.50615,-60.60928,0.08126055,0.1453731,0.5812297,-2.100666
58.54558,-60.24164,0.08398047,0.1497161,0.5768934,-2.10222
58.58502,-59.86645,0.0870017,0.1538462,0.572768,-2.103759
58.62445,-59.48616,0.09027932,0.1577628,0.5688529,-2.105283
58.6838,-58.90826,0.09563395,0.1632548,0.5633545,-2.107546
58.74316,-58.32799,0.1014199,0.1682682,0.5583212,-2.109773
58.80251,-57.74868,0.1075753,0.1728097,0.5537427,-2.111965
58.86186,-57.17226,0.1140822,0.1768847,0.54961,-2.114122
58.94603,-56.36058,0.1239155,0.1818747,0.5444953,-2.117119
59.03019,-55.55897,0.1343134,0.1859641,0.5402213,-2.120045
59.11436,-54.76764,0.1452076,0.1891775,0.536753,-2.122903
59.19852,-53.97989,0.1567081,0.1915339,0.5340611,-2.125691
59.2619,-53.38537,0.165875,0.1927505,0.5325323,-2.127745
59.32529,-52.78643,0.1753959,0.1934964,0.5314185,-2.129761
59.38867,-52.17815,0.185265,0.1937773,0.5307104,-2.131737
59.45205,-51.55915,0.1956285,0.1935923,0.5304049,-2.133673
59.51543,-50.9308,0.2067128,0.1929347,0.530504,-2.135567
59.57881,-50.27644,0.2183468,0.191812,0.530999,-2.13742
59.64219,-49.5827,0.2305193,0.1902223,0.5318898,-2.13923
59.70557,-48.85277,0.2436529,0.1881411,0.533196,-2.140994
59.76321,-48.16326,0.2568782,0.1857925,0.5347689,-2.142555
59.82085,-47.41359,0.2710204,0.1830148,0.5367061,-2.144073
59.87849,-46.57897,0.2861178,0.1797928,0.5390237,-2.145547
59.93613,-45.66609,0.3028962,0.1760699,0.5417736,-2.14697
59.98642,-44.81105,0.3195436,0.1723599,0.5445761,-2.148164
60.03671,-43.84678,0.3377906,0.1682151,0.5477664,-2.149313
60.087,-42.73746,0.3578207,0.1636032,0.5513834,-2.15041
60.13729,-41.48475,0.3805222,0.1584474,0.5555102,-2.151448
60.18292,-40.22418,0.404218,0.1532295,0.5597778,-2.15233
60.22856,-38.77352,0.430729,0.1474835,0.5645835,-2.153149
60.27419,-37.09324,0.4602949,0.1411802,0.5699964,-2.153899
60.31983,-35.20022,0.4936648,0.134273,0.5761272,-2.154568
60.36381,-33.19484,0.5298158,0.1270348,0.5828107,-2.155125
60.40779,-31.00517,0.569217,0.1193068,0.5903019,-2.155589
60.45177,-28.70946,0.6110022,0.1112088,0.5986203,-2.155954
60.49575,-26.46939,0.653822,0.1029173,0.6077296,-2.156219
60.52415,-25.14641,0.6810506,0.09756907,0.6139756,-2.15634
60.55255,-23.995,0.7071346,0.09230402,0.6204335,-2.156425
60.58095,-23.08296,0.7314633,0.08718243,0.627026,-2.15648
60.60935,-22.45415,0.7533555,0.08226206,0.633651,-2.156513
60.63775,-22.13437,0.7721607,0.07759475,0.640192,-2.156534
60.66615,-22.16792,0.7877127,0.07321064,0.6465523,-2.15655
60.69455,-22.56917,0.7998704,0.06913531,0.6526347,-2.156572
60.72295,-23.29999,0.8083144,0.06539729,0.6583333,-2.156609
60.74851,-24.19583,0.8125307,0.06233999,0.6630574,-2.156665
60.77407,-25.31082,0.8137325,0.05957511,0.6673636,-2.156746
60.79963,-26.61999,0.8119759,0.05710644,0.6712213,-2.156858
60.82519,-28.07868,0.8071142,0.05494274,0.6746004,-2.157005
60.85157,-29.69842,0.7987063,0.05303523,0.6775671,-2.157198
60.87796,-31.41689,0.786944,0.05145499,0.680006,-2.157435
60.90434,-33.20989,0.7717994,0.05020081,0.6819197,-2.157718
60.93073,-35.05295,0.7531784,0.04927193,0.6833142,-2.158049
60.96763,-37.71386,0.7218063,0.04849987,0.6844331,-2.158592
61.00453,-40.39343,0.6831931,0.04835738,0.6845926,-2.159234
61.04143,-43.02482,0.6367792,0.04885501,0.6838178,-2.159978
61.07833,-45.65368,0.5844152,0.04995714,0.6821975,-2.16082
61.10788,-47.77683,0.5396361,0.05125456,0.6803496,-2.161562
61.13743,-49.83678,0.492131,0.05294335,0.6780196,-2.162365
61.16698,-51.79784,0.4427407,0.05502325,0.6752415,-2.163228
61.19653,-53.63942,0.3931295,0.05747682,0.6720664,-2.164148
61.22386,-55.21376,0.3486215,0.06005869,0.668825,-2.165043
61.25118,-56.63056,0.3062841,0.06292823,0.6653262,-2.16598
61.2785,-57.87248,0.2670379,0.06606085,0.661612,-2.166953
61.30582,-58.93359,0.2317178,0.0694242,0.6577262,-2.167957
61.33535,-59.88034,0.1985602,0.07327635,0.653382,-2.169071
61.36488,-60.63124,0.1706147,0.0773096,0.6489325,-2.17021
61.39441,-61.2052,0.1476717,0.08147888,0.6444188,-2.171368
61.42394,-61.62452,0.1292937,0.08574053,0.6398777,-2.172541
61.44726,-61.86223,0.1175913,0.08914523,0.6362923,-2.173474
61.47058,-62.02928,0.1080417,0.09256633,0.632721,-2.174412
61.49391,-62.13552,0.1003599,0.09598931,0.6291742,-2.175353
61.51723,-62.18959,0.09425607,0.09940125,0.6256609,-2.176296
61.54055,-62.19913,0.08946209,0.102791,0.6221889,-2.177238
61.56388,-62.17089,0.08578262,0.1061496,0.618764,-2.178181
61.5872,-62.11059,0.08304155,0.1094692,0.6153915,-2.179122
61.61053,-62.02306,0.0810741,0.112743,0.6120758,-2.180062
61.63871,-61.88677,0.07953037,0.1166302,0.60815,-2.181193
61.66689,-61.72284,0.07874843,0.1204347,0.6043174,-2.18232
61.69508,-61.5363,0.07859125,0.1241504,0.6005818,-2.183442
61.72326,-61.33126,0.07893276,0.1277719,0.5969465,-2.184558
61.75589,-61.07517,0.07982242,0.1318415,0.5928667,-2.185842
61.78852,-60.80309,0.08115906,0.1357753,0.5889271,-2.187117
61.82114,-60.51849,0.0828664,0.13957,0.5851294,-2.188382
61.85377,-60.22416,0.08487719,0.1432232,0.5814747,-2.189638
61.89744,-59.81887,0.08795878,0.1478883,0.576808,-2.191303
61.94111,-59.40444,0.09142213,0.1522954,0.5723981,-2.192949
61.98478,-58.98417,0.09520857,0.1564442,0.5682434,-2.194576
62.02845,-58.56054,0.09927404,0.160335,0.5643419,-2.196183
62.10148,-57.84924,0.1066418,0.1662662,0.5583776,-2.198829
62.17452,-57.14005,0.1145736,0.1714907,0.5530951,-2.201421
62.24755,-56.4368,0.122962,0.1760243,0.5484719,-2.20396
62.32058,-55.73969,0.1318444,0.1798778,0.5444899,-2.206446
62.39804,-55.00694,0.1418998,0.1832326,0.5409478,-2.209025
62.4755,-54.27825,0.1523959,0.1858551,0.5380778,-2.211545
62.55296,-53.54912,0.1632576,0.1877631,0.5358545,-2.214007
62.63042,-52.8181,0.1747092,0.1889644,0.5342617,-2.216411
62.7007,-52.15654,0.185922,0.1894415,0.5333559,-2.218541
62.77098,-51.47702,0.197557,0.1893554,0.5329412,-2.220622
62.84125,-50.76462,0.2095018,0.1887144,0.5330059,-2.222654
62.91153,-50.02954,0.2223314,0.1874966,0.5335649,-2.224634
62.96862,-49.42442,0.2338422,0.1860623,0.5343982,-2.226202
63.0257,-48.78143,0.2459051,0.1842445,0.5355586,-2.227733
63.08279,-48.08384,0.2584879,0.1820397,0.5370496,-2.229226
63.13987,-47.34171,0.2721529,0.1794122,0.5389026,-2.230678
63.18919,-46.67077,0.285259,0.1767717,0.5408222,-2.231896
63.23851,-45.93939,0.2993068,0.1737914,0.5430378,-2.233078
63.28783,-45.12917,0.3143874,0.1704553,0.5455674,-2.234223
63.33714,-44.24117,0.3309998,0.1667221,0.5484524,-2.235326
63.38514,-43.30236,0.3491513,0.1626634,0.5516476,-2.236353
63.43313,-42.24452,0.3691802,0.1581713,0.5552485,-2.237332
63.48112,-41.03601,0.3913203,0.1532135,0.5593003,-2.238258
63.52912,-39.67341,0.4162773,0.1477301,0.5638815,-2.239121
63.57688,-38.16405,0.4446151,0.1416949,0.5690546,-2.239911
63.62464,-36.4372,0.4763593,0.135075,0.5748983,-2.240622
63.67241,-34.47328,0.5115436,0.1278758,0.5814865,-2.241246
63.72017,-32.33158,0.5504239,0.1201191,0.5889143,-2.241773
63.76652,-30.13988,0.5911462,0.1121476,0.5969662,-2.242184
63.81287,-27.97157,0.6333657,0.1039232,0.605828,-2.242492
63.85922,-26.03504,0.6753475,0.0956563,0.6153966,-2.242702
63.90556,-24.50791,0.7143028,0.08760338,0.6254151,-2.24283
63.93088,-23.91319,0.7331985,0.08339056,0.6309488,-2.242875
63.95619,-23.54544,0.7501484,0.07934353,0.6364573,-2.242907
63.9815,-23.42825,0.7648983,0.07548926,0.6418753,-2.242934
64.00682,-23.56025,0.7771394,0.07185409,0.6471291,-2.24296
64.03213,-23.92875,0.7866098,0.0684604,0.6521466,-2.242993
64.05744,-24.53786,0.793344,0.0653181,0.6568778,-2.243038
64.08276,-25.37595,0.7973342,0.06243678,0.6612756,-2.243101
64.10807,-26.40896,0.7984347,0.0598291,0.6652926,-2.243188
64.1345,-27.65522,0.7963545,0.05740942,0.6690392,-2.24331
64.16093,-29.05769,0.7910996,0.05529888,0.6723126,-2.243466
64.18735,-30.5916,0.7826884,0.05349894,0.6750992,-2.243661
64.21378,-32.22152,0.7709772,0.05201414,0.6773872,-2.243898
64.24398,-34.1694,0.7534884,0.05070361,0.6793911,-2.244222
64.27418,-36.18396,0.7315534,0.04980233,0.680753,-2.244606
64.30438,-38.2376,0.7050642,0.04930947,0.6814842,-2.245052
64.33458,-40.32105,0.6741768,0.04921809,0.6816085,-2.24556
64.36225,-42.25517,0.6422919,0.04947915,0.6812147,-2.246081
64.38993,-44.18784,0.6069054,0.05007465,0.6803468,-2.246655
64.4176,-46.09911,0.5681813,0.05100653,0.6790217,-2.247283
64.44527,-47.98425,0.5268201,0.052268,0.6772689,-2.247963
64.47295,-49.83355,0.4836966,0.05385172,0.6751201,-2.248695
64.50062,-51.60895,0.4393636,0.05576055,0.6725979,-2.249476
64.5283,-53.28044,0.3947088,0.0579886,0.6697343,-2.250305
64.55597,-54.82578,0.3509776,0.06051973,0.6665699,-2.251179
64.58524,-56.29984,0.3071457,0.06350269,0.6629441,-2.252146
64.61451,-57.5851,0.2667127,0.06677379,0.659078,-2.253154
64.64378,-58.67161,0.2304488,0.07029746,0.6550207,-2.254196
64.67305,-59.56291,0.1989332,0.07403135,0.6508212,-2.255267
64.70358,-60.29846,0.171303,0.07810138,0.6463386,-2.256408
64.73411,-60.85549,0.1486919,0.08230412,0.6417934,-2.257569
64.76464,-61.25732,0.1306547,0.08659571,0.6372226,-2.258744
64.79517,-61.52684,0.1165871,0.09093554,0.6326588,-2.259929
64.82884,-61.69725,0.1048121,0.09573314,0.6276675,-2.261243
64.8625,-61.76105,0.09628303,0.1005088,0.6227432,-2.262559
64.89616,-61.74025,0.09039652,0.1052326,0.6179067,-2.263877
64.92982,-61.6512,0.08650355,0.1098789,0.6131758,-2.265191
64.95685,-61.53941,0.08445157,0.1135389,0.6094641,-2.266244
64.98387,-61.39911,0.08321127,0.1171284,0.6058341,-2.267292
65.01089,-61.23525,0.0826421,0.1206412,0.6022899,-2.268336
65.03792,-61.0519,0.08261568,0.1240719,0.5988349,-2.269376
65.0705,-60.80962,0.08316105,0.1280942,0.5947907,-2.270622
65.10309,-60.54883,0.08423507,0.1319859,0.5908833,-2.271859
65.13568,-60.27351,0.08574493,0.1357428,0.587115,-2.273087
65.16827,-59.98682,0.08760825,0.1393619,0.5834873,-2.274306
65.21035,-59.60401,0.09043841,0.1438264,0.579014,-2.275864
65.25242,-59.21091,0.09367537,0.1480553,0.574777,-2.277406
65.29449,-58.81091,0.09725395,0.1520478,0.5707754,-2.27893
65.33656,-58.40661,0.1011232,0.1558034,0.5670078,-2.280437
65.40332,-57.76076,0.1077924,0.1612766,0.561506,-2.282791
65.47008,-57.1146,0.1149866,0.1661623,0.556575,-2.285101
65.53683,-56.47167,0.1226098,0.1704712,0.5521988,-2.287366
65.60359,-55.83316,0.1306692,0.1742109,0.5483639,-2.289587
65.67937,-55.11469,0.1404119,0.1777753,0.5446503,-2.292054
65.75514,-54.40076,0.1505933,0.1806362,0.5415891,-2.294466
65.83092,-53.68791,0.1611318,0.1828108,0.5391559,-2.296822
65.90669,-52.97504,0.1722194,0.1843076,0.5373341,-2.299122
65.97643,-52.32182,0.1831854,0.1850871,0.5361899,-2.301189
66.04617,-51.65448,0.1945471,0.1853127,0.5355338,-2.303208
66.11591,-50.96013,0.2061954,0.1849941,0.5353529,-2.30518
66.18565,-50.2476,0.2186347,0.1841151,0.5356572,-2.307102
66.24322,-49.65369,0.2298977,0.1829508,0.5362857,-2.308648
66.30079,-49.02714,0.2416602,0.1814056,0.5372417,-2.310159
66.35836,-48.35302,0.2538798,0.1794783,0.5385264,-2.311632
66.41593,-47.64114,0.2670701,0.1771391,0.5401662,-2.313065
66.46606,-46.99713,0.279744,0.174741,0.5419067,-2.314277
66.51618,-46.30044,0.2932512,0.1720126,0.5439359,-2.315454
66.56631,-45.53466,0.3076539,0.1689419,0.5462683,-2.316596
66.61644,-44.7028,0.3234156,0.1654932,0.5489395,-2.317697
66.66501,-43.83587,0.3404544,0.1617526,0.5518912,-2.318721
66.71358,-42.86845,0.3591032,0.1576121,0.5552166,-2.3197
66.76216,-41.77349,0.3795404,0.1530465,0.5589518,-2.32063
66.81073,-40.5508,0.4024029,0.1480034,0.5631629,-2.321503
66.85899,-39.21152,0.428165,0.1424693,0.5678926,-2.322307
66.90725,-37.68878,0.4568487,0.1364069,0.5732104,-2.323041
66.95551,-35.9589,0.4885405,0.1298113,0.5791785,-2.323698
67.00377,-34.06298,0.5236689,0.1226782,0.5858865,-2.324268
67.05129,-32.07163,0.561431,0.1151777,0.5932677,-2.324737
67.09881,-30.03382,0.6013025,0.1073395,0.6014242,-2.325108
67.14633,-28.10312,0.6419615,0.09933339,0.6103012,-2.325383
67.19385,-26.44177,0.6811328,0.09138812,0.6197234,-2.325571
67.22033,-25.7011,0.7012972,0.08708213,0.6251118,-2.325646
67.24681,-25.15131,0.7198917,0.08290653,0.6305351,-2.325703
67.27329,-24.82496,0.7365904,0.07889472,0.6359315,-2.325748
67.29977,-24.73131,0.7509951,0.07508012,0.6412269,-2.325788
67.32625,-24.86854,0.7627445,0.07149216,0.6463452,-2.325828
67.35273,-25.2522,0.7718051,0.06814628,0.6512298,-2.325876
67.37921,-25.87998,0.7781097,0.06505702,0.6558255,-2.325936
67.40569,-26.72255,0.7814505,0.06224184,0.6600736,-2.326016
67.43283,-27.77242,0.7816047,0.05965558,0.6640154,-2.326124
67.45997,-29.00108,0.7785749,0.05737424,0.6675147,-2.326263
67.48712,-30.38616,0.7723791,0.05540141,0.6705496,-2.326437
67.51426,-31.89004,0.762851,0.05374449,0.673099,-2.32665
67.5441,-33.64485,0.7484239,0.0522914,0.67533,-2.326933
67.57393,-35.48609,0.7298642,0.05122164,0.6769662,-2.32727
67.60377,-37.38772,0.7071016,0.05053513,0.6780126,-2.327662
67.6336,-39.33404,0.6801934,0.05022824,0.6784834,-2.328113
67.66118,-41.1666,0.6518134,0.05027673,0.6784252,-2.32858
67.68876,-43.01011,0.6200071,0.05064722,0.6779026,-2.329098
67.71634,-44.84617,0.5848748,0.05134125,0.6769296,-2.329668
67.74392,-46.67057,0.5469553,0.05235298,0.6755312,-2.330287
67.7715,-48.47585,0.5069419,0.053676,0.6737348,-2.330957
67.79909,-50.22847,0.4652383,0.05531382,0.6715591,-2.331675
67.82667,-51.901,0.4225638,0.05726292,0.6690313,-2.33244
67.85425,-53.47297,0.3800192,0.05951059,0.6661876,-2.333251
67.88393,-55.02876,0.3357248,0.06224443,0.6628184,-2.334169
67.91362,-56.41234,0.2939682,0.06528317,0.6591744,-2.33513
67.94331,-57.60626,0.255676,0.06859568,0.6553048,-2.33613
67.973,-58.60699,0.2216754,0.07214224,0.6512605,-2.337162
68.00357,-59.44228,0.1916355,0.07599219,0.6469651,-2.338252
68.03414,-60.0934,0.166507,0.07999836,0.642581,-2.339365
68.06472,-60.57998,0.1460121,0.08411662,0.6381481,-2.340494
68.09529,-60.92375,0.1296933,0.08830498,0.6337019,-2.341636
68.12172,-61.12327,0.1184833,0.09195298,0.6298708,-2.34263
68.14815,-61.2463,0.1095771,0.09560522,0.6260668,-2.343628
68.17458,-61.30467,0.1026405,0.09924435,0.6223028,-2.344628
68.20101,-61.30844,0.09733737,0.1028552,0.6185896,-2.345629
68.22743,-61.26632,0.09336487,0.106425,0.6149364,-2.346629
68.25386,-61.18608,0.09051329,0.1099435,0.61135,-2.347627
68.28029,-61.07407,0.08859541,0.1134023,0.6078362,-2.348622
68.30672,-60.93557,0.08743774,0.1167943,0.6043998,-2.349613
68.33792,-60.74393,0.08685525,0.1207041,0.6004485,-2.350778
68.36912,-60.52762,0.0869808,0.1245053,0.5966152,-2.351936
68.40032,-60.29158,0.08768722,0.1281921,0.5929036,-2.353087
68.43152,-60.03978,0.08885993,0.1317598,0.5893166,-2.35423
68.46942,-59.71728,0.09078643,0.1359284,0.58513,-2.355607
68.50731,-59.38095,0.09317697,0.1399124,0.5811318,-2.356971
68.54521,-59.0345,0.09595293,0.1437093,0.5773229,-2.358321
68.58311,-58.68079,0.09904823,0.1473174,0.5737036,-2.359658
68.63741,-58.16566,0.1039522,0.1521562,0.568847,-2.361548
68.69171,-57.64522,0.1093187,0.1566068,0.5643737,-2.36341
68.74601,-57.12302,0.115071,0.1606725,0.5602771,-2.365242
68.80032,-56.60128,0.1211728,0.1643561,0.556551,-2.367045
68.88255,-55.81544,0.1311137,0.1692131,0.5516004,-2.369719
68.96479,-55.03578,0.14162,0.1732247,0.5474509,-2.372327
69.04702,-54.2614,0.1525279,0.1764146,0.5440687,-2.374869
69.12925,-53.49087,0.1640799,0.1787958,0.5414307,-2.377346
69.19965,-52.83664,0.1747697,0.1801951,0.5397518,-2.379414
69.27004,-52.1732,0.185806,0.1810266,0.5385818,-2.381433
69.34043,-51.48922,0.1970593,0.1813035,0.5379037,-2.383405
69.41083,-50.79368,0.2090104,0.1810143,0.5377225,-2.385328
69.46822,-50.2253,0.2196281,0.1803485,0.5379491,-2.386857
69.52562,-49.63273,0.2306449,0.1793129,0.5384967,-2.388352
69.58302,-49.00426,0.2420125,0.1779096,0.5393633,-2.389812
69.64041,-48.3484,0.2541534,0.1761172,0.5405667,-2.391234
69.69124,-47.7508,0.2658835,0.1741865,0.5419304,-2.392461
69.74207,-47.11317,0.2782783,0.171941,0.5435691,-2.393655
69.7929,-46.42273,0.2913709,0.1693733,0.5454917,-2.394816
69.84372,-45.68302,0.3055392,0.1664572,0.5477243,-2.39594
69.89368,-44.91147,0.32091,0.1632217,0.5502512,-2.397005
69.94364,-44.06231,0.3375567,0.1596179,0.5531166,-2.39803
69.9936,-43.11343,0.3555993,0.1556276,0.5563462,-2.39901
70.04356,-42.0667,0.3755952,0.1512067,0.5599918,-2.39994
70.09303,-40.93803,0.3979107,0.1463593,0.5640711,-2.400805
70.14249,-39.66243,0.4225757,0.1410387,0.5686468,-2.40161
70.19196,-38.21059,0.4497216,0.1352296,0.5737691,-2.40235
70.24142,-36.60611,0.4799875,0.1288976,0.5795233,-2.403013
70.28948,-34.92449,0.512689,0.1222413,0.5857892,-2.403578
70.33754,-33.11626,0.5480076,0.1151574,0.5927445,-2.404057
70.38559,-31.24582,0.5852451,0.1077424,0.600393,-2.404448
70.43365,-29.4402,0.6233393,0.1001379,0.6086928,-2.404751
70.4633,-28.42474,0.6465316,0.09543564,0.6140895,-2.404896
70.49294,-27.53685,0.6688939,0.09078641,0.619642,-2.405012
70.52259,-26.82557,0.689973,0.08623868,0.6252939,-2.405104
70.55224,-26.32068,0.7091826,0.08184391,0.6309682,-2.405178
70.58188,-26.0407,0.7259172,0.07765166,0.6365756,-2.405241
70.61153,-26.02925,0.7399924,0.07369261,0.6420439,-2.4053
70.64118,-26.30666,0.7511976,0.06999548,0.6472962,-2.405362
70.67082,-26.8497,0.7591137,0.06659317,0.6522428,-2.405435
70.69886,-27.57682,0.7632464,0.06367128,0.6565656,-2.405524
70.7269,-28.51594,0.764253,0.06104283,0.6605055,-2.405635
70.75494,-29.65085,0.7621338,0.05871565,0.6640265,-2.405776
70.78299,-30.94173,0.756671,0.05670253,0.6670907,-2.40595
70.81205,-32.40624,0.7473075,0.05495623,0.6697579,-2.406171
70.84112,-33.98599,0.7342638,0.05355515,0.6719015,-2.406436
70.87019,-35.6576,0.7175063,0.05250064,0.6735167,-2.406748
70.89926,-37.39752,0.6969734,0.05179371,0.6746039,-2.40711
70.92872,-39.21703,0.6723982,0.05142874,0.6751773,-2.407529
70.95818,-41.07091,0.6439502,0.05141975,0.6752262,-2.408002
70.98764,-42.93683,0.6116351,0.05176882,0.6747611,-2.40853
71.0171,-44.81142,0.5759203,0.05246935,0.6738069,-2.409114
71.04657,-46.69007,0.537449,0.05351379,0.6723918,-2.409752
71.07603,-48.53495,0.4964494,0.05490851,0.6705314,-2.410444
71.10549,-50.31549,0.453537,0.05665245,0.6682517,-2.41119
71.13495,-52.0122,0.4098942,0.05873264,0.6655925,-2.411988
71.16481,-53.62272,0.3662785,0.06116653,0.662555,-2.412845
71.19466,-55.08587,0.3241923,0.06391452,0.659212,-2.413747
71.22452,-56.37808,0.2846341,0.06695145,0.6556102,-2.414691
71.25437,-57.48881,0.2486218,0.07024227,0.6517999,-2.41567
71.28515,-58.4425,0.2159818,0.07385846,0.647706,-2.416711
71.31594,-59.20772,0.1880156,0.07765869,0.6434906,-2.417778
71.34672,-59.79879,0.1646595,0.08159893,0.6391974,-2.418866
71.3775,-60.23518,0.1456516,0.08563573,0.6348656,-2.419969
71.40651,-60.52467,0.1312835,0.08949225,0.6307784,-2.421019
71.43553,-60.71358,0.1198976,0.09337074,0.626709,-2.422075
71.46454,-60.81789,0.1110739,0.09724676,0.6226762,-2.423136
71.49355,-60.85116,0.1043747,0.1010989,0.6186961,-2.424198
71.52256,-60.82533,0.09939226,0.104909,0.6147819,-2.425259
71.55157,-60.75114,0.09584626,0.108663,0.6109435,-2.426319
71.58059,-60.63726,0.0934876,0.1123494,0.6071889,-2.427376
71.6096,-60.49068,0.09208205,0.1159582,0.6035251,-2.428429
71.64133,-60.29973,0.09141022,0.1198072,0.5996281,-2.429575
71.67306,-60.08311,0.09149257,0.1235463,0.5958512,-2.430713
71.70479,-59.84604,0.09219422,0.1271695,0.592198,-2.431845
71.73652,-59.59264,0.09339419,0.130672,0.5886718,-2.432968
71.77544,-59.26439,0.09541121,0.1347977,0.5845233,-2.434334
71.81436,-58.92171,0.09793259,0.138732,0.5805709,-2.435686
71.85329,-58.56856,0.1008713,0.1424722,0.5768155,-2.437024
71.89221,-58.20796,0.1041548,0.1460163,0.5732573,-2.438348
71.94801,-57.68246,0.1093686,0.1507537,0.5684986,-2.44022
72.00382,-57.15172,0.1150768,0.1550876,0.5641388,-2.442062
72.05963,-56.61937,0.1211931,0.1590215,0.5601707,-2.443874
72.11544,-56.08758,0.1276806,0.1625584,0.5565875,-2.445654
72.1946,-55.33757,0.137563,0.1669002,0.5521523,-2.448127
72.27376,-54.59187,0.1479719,0.170471,0.548447,-2.450539
72.35292,-53.84836,0.1587493,0.1732916,0.5454423,-2.452891
72.43209,-53.10732,0.1701415,0.1753717,0.543119,-2.455182
72.49997,-52.47707,0.1806802,0.1765676,0.5416602,-2.457098
72.56785,-51.83686,0.1915517,0.1772414,0.5406702,-2.458969
72.63573,-51.17593,0.2026347,0.1774048,0.5401344,-2.460796
72.70361,-50.50331,0.2143788,0.1770467,0.5400583,-2.462577
72.75984,-49.94453,0.2249422,0.1763447,0.5403502,-2.464015
72.81607,-49.36236,0.2359026,0.1752911,0.5409493,-2.465421
72.87229,-48.74599,0.2472174,0.1738878,0.5418538,-2.466793
72.92852,-48.1033,0.2592728,0.172116,0.5430802,-2.468129
72.97936,-47.50557,0.2711311,0.170179,0.5444824,-2.469304
73.0302,-46.86856,0.283652,0.167932,0.5461583,-2.470447
73.08105,-46.17978,0.2968617,0.165369,0.548116,-2.471557
73.13189,-45.4435,0.3111308,0.1624652,0.5503808,-2.47263
73.18204,-44.67549,0.3266318,0.1592398,0.5529449,-2.473649
73.23218,-43.83267,0.3433728,0.1556557,0.5558441,-2.474627
73.28233,-42.89412,0.3614492,0.1516981,0.5591018,-2.475561
73.33247,-41.8647,0.3814001,0.1473275,0.5627671,-2.476446
73.38196,-40.76634,0.4034804,0.1425684,0.5668398,-2.477265
73.43146,-39.5358,0.4277238,0.1373692,0.571387,-2.478025
73.48095,-38.14984,0.4541979,0.1317232,0.5764499,-2.478722
73.53045,-36.63713,0.4834402,0.1256072,0.5821005,-2.479348
73.57904,-35.05449,0.515024,0.119153,0.5882738,-2.479885
73.62763,-33.38205,0.5488071,0.1123265,0.5950779,-2.480343
73.67623,-31.68932,0.5840978,0.1052231,0.6025028,-2.480718
73.72482,-30.08849,0.6197809,0.09798112,0.6104878,-2.481013
73.75419,-29.2209,0.6408481,0.09361166,0.6155346,-2.481156
73.78357,-28.47568,0.66106,0.08930003,0.6206978,-2.481274
73.81295,-27.89292,0.6800367,0.08508747,0.6259272,-2.481373
73.84232,-27.49466,0.697267,0.08101878,0.6311551,-2.481456
73.8717,-27.29402,0.7122248,0.07713727,0.6363049,-2.481532
73.90107,-27.32729,0.7247526,0.07346988,0.6413157,-2.481605
73.93045,-27.61118,0.7346537,0.07004262,0.6461222,-2.481682
73.95982,-28.12707,0.7415446,0.06688551,0.6506479,-2.481771
73.98889,-28.83879,0.7450635,0.0640526,0.6547804,-2.481877
74.01795,-29.75598,0.7454085,0.06151604,0.6585322,-2.482007
74.04702,-30.8647,0.7425634,0.05928485,0.6618671,-2.482166
74.07609,-32.127,0.7362878,0.05737301,0.6647464,-2.482359
74.10645,-33.57321,0.7258917,0.05572699,0.6672394,-2.482602
74.1368,-35.1371,0.7116481,0.05443916,0.6691995,-2.482892
74.16716,-36.79507,0.6935168,0.05351211,0.6706202,-2.483229
74.19752,-38.52479,0.6714682,0.05294721,0.6715017,-2.483619
74.22542,-40.16515,0.6478376,0.05274563,0.6718441,-2.484023
74.25332,-41.83655,0.6209652,0.05285019,0.671744,-2.484473
74.28123,-43.5213,0.5909101,0.05326255,0.6712101,-2.484971
74.30913,-45.21332,0.5580506,0.05397842,0.6702606,-2.485516
74.33703,-46.90532,0.5228951,0.05499261,0.6689168,-2.486107
74.36493,-48.56859,0.4857128,0.05630827,0.667193,-2.486745
74.39283,-50.17879,0.4470335,0.05792326,0.6651107,-2.487429
74.42073,-51.71833,0.407749,0.05982744,0.6627008,-2.488157
74.45161,-53.3167,0.36478,0.06225585,0.6596927,-2.489011
74.48249,-54.76808,0.3232879,0.06500543,0.656368,-2.489911
74.51337,-56.04778,0.2842728,0.06804956,0.6527753,-2.490853
74.54425,-57.14502,0.2487743,0.0713511,0.6489675,-2.491832
74.57558,-58.07032,0.217127,0.07492025,0.6449385,-2.492857
74.60691,-58.8117,0.1899786,0.07866806,0.6407893,-2.493907
74.63824,-59.38288,0.167271,0.08255082,0.6365634,-2.494978
74.66957,-59.80271,0.1487643,0.08652547,0.6323005,-2.496063
74.70023,-60.08751,0.1342844,0.09046542,0.6281258,-2.497136
74.73089,-60.26653,0.122912,0.09442425,0.6239731,-2.498215
74.76155,-60.35713,0.1142011,0.09837514,0.6198631,-2.499299
74.79221,-60.37388,0.1076881,0.1022947,0.6158138,-2.500383
74.82287,-60.32955,0.1029426,0.1061632,0.6118399,-2.501467
74.85353,-60.23573,0.09967084,0.1099657,0.607952,-2.502548
74.88419,-60.10168,0.09761325,0.1136899,0.6041589,-2.503626
74.91485,-59.93472,0.09652673,0.1173252,0.6004679,-2.504698
74.9482,-59.72272,0.0962174,0.1211701,0.5965748,-2.505858
74.98156,-59.4857,0.09666646,0.1248924,0.5928143,-2.50701
75.01492,-59.22898,0.09773807,0.1284862,0.5891904,-2.508154
75.04828,-58.95673,0.09931151,0.1319467,0.5857059,-2.509288
75.09002,-58.59925,0.1018481,0.1360833,0.5815456,-2.510694
75.13176,-58.22812,0.1049133,0.1400016,0.5776082,-2.512084
75.17349,-57.8475,0.1084152,0.1436992,0.5738939,-2.513458
75.21523,-57.46042,0.112279,0.1471747,0.5704025,-2.514815
75.27769,-56.87401,0.1186404,0.1519582,0.5655919,-2.516814
75.34014,-56.28406,0.1255602,0.1562468,0.5612679,-2.518775
75.4026,-55.69421,0.1329283,0.160047,0.5574188,-2.520698
75.46505,-55.1061,0.1407286,0.1633636,0.5540345,-2.522583
75.53839,-54.42028,0.150513,0.1666467,0.5506413,-2.524748
75.61173,-53.73595,0.1607325,0.1692875,0.5478505,-2.526862
75.68507,-53.04894,0.1712642,0.1713018,0.5456399,-2.528924
75.75841,-52.36127,0.1823492,0.1726946,0.5439972,-2.530934
75.82287,-51.76064,0.1928155,0.1734051,0.5430173,-2.532657
75.88733,-51.14755,0.2036166,0.1736533,0.5424513,-2.534341
75.95178,-50.51159,0.2146505,0.1734487,0.5422878,-2.535983
76.01624,-49.86162,0.2263309,0.1727791,0.5425348,-2.537584
76.07119,-49.30375,0.2371222,0.1718297,0.543078,-2.538913
76.12614,-48.72048,0.2483449,0.1705467,0.5439146,-2.540211
76.18109,-48.10097,0.2599633,0.168931,0.5450442,-2.541475
76.23604,-47.45307,0.2723526,0.166964,0.5464843,-2.542704
76.28668,-46.83753,0.2847772,0.1648221,0.5481038,-2.543803
76.33731,-46.17929,0.2979206,0.1623727,0.5499995,-2.54487
76.38795,-45.4651,0.3118065,0.15961,0.5521805,-2.545902
76.43858,-44.70058,0.326825,0.1565085,0.5546744,-2.546896
76.48843,-43.90499,0.3431185,0.1530971,0.5574662,-2.547834
76.53827,-43.03184,0.3607045,0.1493331,0.5605989,-2.54873
76.58812,-42.0609,0.3796579,0.1452053,0.564095,-2.549581
76.63796,-41.00123,0.4005047,0.1406785,0.5680037,-2.550381
76.68719,-39.87815,0.4234402,0.1357851,0.5723203,-2.551116
76.73641,-38.63516,0.4484342,0.1304838,0.5771081,-2.551792
76.78563,-37.26038,0.4754512,0.1247827,0.5823985,-2.552405
76.83486,-35.79372,0.5048085,0.118683,0.588244,-2.552948
76.88482,-34.24098,0.5367939,0.1121259,0.5947666,-2.553423
76.93478,-32.68023,0.5702593,0.1052957,0.6018725,-2.553819
76.98474,-31.22092,0.6043485,0.09831145,0.609514,-2.554138
77.0347,-29.95782,0.6373199,0.09134701,0.6175517,-2.554388
77.06349,-29.36118,0.6549783,0.08742139,0.6222843,-2.554507
77.09228,-28.91194,0.6713968,0.08359667,0.6270444,-2.55461
77.12107,-28.63885,0.6862818,0.07990516,0.6317824,-2.554702
77.14986,-28.54857,0.6991989,0.07638284,0.6364346,-2.554789
77.17865,-28.64062,0.7097284,0.07306308,0.6409339,-2.554877
77.20744,-28.93777,0.7178106,0.06996386,0.645233,-2.55497
77.23623,-29.4451,0.723318,0.06710371,0.6492814,-2.555074
77.26502,-30.14112,0.7259544,0.06450498,0.6530222,-2.555195
77.29517,-31.04365,0.7253528,0.06208452,0.6565548,-2.555347
77.32531,-32.12323,0.7214055,0.05997687,0.6596661,-2.555529
77.35546,-33.3638,0.7140882,0.05818963,0.6623281,-2.555745
77.3856,-34.7319,0.703191,0.05673405,0.6645129,-2.556
77.41922,-36.37821,0.6867194,0.05550832,0.666369,-2.556335
77.45285,-38.12928,0.6656735,0.05470505,0.6676065,-2.556728
77.48648,-39.9548,0.6399877,0.05432898,0.6682223,-2.557181
77.5201,-41.84001,0.6099023,0.05437736,0.6682291,-2.557696
77.5499,-43.55201,0.5799178,0.05477024,0.6677437,-2.558206
77.5797,-45.27327,0.5468411,0.05549771,0.6668035,-2.558767
77.60949,-46.97914,0.5109472,0.05656128,0.6654235,-2.559379
77.63929,-48.65752,0.4730005,0.05795282,0.6636319,-2.560042
77.66908,-50.29237,0.4339209,0.05966224,0.6614607,-2.560753
77.69888,-51.84555,0.3943176,0.06168651,0.6589356,-2.561511
77.72868,-53.28817,0.3550436,0.06401339,0.6560914,-2.562315
77.75847,-54.60067,0.3172033,0.06662043,0.652971,-2.563159
77.7901,-55.83417,0.2797789,0.06966371,0.6494067,-2.564095
77.82173,-56.88722,0.2458171,0.07295776,0.6456314,-2.565067
77.85337,-57.75664,0.2158065,0.07646266,0.6416949,-2.566069
77.885,-58.45066,0.1900722,0.08013411,0.6376458,-2.567096
77.91831,-59.0087,0.1675841,0.08413138,0.6333083,-2.568197
77.95162,-59.40949,0.1494174,0.08821786,0.6289368,-2.569314
77.98494,-59.67532,0.1351154,0.09235186,0.6245671,-2.570442
78.01825,-59.82707,0.1241378,0.09649556,0.6202307,-2.571577
78.05719,-59.88584,0.1147136,0.1013074,0.6152392,-2.572906
78.09613,-59.84412,0.1083041,0.1060488,0.6103577,-2.574235
78.13507,-59.72468,0.1043248,0.110689,0.6056089,-2.575561
78.174,-59.54335,0.1021791,0.1152023,0.6010121,-2.57688
78.20663,-59.35311,0.1014387,0.1188714,0.5972884,-2.577979
78.23925,-59.1364,0.1015126,0.1224294,0.5936868,-2.57907
78.27187,-58.89861,0.1022582,0.12587,0.5902115,-2.580154
78.3045,-58.64403,0.1035488,0.1291879,0.5868658,-2.581229
78.34612,-58.30018,0.1058322,0.1332372,0.5827889,-2.582589
78.38775,-57.94058,0.1087113,0.1370755,0.5789292,-2.583933
78.42938,-57.56985,0.1120796,0.1406996,0.5752875,-2.585261
78.471,-57.19129,0.1158494,0.1441073,0.5718641,-2.586573
78.53074,-56.63924,0.1218507,0.1486172,0.5673309,-2.588428
78.59048,-56.08206,0.1284168,0.1526811,0.5632384,-2.590248
78.65022,-55.52349,0.1354387,0.1563036,0.5595772,-2.592033
78.70996,-54.96536,0.1428841,0.1594884,0.5563391,-2.593785
78.78464,-54.27181,0.1528601,0.1628581,0.5528749,-2.595925
78.85932,-53.57869,0.1633011,0.1655677,0.5500333,-2.598013
78.93399,-52.88153,0.1740516,0.1676339,0.5477904,-2.600047
79.00867,-52.18368,0.1853946,0.1690609,0.5461347,-2.602028
79.0723,-51.59364,0.1958143,0.1697712,0.5451827,-2.603673
79.13594,-50.99106,0.206549,0.1700356,0.544632,-2.605279
79.19957,-50.36557,0.217487,0.1698638,0.5444713,-2.606846
79.2632,-49.72713,0.2290509,0.1692438,0.5447088,-2.608372
79.3171,-49.18391,0.2396503,0.1683574,0.5452296,-2.609631
79.371,-48.61729,0.250651,0.1671547,0.5460305,-2.61086
79.42489,-48.01754,0.2620168,0.1656376,0.5471104,-2.612057
79.47879,-47.39231,0.2740902,0.1637898,0.5484848,-2.613221
79.52918,-46.79134,0.2863192,0.1617474,0.5500516,-2.614276
79.57957,-46.15149,0.2992184,0.1594096,0.5518861,-2.6153
79.62996,-45.46085,0.3128014,0.1567725,0.5539953,-2.61629
79.68035,-44.72545,0.3274238,0.1538143,0.5564037,-2.617245
79.73053,-43.95548,0.3433945,0.1505251,0.5591277,-2.618156
79.78072,-43.11564,0.3605511,0.1468993,0.5621803,-2.619026
79.8309,-42.18796,0.3789402,0.1429294,0.56558,-2.619853
79.88108,-41.18345,0.3990454,0.1385855,0.5693702,-2.620631
79.9308,-40.125,0.4210993,0.1338878,0.5735548,-2.621349
79.98051,-38.96377,0.4449676,0.1288143,0.5781779,-2.622011
80.03023,-37.69053,0.4705813,0.1233765,0.5832629,-2.622614
80.07994,-36.34488,0.4982284,0.1175775,0.5888529,-2.623151
80.13054,-34.92982,0.5282529,0.1113448,0.5950744,-2.623628
80.18113,-33.51767,0.5595128,0.1048653,0.6018164,-2.624033
80.23173,-32.20408,0.5912643,0.09824424,0.6090317,-2.624366
80.28232,-31.06819,0.6219573,0.09163733,0.6165935,-2.624637
80.31206,-30.51921,0.6387348,0.08783334,0.6211267,-2.624773
80.3418,-30.10628,0.6543452,0.08412322,0.6256829,-2.624893
80.37155,-29.85687,0.6685094,0.08053856,0.6302157,-2.625004
80.40129,-29.77653,0.6807868,0.07711586,0.6346641,-2.625109
80.43103,-29.8647,0.6907458,0.07388938,0.6389639,-2.625215
80.46077,-30.14577,0.6983267,0.07087761,0.6430702,-2.625326
80.49051,-30.62653,0.7033895,0.06810014,0.6469342,-2.625449
80.52025,-31.28733,0.7056125,0.06558092,0.6504998,-2.625588
80.55159,-32.15241,0.7045698,0.06322805,0.653879,-2.625759
80.58292,-33.19267,0.7001381,0.06119145,0.6568411,-2.62596
80.61426,-34.39398,0.6922789,0.05948034,0.6593565,-2.626195
80.6456,-35.72436,0.6807695,0.05810755,0.6613952,-2.62647
80.68084,-37.34656,0.6633914,0.05697566,0.6630988,-2.626831
80.71609,-39.07837,0.6412767,0.05628515,0.6641692,-2.627251
80.75133,-40.88684,0.614365,0.05604293,0.6646007,-2.627734
80.78657,-42.75754,0.5830029,0.05624605,0.6644071,-2.628282
80.81718,-44.42346,0.5525867,0.05677897,0.6637495,-2.628812
80.84779,-46.09399,0.5192923,0.05764967,0.662644,-2.629392
80.8784,-47.74237,0.4834699,0.05885875,0.6611068,-2.630024
80.90901,-49.35384,0.4459636,0.06039638,0.6591679,-2.630705
80.93962,-50.90999,0.4077627,0.06225008,0.6568617,-2.631434
80.97023,-52.37284,0.3695214,0.06441327,0.6542171,-2.63221
81.00084,-53.71489,0.3320945,0.0668697,0.6512713,-2.633028
81.03146,-54.91883,0.2965273,0.06959308,0.6480693,-2.633885
81.06382,-56.02839,0.2619864,0.07272849,0.6444563,-2.634828
81.09619,-56.95984,0.2310761,0.07609022,0.6406583,-2.635804
81.12856,-57.71468,0.2041223,0.07963655,0.6367242,-2.636807
81.16093,-58.30423,0.1812913,0.08332306,0.6327004,-2.637832
81.19566,-58.77214,0.1612337,0.08738384,0.6283323,-2.638949
81.23038,-59.09138,0.1452883,0.09150956,0.6239507,-2.640079
81.26511,-59.28489,0.1329589,0.09565911,0.6195906,-2.641218
81.29983,-59.37308,0.123693,0.09979583,0.6152827,-2.642361
81.33872,-59.36979,0.1162404,0.1043747,0.6105508,-2.643642
81.37761,-59.28201,0.1113195,0.1088661,0.6059396,-2.644921
81.4165,-59.12877,0.108443,0.1132442,0.6014682,-2.646195
81.45538,-58.9234,0.1071308,0.1174879,0.5971526,-2.647462
81.49043,-58.70262,0.1069694,0.1211838,0.5934064,-2.648595
81.52548,-58.4563,0.1076211,0.1247491,0.5898018,-2.649719
81.56053,-58.19006,0.108942,0.1281774,0.5863427,-2.650835
81.59557,-57.9082,0.1108056,0.1314637,0.5830324,-2.65194
81.64109,-57.52433,0.1138791,0.1355137,0.5789584,-2.65336
81.68661,-57.12622,0.1175666,0.1393134,0.5751402,-2.654761
81.73213,-56.7186,0.1217571,0.1428603,0.5715774,-2.656143
81.77765,-56.30464,0.1263635,0.1461529,0.568269,-2.657506
81.84853,-55.65295,0.1342721,0.1507718,0.56362,-2.65959
81.91941,-54.99795,0.1428483,0.1547799,0.5595682,-2.661625
81.99029,-54.3428,0.1519208,0.1581875,0.5560956,-2.663613
82.06118,-53.68883,0.1615437,0.1610011,0.5531887,-2.665553
82.13028,-53.05549,0.1716096,0.1631757,0.5508887,-2.667398
82.19938,-52.41813,0.182046,0.1648074,0.5490929,-2.669198
82.26848,-51.76973,0.1927204,0.1659097,0.5477835,-2.670953
82.33758,-51.11649,0.2039603,0.1664803,0.5469573,-2.672663
82.39665,-50.56064,0.214306,0.166542,0.5466348,-2.674086
82.45573,-49.98893,0.2249752,0.1662283,0.5466488,-2.675475
82.5148,-49.39167,0.2358856,0.165546,0.546992,-2.67683
82.57387,-48.77818,0.2474109,0.1644823,0.5476752,-2.678149
82.62611,-48.22977,0.258412,0.1632125,0.5485727,-2.679283
82.67834,-47.65477,0.2698739,0.1616468,0.5497349,-2.680387
82.73058,-47.04338,0.2817715,0.1597863,0.5511628,-2.681461
82.78282,-46.40307,0.2944326,0.1576145,0.5528733,-2.682501
82.83311,-45.7665,0.3076565,0.1552124,0.5548054,-2.683469
82.8834,-45.08522,0.3216519,0.1525145,0.5570134,-2.684403
82.9337,-44.34623,0.3364288,0.1495175,0.5595061,-2.685303
82.98399,-43.55787,0.3523698,0.1461988,0.5623113,-2.686163
83.03401,-42.7344,0.3697651,0.1425564,0.5654419,-2.686977
83.08403,-41.83717,0.3884336,0.1385836,0.5689149,-2.687748
83.13405,-40.85038,0.408381,0.1342791,0.5727479,-2.688472
83.18406,-39.79279,0.4300495,0.1296217,0.5769825,-2.689145
83.23384,-38.68832,0.4536362,0.1246264,0.5816323,-2.689759
83.28361,-37.50707,0.4788187,0.1193059,0.5867177,-2.690316
83.33339,-36.26074,0.505357,0.1136955,0.5922442,-2.690813
83.38317,-35.0038,0.5331459,0.1078361,0.5982186,-2.691248
83.42231,-34.04186,0.5555263,0.1031019,0.6032138,-2.691546
83.46145,-33.1394,0.577882,0.09831354,0.6084364,-2.691808
83.50059,-32.34699,0.5998005,0.09352544,0.613845,-2.692035
83.53973,-31.69533,0.62052,0.08880961,0.6193651,-2.692234
83.57887,-31.19965,0.6390359,0.08424844,0.6248956,-2.692412
83.61801,-30.95416,0.65523,0.07988893,0.6303695,-2.692575
83.65715,-31.01918,0.6687771,0.07578358,0.6356979,-2.692732
83.69629,-31.35646,0.6785089,0.07201207,0.6407371,-2.692895
83.72832,-31.80449,0.6829166,0.06922282,0.6445492,-2.693045
83.76034,-32.45042,0.6844199,0.06670547,0.6480523,-2.693211
83.79237,-33.29234,0.6829396,0.06447575,0.6512038,-2.6934
83.82439,-34.29514,0.6780874,0.06255729,0.6539519,-2.693619
83.8564,-35.42779,0.6695986,0.06096802,0.6562561,-2.693872
83.88841,-36.68965,0.6575891,0.05970958,0.6581039,-2.694164
83.92042,-38.06249,0.6420149,0.05878913,0.6594786,-2.694497
83.95243,-39.52505,0.622826,0.05821301,0.6603692,-2.694876
83.98487,-41.08383,0.5998139,0.05798207,0.660777,-2.695309
84.01731,-42.69565,0.5732001,0.05811202,0.6606859,-2.695793
84.04974,-44.33416,0.5430835,0.05860726,0.6601,-2.69633
84.08218,-45.98871,0.5100269,0.059462,0.6590399,-2.696921
84.11461,-47.64634,0.4747731,0.06066788,0.6575318,-2.697564
84.14705,-49.26448,0.4376837,0.06222766,0.6555927,-2.69826
84.17949,-50.80908,0.39946,0.06413454,0.6532519,-2.699009
84.21192,-52.25834,0.3612867,0.06636833,0.6505529,-2.699805
84.24453,-53.59722,0.3242165,0.06891806,0.6475267,-2.700651
84.27714,-54.78729,0.2891729,0.07174941,0.64423,-2.701538
84.30975,-55.81276,0.2568846,0.07482959,0.6407116,-2.70246
84.34236,-56.67068,0.228051,0.07811819,0.6370223,-2.703414
84.3759,-57.3836,0.2024414,0.0816723,0.6331016,-2.70442
84.40944,-57.93444,0.1808345,0.085358,0.6290972,-2.705447
84.44298,-58.33877,0.1630407,0.08913322,0.6250498,-2.70649
84.47652,-58.61486,0.1487618,0.09295793,0.6209961,-2.707543
84.51209,-58.78879,0.1369731,0.09702857,0.6167243,-2.708669
84.54767,-58.86108,0.1281255,0.1010801,0.6125087,-2.709798
84.58324,-58.85048,0.1217526,0.1050835,0.6083724,-2.710927
84.61882,-58.77184,0.1173908,0.1090142,0.6043352,-2.712055
84.65439,-58.63785,0.1146287,0.1128519,0.6004125,-2.713179
84.68997,-58.46045,0.1131926,0.1165819,0.5966154,-2.714296
84.72554,-58.24874,0.1128438,0.1201923,0.5929522,-2.715407
84.76112,-58.00962,0.1133651,0.1236735,0.5894299,-2.716508
84.80204,-57.7078,0.114819,0.1275086,0.5855591,-2.717764
84.84296,-57.3846,0.1170328,0.1311554,0.581886,-2.719007
84.88388,-57.0457,0.1198684,0.1346086,0.5784132,-2.720235
84.9248,-56.69512,0.123208,0.1378642,0.5751424,-2.721449
84.9805,-56.20463,0.1284168,0.1419732,0.5710165,-2.723077
85.03619,-55.70478,0.1342522,0.1457101,0.5672626,-2.724676
85.09189,-55.19996,0.1405947,0.1490758,0.5638755,-2.726247
85.14758,-54.6925,0.1473795,0.1520717,0.5608499,-2.727788
85.20961,-54.12655,0.1554392,0.1549752,0.5578988,-2.72947
85.27163,-53.55977,0.1639056,0.1574304,0.5553761,-2.731116
85.33366,-52.99123,0.1727016,0.1594454,0.5532695,-2.732727
85.39568,-52.42187,0.1818977,0.1610241,0.5515707,-2.7343
85.4577,-51.85425,0.191628,0.1621684,0.5502738,-2.735837
85.51973,-51.27953,0.2016919,0.1628909,0.5493634,-2.737338
85.58175,-50.69132,0.2120119,0.1632004,0.5488289,-2.738803
85.64378,-50.09441,0.2228353,0.1630931,0.5486709,-2.740229
85.70128,-49.53956,0.2335782,0.1626153,0.5488646,-2.741517
85.75877,-48.96506,0.2447064,0.1617884,0.5493715,-2.742772
85.81627,-48.36074,0.2561498,0.1606178,0.5501872,-2.743993
85.87377,-47.73602,0.2682727,0.1590894,0.5513248,-2.745179
85.92611,-47.15829,0.2802202,0.1573729,0.5526541,-2.746225
85.97846,-46.54768,0.2927184,0.1553609,0.5542532,-2.747239
86.03081,-45.89243,0.3057327,0.1530546,0.5561242,-2.748221
86.08316,-45.20303,0.3196479,0.1504343,0.5582891,-2.749167
86.13286,-44.52677,0.3340435,0.1476371,0.5606387,-2.75003
86.18257,-43.80009,0.3492953,0.1445517,0.5632697,-2.750857
86.23227,-43.00961,0.3653942,0.1411773,0.5661915,-2.751648
86.28198,-42.16857,0.3827424,0.1374927,0.5694341,-2.752398
86.33106,-41.30167,0.401455,0.1335325,0.5729812,-2.753095
86.38014,-40.36698,0.4214124,0.1292714,0.5768699,-2.753747
86.42922,-39.35663,0.4425475,0.1247193,0.5811116,-2.754353
86.47831,-38.29837,0.465138,0.1198738,0.5857351,-2.754908
86.52904,-37.17648,0.4900183,0.1145761,0.5909292,-2.755425
86.57977,-36.03803,0.5159648,0.10904,0.5965307,-2.755884
86.63051,-34.93044,0.5425427,0.1033299,0.6025146,-2.756285
86.68124,-33.90918,0.5689766,0.09753773,0.6088207,-2.756633
86.71394,-33.32483,0.5854224,0.09381596,0.6130104,-2.756831
86.74663,-32.8333,0.6011446,0.0901381,0.6172647,-2.757011
86.77932,-32.46242,0.6158788,0.08653647,0.6215465,-2.757176
86.81202,-32.22257,0.629172,0.08305094,0.6258026,-2.757331
86.84471,-32.11918,0.6405393,0.07972178,0.6299731,-2.757482
86.87741,-32.18597,0.6498781,0.07657315,0.6340148,-2.757631
86.9101,-32.44013,0.6569882,0.07363154,0.6378774,-2.757785
86.94279,-32.86887,0.661431,0.07093026,0.6414973,-2.75795
86.97673,-33.47993,0.6627877,0.06841206,0.6449337,-2.75814
87.01067,-34.27566,0.6609043,0.06619695,0.6480066,-2.758354
87.04461,-35.25084,0.6557037,0.06430037,0.6506764,-2.758596
87.07855,-36.37425,0.6468588,0.06274352,0.6528986,-2.758875
87.11486,-37.71297,0.6331708,0.06146955,0.6547462,-2.759217
87.15118,-39.18046,0.6151627,0.06060793,0.6560286,-2.759611
87.1875,-40.74952,0.5927945,0.0601686,0.6567302,-2.76006
87.22382,-42.40044,0.5662561,0.06015492,0.6568498,-2.760567
87.25548,-43.89283,0.5400336,0.06048912,0.6564872,-2.761059
87.28713,-45.40684,0.5110277,0.06115108,0.6556933,-2.761598
87.31878,-46.91706,0.479518,0.06214194,0.654479,-2.762185
87.35044,-48.4089,0.4462003,0.06345326,0.6528687,-2.76282
87.38209,-49.86496,0.4119044,0.06507371,0.6508915,-2.7635
87.41375,-51.24936,0.3771689,0.06699758,0.6485719,-2.764226
87.4454,-52.53505,0.34273,0.06921035,0.6459432,-2.764994
87.47705,-53.7045,0.3095449,0.07168779,0.643047,-2.7658
87.51091,-54.81135,0.2764614,0.07459791,0.6397031,-2.766701
87.54477,-55.75414,0.2463885,0.0777428,0.6361527,-2.767637
87.57863,-56.52943,0.21974,0.08108212,0.6324455,-2.768601
87.61249,-57.1446,0.1968245,0.08457163,0.6286303,-2.769588
87.64794,-57.63182,0.1768637,0.08833829,0.6245689,-2.770641
87.68339,-57.97538,0.1606795,0.0921774,0.6204799,-2.771708
87.71885,-58.19475,0.1478972,0.09604882,0.6163998,-2.772785
87.7543,-58.30862,0.1380904,0.09991622,0.6123603,-2.773867
87.79174,-58.33387,0.1304395,0.1039613,0.6081677,-2.775012
87.82918,-58.28039,0.1251081,0.1079387,0.6040722,-2.776156
87.86662,-58.16409,0.1216947,0.1118252,0.600092,-2.777297
87.90406,-57.99693,0.1198165,0.1156015,0.5962423,-2.778431
87.9415,-57.78877,0.1191536,0.1192524,0.5925346,-2.779559
87.97894,-57.54914,0.1195024,0.1227667,0.5889769,-2.780677
88.01638,-57.28508,0.1206831,0.1261361,0.5855748,-2.781785
88.05382,-57.00181,0.1225368,0.1293537,0.5823329,-2.782883
88.10161,-56.61874,0.1256886,0.1332327,0.5784319,-2.784268
88.1494,-56.21873,0.12957,0.1368502,0.5747991,-2.785634
88.1972,-55.80732,0.1340458,0.1402026,0.5714349,-2.786979
88.24499,-55.38795,0.1390089,0.1432875,0.5683386,-2.788304
88.31883,-54.73075,0.1475392,0.1475247,0.5640781,-2.79031
88.39268,-54.06727,0.1568174,0.1511279,0.5604368,-2.792265
88.46652,-53.40011,0.1666228,0.1541074,0.557396,-2.794171
88.54036,-52.73154,0.1770633,0.1564683,0.5549427,-2.796026
88.60781,-52.12453,0.1873706,0.158085,0.5532079,-2.797675
88.67526,-51.50909,0.1980296,0.1592055,0.5519333,-2.799282
88.74272,-50.8762,0.2088791,0.1598431,0.5511028,-2.800847
88.81017,-50.2364,0.2203299,0.1599904,0.5507191,-2.802368
88.86627,-49.70766,0.2306262,0.1597325,0.5507447,-2.803598
88.92237,-49.16158,0.2412291,0.1591477,0.5510656,-2.804798
88.97847,-48.58897,0.2520585,0.1582424,0.5516762,-2.805967
89.03457,-48.00026,0.2634727,0.1570039,0.552588,-2.807102
89.08499,-47.46561,0.274512,0.1555957,0.5536752,-2.808093
89.13542,-46.90555,0.2859986,0.1539217,0.5550052,-2.809056
89.18584,-46.31161,0.2979056,0.1519839,0.5565787,-2.80999
89.23627,-45.6916,0.3105204,0.1497691,0.5584108,-2.810893
89.2863,-45.05897,0.3240188,0.1472845,0.5605002,-2.811756
89.33632,-44.38549,0.3382492,0.1445252,0.5628552,-2.812586
89.38635,-43.66019,0.3531954,0.1414921,0.5654818,-2.813382
89.43638,-42.89413,0.3691947,0.1381689,0.5684037,-2.81414
89.48691,-42.09157,0.3867542,0.1345025,0.5716801,-2.814865
89.53744,-41.2305,0.4053976,0.1305437,0.5752793,-2.815547
89.58798,-40.30181,0.4250505,0.1263022,0.5792091,-2.816185
89.63851,-39.33147,0.4460258,0.1217724,0.5834967,-2.816774
89.68978,-38.32749,0.468775,0.1168916,0.5882295,-2.817321
89.74106,-37.29841,0.4924891,0.1117736,0.5933298,-2.817815
89.79233,-36.27278,0.5168039,0.10647,0.5987779,-2.818256
89.84361,-35.3037,0.5413038,0.1010452,0.6045403,-2.818646
89.87995,-34.67933,0.558366,0.09717578,0.6087787,-2.818893
89.91629,-34.13675,0.574841,0.09332715,0.613109,-2.819119
89.95263,-33.70784,0.5904471,0.08953616,0.6174931,-2.819327
89.98897,-33.40557,0.6046599,0.08585034,0.6218732,-2.819521
90.02531,-33.2359,0.6168731,0.08232014,0.6261806,-2.819707
90.06165,-33.24537,0.6270023,0.07897464,0.6303686,-2.819891
90.09799,-33.46024,0.6348216,0.07584702,0.6343795,-2.820077
90.13433,-33.86239,0.6397005,0.07298334,0.6381328,-2.820274
90.16939,-34.40765,0.6410887,0.07050913,0.6414382,-2.820482
90.20445,-35.13273,0.6393584,0.06832918,0.6444002,-2.820712
90.2395,-36.0355,0.6344218,0.06646085,0.6469783,-2.82097
90.27456,-37.08552,0.6259125,0.06492842,0.6491249,-2.821261
90.31163,-38.3299,0.6128159,0.06369174,0.650888,-2.821613
90.3487,-39.70357,0.5955793,0.06285738,0.6521119,-2.822013
90.38577,-41.18114,0.5741723,0.06243669,0.6527784,-2.822465
90.42284,-42.74252,0.5487771,0.06243466,0.6528834,-2.822974
90.45523,-44.16135,0.5236259,0.06277558,0.6525209,-2.823467
90.48762,-45.60327,0.4958335,0.06344128,0.6517374,-2.824006
90.52001,-47.04274,0.4656886,0.0644326,0.650543,-2.824592
90.5524,-48.46446,0.4338742,0.06574071,0.6489612,-2.825224
90.58479,-49.85071,0.4011992,0.06735352,0.6470207,-2.825901
90.61718,-51.16661,0.3681834,0.06926403,0.644746,-2.826621
90.64957,-52.38612,0.3355256,0.07145656,0.6421702,-2.827383
90.68196,-53.49277,0.3041284,0.0739059,0.6393344,-2.828183
90.71669,-54.53999,0.2728209,0.07678387,0.6360548,-2.829077
90.75142,-55.42879,0.2444164,0.07988732,0.6325754,-2.830004
90.78616,-56.15636,0.2192833,0.08317561,0.6289456,-2.830959
90.82089,-56.73032,0.1977018,0.08660459,0.6252141,-2.831937
90.8573,-57.1815,0.178916,0.09030229,0.6212419,-2.83298
90.89371,-57.49477,0.1637155,0.09406336,0.6172481,-2.834036
90.93012,-57.68883,0.1517436,0.09784826,0.6132688,-2.835101
90.96653,-57.78163,0.1426031,0.1016213,0.6093357,-2.836171
91.00531,-57.78807,0.1354857,0.1055932,0.605226,-2.837312
91.0441,-57.71769,0.1306262,0.1094884,0.6012211,-2.838452
91.08288,-57.58621,0.1276368,0.1132837,0.5973399,-2.839587
91.12167,-57.4053,0.1261502,0.1169598,0.5935973,-2.840716
91.16045,-57.1846,0.1258603,0.1205015,0.5900052,-2.841836
91.19924,-56.93354,0.1265681,0.123898,0.5865713,-2.842947
91.23803,-56.65906,0.1280988,0.1271408,0.5833012,-2.844047
91.27681,-56.36618,0.1302982,0.1302233,0.5801992,-2.845135
91.32815,-55.95681,0.1340391,0.1340493,0.5763562,-2.846558
91.3795,-55.53044,0.1385602,0.1375796,0.5728147,-2.847958
91.43084,-55.09295,0.1437142,0.1408109,0.5695742,-2.849335
91.48218,-54.64763,0.1493888,0.1437412,0.5666333,-2.850689
91.54581,-54.08886,0.1570652,0.1469539,0.5634003,-2.852334
91.60944,-53.52511,0.1652954,0.1497079,0.5606131,-2.853942
91.67307,-52.95729,0.1739601,0.1520093,0.5582604,-2.855514
91.73671,-52.3871,0.1830987,0.1538613,0.5563342,-2.857048
91.80034,-51.81816,0.1928385,0.1552649,0.5548288,-2.858545
91.86397,-51.24183,0.2029371,0.1562339,0.5537275,-2.860004
91.9276,-50.65168,0.2132845,0.156778,0.5530181,-2.861426
91.99123,-50.05428,0.2241515,0.1568936,0.5527011,-2.862809
92.04856,-49.51718,0.2346547,0.1566253,0.5527546,-2.864021
92.1059,-48.96284,0.2454956,0.1560208,0.5531139,-2.865201
92.16324,-48.38184,0.2565857,0.1550871,0.5537724,-2.86635
92.22057,-47.78489,0.2682827,0.1538121,0.5547417,-2.867463
92.27234,-47.24163,0.2796622,0.1523571,0.5558948,-2.868438
92.3241,-46.67207,0.2914907,0.1506295,0.5572994,-2.869383
92.37587,-46.06665,0.3037185,0.1486329,0.558955,-2.870298
92.42764,-45.43614,0.3166769,0.1463531,0.5608782,-2.871182
92.47738,-44.81694,0.3301158,0.1438826,0.5629947,-2.871997
92.52712,-44.15986,0.344223,0.1411528,0.565366,-2.872781
92.57686,-43.45477,0.3589604,0.1381672,0.567996,-2.873532
92.6266,-42.71524,0.374657,0.1349117,0.5709062,-2.874246
92.67641,-41.95418,0.3916302,0.1313704,0.5741223,-2.874922
92.72622,-41.14625,0.4095129,0.1275696,0.5776323,-2.875559
92.77603,-40.28589,0.4282052,0.1235226,0.581439,-2.876156
92.82584,-39.39905,0.4479447,0.11923,0.5855609,-2.876708
92.87749,-38.47388,0.4695441,0.1145365,0.5901738,-2.877233
92.92914,-37.54528,0.4918099,0.1096464,0.5951089,-2.87771
92.98078,-36.64503,0.5143793,0.1046121,0.6003396,-2.878139
93.03243,-35.81793,0.536753,0.09950107,0.6058199,-2.878524
93.06831,-35.30933,0.5517694,0.09595124,0.6097357,-2.878767
93.1042,-34.88276,0.5660929,0.09243712,0.613707,-2.878994
93.14008,-34.56413,0.5794844,0.08899037,0.6176991,-2.879206
93.17596,-34.36188,0.5914874,0.08565199,0.6216602,-2.879409
93.21185,-34.27958,0.6015943,0.08246464,0.6255319,-2.879607
93.24773,-34.35343,0.609733,0.07945315,0.6292739,-2.879805
93.28362,-34.60285,0.6157039,0.07664625,0.6328371,-2.880008
93.3195,-35.01418,0.6189954,0.07408255,0.6361561,-2.880222
93.35637,-35.58834,0.6190978,0.07173768,0.639247,-2.880462
93.39325,-36.33742,0.6159764,0.06970004,0.6419784,-2.880726
93.43012,-37.2592,0.6095403,0.06798854,0.6443095,-2.88102
93.467,-38.32439,0.599431,0.06662862,0.6461934,-2.88135
93.50684,-39.61227,0.584221,0.06557357,0.647689,-2.881753
93.54668,-41.02839,0.5646098,0.06496012,0.6486032,-2.882211
93.58653,-42.54142,0.5405939,0.06480201,0.6489173,-2.882727
93.62637,-44.13126,0.5125599,0.0651019,0.6486327,-2.883305
93.66015,-45.52419,0.4861079,0.06571257,0.6479331,-2.883845
93.69394,-46.92385,0.4573779,0.06665511,0.646818,-2.884432
93.72772,-48.30179,0.4267733,0.0679274,0.6453023,-2.885067
93.7615,-49.6405,0.395115,0.0695159,0.6434156,-2.885747
93.79529,-50.92069,0.363323,0.07140307,0.6411926,-2.88647
93.82907,-52.1087,0.331953,0.07357553,0.6386638,-2.887236
93.86286,-53.18189,0.3016875,0.07601079,0.6358676,-2.888039
93.89664,-54.12841,0.2733372,0.07867739,0.632849,-2.888876
93.93233,-54.98382,0.246219,0.08170663,0.6294696,-2.889793
93.96802,-55.68571,0.222241,0.08491537,0.6259412,-2.890737
94.00371,-56.23837,0.201546,0.08826188,0.6223103,-2.891702
94.0394,-56.65367,0.1841905,0.09170342,0.6186211,-2.892685
94.07833,-56.96788,0.1688966,0.0955175,0.6145775,-2.893771
94.11725,-57.15637,0.1569598,0.09935278,0.6105518,-2.894866
94.15618,-57.23919,0.1479592,0.1031707,0.6065782,-2.895965
94.1951,-57.23382,0.1414638,0.1069376,0.6026861,-2.897066
94.24791,-57.1122,0.1358529,0.1119166,0.597578,-2.898556
94.30073,-56.89388,0.1332284,0.1166991,0.5927037,-2.900035
94.35354,-56.60744,0.1329655,0.1212478,0.5880919,-2.901501
94.40635,-56.26688,0.1344395,0.1255343,0.5837643,-2.902949
94.45112,-55.94387,0.1366976,0.128947,0.5803299,-2.904161
94.49589,-55.60102,0.1397529,0.1321482,0.577115,-2.905357
94.54066,-55.24383,0.1434657,0.1351327,0.574122,-2.906538
94.58542,-54.87573,0.1477139,0.1378969,0.5713518,-2.907701
94.64875,-54.34151,0.1544909,0.1414268,0.5678134,-2.909317
94.71208,-53.79731,0.1619907,0.1445112,0.5647146,-2.910899
94.77541,-53.24683,0.1700625,0.1471525,0.5620474,-2.912444
94.83874,-52.69183,0.1786713,0.1493532,0.5598044,-2.913954
94.89651,-52.18324,0.1870238,0.1509783,0.5581223,-2.915299
94.95429,-51.6701,0.1957249,0.1522453,0.5567776,-2.916615
95.01207,-51.1499,0.2047117,0.1531602,0.5557619,-2.9179
95.06985,-50.6248,0.2140887,0.1537238,0.555072,-2.919154
95.12763,-50.0989,0.2240131,0.1539346,0.5547071,-2.920376
95.18541,-49.561,0.2342746,0.1538047,0.5546548,-2.921568
95.24319,-49.00422,0.2447995,0.1533409,0.5549081,-2.922727
95.30096,-48.43543,0.255843,0.1525369,0.5554723,-2.923853
95.35582,-47.89269,0.2670741,0.151451,0.5563032,-2.924891
95.41067,-47.32705,0.2787186,0.1500669,0.5574085,-2.925897
95.46552,-46.7284,0.2906989,0.1483906,0.5587848,-2.926872
95.52037,-46.10895,0.3033732,0.1464085,0.5604474,-2.927813
95.57147,-45.52486,0.3161207,0.1442745,0.5622687,-2.928658
95.62257,-44.90803,0.3294193,0.1418815,0.5643405,-2.929471
95.67367,-44.24793,0.3432024,0.1392349,0.5666633,-2.930252
95.72477,-43.56016,0.3578309,0.1363203,0.5692573,-2.930999
95.77401,-42.88577,0.3730321,0.1332467,0.5720322,-2.931684
95.82326,-42.17301,0.3889417,0.1299357,0.5750652,-2.932334
95.8725,-41.41488,0.4054667,0.1263983,0.5783567,-2.932948
95.92175,-40.63367,0.4228813,0.1226301,0.5819244,-2.933525
95.97176,-39.83704,0.441623,0.1185724,0.5858408,-2.934069
96.02177,-39.0242,0.4609774,0.114321,0.5900324,-2.934574
96.07178,-38.20814,0.4806945,0.1099104,0.5944835,-2.935037
96.12179,-37.42545,0.5006403,0.1053761,0.599178,-2.935461
96.1654,-36.79194,0.5178784,0.1013639,0.6034399,-2.935799
96.20901,-36.23384,0.5346273,0.09734329,0.6078215,-2.936112
96.25263,-35.78891,0.5505897,0.09335855,0.6122808,-2.936401
96.29624,-35.46924,0.5650818,0.08947258,0.616747,-2.936673
96.33985,-35.27235,0.5771978,0.08575747,0.6211303,-2.936936
96.38347,-35.27613,0.5870578,0.08224527,0.6253832,-2.937194
96.42708,-35.52619,0.5944841,0.07897859,0.6294382,-2.937455
96.47069,-35.97784,0.5983096,0.07603458,0.6331759,-2.93773
96.50776,-36.48952,0.5979823,0.07383612,0.6360208,-2.937984
96.54483,-37.16591,0.594774,0.07191987,0.6385414,-2.93826
96.5819,-38.00757,0.5886149,0.07030425,0.6407005,-2.938564
96.61897,-38.98223,0.5790735,0.06901767,0.6424497,-2.9389
96.65712,-40.09979,0.5655003,0.06805768,0.6437858,-2.939287
96.69527,-41.33083,0.5482831,0.06747413,0.6446364,-2.939718
96.73342,-42.65209,0.5274398,0.06727897,0.6449848,-2.940198
96.77157,-44.04432,0.5032124,0.06747723,0.6448271,-2.94073
96.80608,-45.34941,0.4787542,0.06799497,0.6442543,-2.941258
96.84059,-46.66814,0.4520775,0.06883801,0.6432771,-2.94183
96.8751,-47.9732,0.4235474,0.07000463,0.6419079,-2.942448
96.90961,-49.24742,0.39391,0.0714822,0.6401733,-2.94311
96.94412,-50.47215,0.3640097,0.07325394,0.6381055,-2.943815
96.97863,-51.61479,0.334355,0.07530707,0.6357328,-2.944561
97.01314,-52.6528,0.3055806,0.07762003,0.6330915,-2.945344
97.04765,-53.57417,0.2784645,0.08016235,0.630225,-2.946161
97.08431,-54.41735,0.2522213,0.08307609,0.6269836,-2.947061
97.12098,-55.11368,0.2288654,0.08617159,0.6235861,-2.947988
97.15764,-55.6655,0.2085718,0.08940751,0.6200794,-2.948938
97.1943,-56.08326,0.1914497,0.09274107,0.6165086,-2.949906
97.23377,-56.39918,0.1764582,0.09639253,0.6126387,-2.950962
97.27324,-56.59308,0.1646544,0.1000675,0.6087815,-2.952027
97.31271,-56.68333,0.1556693,0.103728,0.6049713,-2.953098
97.35218,-56.68651,0.1491244,0.1073406,0.6012381,-2.95417
97.39797,-56.6007,0.1440679,0.1114344,0.5970354,-2.955411
97.44376,-56.44006,0.141263,0.115393,0.5929954,-2.956645
97.48955,-56.22237,0.1402965,0.1191907,0.5891387,-2.957871
97.53534,-55.95922,0.1407793,0.1228069,0.5854814,-2.959085
97.58112,-55.65986,0.1424008,0.1262263,0.5820349,-2.960285
97.62691,-55.33475,0.1449755,0.1294381,0.5788062,-2.96147
97.6727,-54.99074,0.1483345,0.1324348,0.5757997,-2.96264
97.71849,-54.63212,0.1523302,0.135211,0.5730178,-2.963793
97.78226,-54.11446,0.1587741,0.1387035,0.5695195,-2.96537
97.84603,-53.58308,0.1660415,0.1417584,0.5664553,-2.966912
97.9098,-53.04285,0.1739601,0.1443759,0.5638191,-2.96842
97.97356,-52.49588,0.1824697,0.1465573,0.5616045,-2.969891
98.03118,-51.99782,0.1906821,0.1481543,0.5599611,-2.97119
98.0888,-51.49432,0.1992647,0.1494023,0.5586479,-2.972459
98.14642,-50.98317,0.2081492,0.150307,0.5576571,-2.973698
98.20404,-50.46675,0.2174321,0.1508688,0.5569857,-2.974908
98.26165,-49.94939,0.2272642,0.1510863,0.5566331,-2.976086
98.31927,-49.42019,0.2374326,0.1509715,0.5565871,-2.977233
98.37689,-48.87252,0.2478583,0.1505314,0.5568405,-2.978349
98.43451,-48.31364,0.2587904,0.1497602,0.5573984,-2.979433
98.48937,-47.77988,0.2699312,0.1487109,0.5582197,-2.980434
98.54422,-47.22449,0.281464,0.1473712,0.5593103,-2.981404
98.59908,-46.63777,0.2933022,0.1457478,0.5606657,-2.982343
98.65394,-46.03262,0.3057971,0.1438285,0.5623004,-2.983249
98.70504,-45.46466,0.3183334,0.1417635,0.564088,-2.984062
98.75613,-44.86726,0.3313664,0.1394507,0.5661173,-2.984844
98.80723,-44.2308,0.3448166,0.1368972,0.568387,-2.985596
98.85833,-43.57167,0.359027,0.1340909,0.5709151,-2.986314
98.90765,-42.92933,0.3737447,0.1311341,0.5736156,-2.986974
98.95697,-42.25556,0.3890588,0.1279576,0.5765578,-2.987601
99.00629,-41.54485,0.4048589,0.1245744,0.579739,-2.988194
99.0556,-40.81985,0.4213885,0.1209833,0.5831725,-2.988752
99.10594,-40.0858,0.4391287,0.1171115,0.5869431,-2.989284
99.15628,-39.34662,0.4572852,0.1130715,0.5909583,-2.989777
99.20662,-38.61547,0.4755995,0.1088984,0.5951981,-2.990235
99.25696,-37.92672,0.4939283,0.1046279,0.5996424,-2.990656
99.302,-37.36661,0.5099846,0.1007679,0.6037576,-2.991005
99.34704,-36.88879,0.5253869,0.09691639,0.6079645,-2.99133
99.39207,-36.52952,0.5398488,0.09311735,0.6122189,-2.991635
99.43711,-36.29735,0.5526799,0.08943374,0.6164482,-2.991927
99.48215,-36.18617,0.5629717,0.08593723,0.6205619,-2.992213
99.52719,-36.2716,0.5709062,0.08265718,0.6245147,-2.992497
99.57223,-36.59605,0.5763452,0.07963434,0.6282419,-2.992788
99.61727,-37.11119,0.5781106,0.07694574,0.6316273,-2.993098
99.65577,-37.67053,0.5759629,0.07496241,0.6341703,-2.993385
99.69427,-38.3866,0.5709058,0.07327111,0.6363741,-2.993697
99.73277,-39.25864,0.5628906,0.0718902,0.6382037,-2.994038
99.77127,-40.25408,0.5515086,0.07084801,0.6396134,-2.994414
99.81128,-41.39529,0.5359542,0.07014371,0.6406011,-2.994849
99.85129,-42.63893,0.5168047,0.06983292,0.6410897,-2.995331
99.8913,-43.95765,0.4941404,0.06992731,0.6410653,-2.995865
99.93131,-45.33144,0.4683737,0.07042841,0.6405311,-2.996453
99.96718,-46.59276,0.4431522,0.07121946,0.6396304,-2.997026
100.003,-47.84808,0.4161973,0.07233499,0.6383397,-2.997644
100.0389,-49.06871,0.3879682,0.07376883,0.6366772,-2.998308
100.0748,-50.23688,0.359294,0.07550284,0.6346755,-2.999014
100.1107,-51.33462,0.3310591,0.07751424,0.6323724,-2.999759
100.1465,-52.33343,0.3037408,0.07978373,0.6298012,-3.000543
100.1824,-53.21603,0.2778933,0.08228376,0.6270022,-3.00136
100.2183,-53.97595,0.2541489,0.08497923,0.6240204,-3.002206
100.2561,-54.6441,0.2318864,0.08799619,0.6207234,-3.003126
100.294,-55.17424,0.2125679,0.09114906,0.6173184,-3.004069
100.3319,-55.57379,0.1961985,0.09439694,0.613849,-3.005029
100.3698,-55.85556,0.182732,0.09769952,0.6103558,-3.006001
100.4125,-56.05015,0.1707861,0.1014435,0.6064321,-3.007107
100.4552,-56.13324,0.161835,0.1051668,0.6025631,-3.008219
100.4979,-56.12425,0.1554676,0.108832,0.5987819,-3.009332
100.5407,-56.0392,0.1512832,0.1124072,0.5951166,-3.010442
100.6002,-55.81805,0.1483386,0.117189,0.5902451,-3.011979
100.6597,-55.51303,0.148122,0.1216958,0.5856807,-3.013499
100.7192,-55.15236,0.1500671,0.1258919,0.5814504,-3.014998
100.7787,-54.74588,0.1535797,0.1297532,0.5775712,-3.016473
100.8308,-54.35765,0.1576128,0.1328494,0.574468,-3.017745
100.883,-53.95295,0.1624443,0.1356666,0.571647,-3.018996
100.9352,-53.53689,0.1679404,0.1382011,0.5691085,-3.020224
100.9873,-53.11159,0.1739776,0.1404514,0.5668507,-3.02143
101.0612,-52.50012,0.183416,0.1431471,0.5641323,-3.023097
101.135,-51.87607,0.193573,0.1452776,0.5619586,-3.024717
101.2088,-51.23684,0.2042054,0.1468528,0.5603136,-3.026291
101.2827,-50.59036,0.2155611,0.1478709,0.5591933,-3.027815
101.3467,-50.03601,0.2263213,0.1482963,0.5586489,-3.029096
101.4106,-49.46374,0.2373911,0.1483226,0.5584753,-3.030339
101.4746,-48.86016,0.2485476,0.1479639,0.5586585,-3.031546
101.5386,-48.24705,0.2603762,0.1472027,0.5592139,-3.032714
101.59,-47.7617,0.2707455,0.1462878,0.559941,-3.033622
101.6414,-47.25667,0.281384,0.1451263,0.560898,-3.034504
101.6928,-46.7237,0.2922046,0.1437252,0.56208,-3.035361
101.7443,-46.1767,0.3035486,0.1420727,0.5635,-3.036189
101.7917,-45.67024,0.3147288,0.1403172,0.5650313,-3.036927
101.8391,-45.14283,0.3262933,0.1383562,0.566763,-3.03764
101.8866,-44.58898,0.3381972,0.1361948,0.5686939,-3.038327
101.934,-44.0186,0.3506499,0.1338272,0.570834,-3.038988
101.9838,-43.41292,0.364519,0.1311145,0.5733167,-3.039651
102.0337,-42.78271,0.3789191,0.1281888,0.5760296,-3.040283
102.0835,-42.12403,0.3937574,0.1250622,0.5789694,-3.040884
102.1333,-41.45435,0.4092148,0.1217363,0.5821446,-3.041451
102.1865,-40.74553,0.4265075,0.1179733,0.5857994,-3.042019
102.2397,-40.03375,0.4441762,0.1140319,0.589702,-3.042549
102.2929,-39.3307,0.461952,0.109949,0.5938304,-3.043042
102.3461,-38.67104,0.4797135,0.1057602,0.5981636,-3.043498
102.3947,-38.12666,0.4955498,0.1018898,0.6022617,-3.043885
102.4433,-37.6675,0.5106685,0.09802499,0.6064516,-3.044248
102.4919,-37.33172,0.5247676,0.0942144,0.6106845,-3.044589
102.5404,-37.12729,0.5370879,0.09052809,0.6148805,-3.044917
102.589,-37.04125,0.5465534,0.08704878,0.6189364,-3.045241
102.6376,-37.16504,0.5535206,0.08380449,0.6228086,-3.045566
102.6862,-37.55017,0.5579385,0.08083803,0.6264297,-3.045899
102.7348,-38.12758,0.5582929,0.07824367,0.6296628,-3.046253
102.7744,-38.6994,0.5547086,0.07646032,0.6319258,-3.046568
102.814,-39.42185,0.5483322,0.07496857,0.6338495,-3.046909
102.8536,-40.29446,0.5391606,0.07378582,0.6354022,-3.04728
102.8932,-41.27977,0.5267399,0.07294237,0.6365387,-3.047687
102.9323,-42.33853,0.5111125,0.07246143,0.6372237,-3.048129
102.9714,-43.48071,0.4924637,0.07233396,0.6374681,-3.048615
103.0105,-44.68219,0.4709192,0.07256871,0.6372628,-3.049147
103.0496,-45.92353,0.4468637,0.0731661,0.6366119,-3.049726
103.0866,-47.11377,0.422379,0.07405722,0.6356022,-3.050317
103.1235,-48.29003,0.39648,0.07526473,0.6342195,-3.050952
103.1604,-49.42432,0.3696418,0.07677991,0.6324844,-3.05163
103.1973,-50.4995,0.3426723,0.07858212,0.630431,-3.052348
103.2342,-51.49919,0.3164097,0.08064602,0.6280981,-3.053104
103.2712,-52.39832,0.2912746,0.08294955,0.6255205,-3.053895
103.3081,-53.18276,0.2677426,0.08546317,0.6227383,-3.054717
103.345,-53.84877,0.2463477,0.08815081,0.6197961,-3.055565
103.3842,-54.4274,0.2264038,0.09115085,0.6165479,-3.056489
103.4234,-54.87614,0.2092859,0.09426408,0.6132132,-3.057433
103.4625,-55.20357,0.1949456,0.09745034,0.609834,-3.058392
103.5017,-55.42264,0.1832994,0.1006707,0.6064489,-3.059361
103.5467,-55.55864,0.1729754,0.1043682,0.6025948,-3.060482
103.5918,-55.58995,0.1654844,0.1080212,0.598817,-3.061606
103.6368,-55.53575,0.1604223,0.1115926,0.5951482,-3.062729
103.6818,-55.41121,0.1574011,0.1150517,0.5916155,-3.063848
103.7446,-55.14238,0.1558762,0.1196394,0.5869575,-3.065394
103.8073,-54.79773,0.1569116,0.1239123,0.5826425,-3.06692
103.8701,-54.40438,0.1599901,0.1278365,0.5786957,-3.068422
103.9328,-53.9695,0.1645364,0.1313915,0.5751303,-3.069896
103.989,-53.54883,0.1695298,0.1342518,0.5722659,-3.071192
104.0453,-53.11299,0.1753299,0.1367954,0.5697181,-3.072464
104.1015,-52.66678,0.1818079,0.1390194,0.5674857,-3.07371
104.1577,-52.21132,0.1888391,0.1409235,0.5655655,-3.074929
104.2182,-51.71307,0.1969807,0.1426153,0.5638442,-3.076212
104.2787,-51.20652,0.2056077,0.14394,0.5624739,-3.077464
104.3392,-50.69011,0.2146231,0.1449028,0.5614469,-3.078685
104.3998,-50.16688,0.2241102,0.1455037,0.5607605,-3.079873
104.4603,-49.64326,0.2342439,0.1457403,0.5604148,-3.081029
104.5208,-49.10572,0.2447355,0.1456274,0.560395,-3.082151
104.5813,-48.546,0.2554553,0.1451747,0.5606916,-3.083241
104.6418,-47.97603,0.2667356,0.1443739,0.5613123,-3.084296
104.6963,-47.46627,0.2776628,0.143348,0.562156,-3.085214
104.7507,-46.93637,0.2889167,0.1420537,0.5632521,-3.086103
104.8051,-46.3768,0.300383,0.1405002,0.5645944,-3.086964
104.8596,-45.80372,0.3124319,0.1386757,0.5661968,-3.087793
104.9094,-45.28149,0.324245,0.136762,0.5679009,-3.088522
104.9591,-44.73726,0.3364301,0.1346352,0.5698171,-3.089225
105.0089,-44.16402,0.3488977,0.1323043,0.5719415,-3.0899
105.0587,-43.57778,0.3619254,0.1297623,0.5742862,-3.090546
105.1078,-43.001,0.3755607,0.1270415,0.5768276,-3.091154
105.157,-42.40635,0.389588,0.1241366,0.5795765,-3.091733
105.2062,-41.7915,0.4038799,0.1210635,0.5825254,-3.092283
105.2553,-41.17732,0.4185985,0.1178271,0.5856788,-3.092803
105.3072,-40.54945,0.4346412,0.1142477,0.589226,-3.093318
105.3591,-39.93704,0.4507532,0.1105428,0.5929675,-3.093801
105.411,-39.35478,0.4666575,0.1067504,0.5968755,-3.094252
105.4629,-38.83269,0.4821551,0.1029097,0.6009194,-3.094675
105.5097,-38.42994,0.4954111,0.09944765,0.6046439,-3.095035
105.5565,-38.11948,0.5076924,0.09603137,0.6083979,-3.095378
105.6033,-37.93213,0.5187465,0.09270235,0.6121356,-3.095708
105.6502,-37.87004,0.5279201,0.08951962,0.6157859,-3.096032
105.697,-37.92395,0.5344013,0.08654802,0.6192653,-3.096358
105.7438,-38.15535,0.5384084,0.08381289,0.6225327,-3.09669
105.7906,-38.59491,0.5398486,0.08135062,0.6255311,-3.097035
105.8375,-39.19849,0.5377161,0.07922877,0.6281625,-3.097404
105.8793,-39.84607,0.5321483,0.07766779,0.6301323,-3.097761
105.9211,-40.63394,0.5236025,0.07642499,0.6317288,-3.098148
105.9629,-41.55691,0.5120873,0.07551865,0.6329212,-3.09857
106.0047,-42.58293,0.4973194,0.07497459,0.6336721,-3.099033
106.0486,-43.74659,0.4783796,0.07480876,0.6339632,-3.099566
106.0925,-44.98097,0.4562149,0.07506449,0.6337391,-3.100152
106.1364,-46.24933,0.4310871,0.07574897,0.6329966,-3.100793
106.1802,-47.52971,0.4038076,0.07685148,0.6317573,-3.10149
106.2262,-48.85931,0.3741507,0.0784305,0.6299668,-3.102279
106.2721,-50.11355,0.3437953,0.08043434,0.6277012,-3.103126
106.3181,-51.24547,0.3135067,0.08283411,0.6250107,-3.10403
106.364,-52.24292,0.2848751,0.08557029,0.621975,-3.104982
106.4021,-52.96372,0.2633449,0.08805133,0.6192514,-3.105805
106.4403,-53.56914,0.2438388,0.09069352,0.6163801,-3.106652
106.4784,-54.0585,0.2265433,0.09346196,0.6134014,-3.10752
106.5166,-54.43846,0.2116446,0.09631954,0.6103554,-3.108404
106.5577,-54.73626,0.19831,0.09945912,0.6070386,-3.109371
106.5988,-54.92831,0.1875639,0.1026237,0.6037235,-3.110348
106.64,-55.02772,0.1791806,0.1057786,0.6004432,-3.11133
106.6811,-55.04771,0.1729293,0.1088929,0.5972268,-3.112314
106.7383,-54.96495,0.1672532,0.1131096,0.5929017,-3.113681
106.7956,-54.78362,0.1645136,0.1171414,0.5887942,-3.11504
106.8528,-54.53042,0.1641693,0.1209456,0.5849396,-3.116385
106.91,-54.21879,0.1656782,0.1244915,0.5813631,-3.117713
106.9679,-53.85509,0.168647,0.1277894,0.5780483,-3.119035
107.0257,-53.46051,0.17286,0.130782,0.5750471,-3.120334
107.0836,-53.04487,0.1781026,0.1334584,0.5723655,-3.121609
107.1414,-52.61126,0.1841462,0.1358132,0.5700044,-3.122859
107.2097,-52.08081,0.1921683,0.138175,0.5676286,-3.124301
107.278,-51.53567,0.2009691,0.1400819,0.565695,-3.125705
107.3463,-50.97683,0.2103724,0.1415371,0.5641955,-3.127071
107.4146,-50.40819,0.2204296,0.1425406,0.563126,-3.128398
107.4683,-49.95776,0.2288702,0.1430119,0.5625854,-3.129412
107.522,-49.49854,0.2376264,0.1432117,0.5622999,-3.130401
107.5757,-49.02734,0.2466388,0.143145,0.5622644,-3.131364
107.6293,-48.54852,0.2560366,0.14281,0.5624799,-3.132302
107.683,-48.06793,0.2659771,0.1422039,0.5629492,-3.133213
107.7367,-47.57363,0.2762434,0.1413391,0.5636616,-3.134097
107.7903,-47.0598,0.2867628,0.1402223,0.564612,-3.134955
107.844,-46.53514,0.2977527,0.1388487,0.5658066,-3.135784
107.8977,-46.01059,0.3094552,0.1372124,0.5672537,-3.136584
107.9513,-45.46581,0.3215291,0.1353333,0.5689379,-3.137355
108.005,-44.89252,0.3338592,0.1332222,0.5708532,-3.138096
108.0587,-44.30806,0.3467602,0.1308718,0.5730118,-3.138806
108.1101,-43.75507,0.3599175,0.1283919,0.5753173,-3.139455
108.1615,-43.18353,0.3734063,0.1257165,0.5778348,-3.140075
108.2128,-42.58781,0.3870653,0.1228628,0.5805548,-3.140665
108.2642,-41.99323,0.4011643,0.1198304,0.5834859,-3.141225
108.3145,-41.43541,0.4155326,0.1166994,0.5865582,-3.141742
108.3647,-40.8828,0.4299508,0.1134443,0.5898033,-3.142231
108.415,-40.34076,0.4441726,0.1100955,0.5931988,-3.142693
108.4652,-39.84004,0.4582221,0.1066742,0.5967315,-3.143129
108.5193,-39.37033,0.4728811,0.1029549,0.6006495,-3.14357
108.5733,-38.98981,0.4865642,0.09925304,0.6046347,-3.143989
108.6274,-38.73234,0.4988974,0.09562538,0.6086284,-3.144389
108.6814,-38.61348,0.5091981,0.092144,0.6125479,-3.144778
108.7228,-38.62137,0.515205,0.08962674,0.615438,-3.145075
108.7641,-38.74239,0.5195283,0.08726308,0.6181973,-3.145374
108.8055,-38.99102,0.5220205,0.08507976,0.6207873,-3.14568
108.8469,-39.35634,0.5222334,0.08311405,0.6231556,-3.145998
108.8883,-39.82829,0.5197895,0.08139939,0.6252529,-3.146334
108.9296,-40.42347,0.5147802,0.07995124,0.6270514,-3.146693
108.971,-41.14012,0.5071346,0.0787901,0.6285182,-3.147077
109.0124,-41.96085,0.4966478,0.07793957,0.6296179,-3.147494
109.062,-43.06952,0.4803811,0.07734853,0.6304219,-3.14804
109.1117,-44.28267,0.4601269,0.07724875,0.6306333,-3.148645
109.1614,-45.55672,0.4360513,0.07765719,0.6302339,-3.149312
109.2111,-46.87122,0.4091216,0.0785639,0.6292419,-3.150044
109.2494,-47.89788,0.3871186,0.07959294,0.6280919,-3.150653
109.2878,-48.89553,0.3642732,0.08090648,0.6266178,-3.151301
109.3262,-49.84072,0.3410228,0.08249158,0.6248426,-3.151987
109.3646,-50.72133,0.3180889,0.08432392,0.6228009,-3.152707
109.403,-51.52644,0.296166,0.08637548,0.6205314,-3.15346
109.4413,-52.23751,0.2755216,0.08862259,0.6180664,-3.15424
109.4797,-52.84599,0.2564779,0.09103549,0.6154434,-3.155047
109.5181,-53.35185,0.2393947,0.0935799,0.6127021,-3.155874
109.56,-53.79169,0.2232311,0.09647106,0.6096154,-3.156798
109.602,-54.11722,0.2096048,0.09943854,0.6064754,-3.157737
109.644,-54.33755,0.1984178,0.102444,0.6033216,-3.158688
109.6859,-54.46504,0.189562,0.1054509,0.6001897,-3.159645
109.7355,-54.51293,0.1818266,0.1089645,0.5965563,-3.160781
109.7851,-54.46773,0.1766449,0.1123925,0.5930358,-3.161916
109.8347,-54.34758,0.1736458,0.1156988,0.5896602,-3.163047
109.8844,-54.16591,0.1724715,0.1188543,0.5864548,-3.164169
109.9544,-53.8226,0.1732367,0.1230107,0.5822539,-3.165735
110.0244,-53.41395,0.176398,0.1267732,0.5784675,-3.167274
110.0945,-52.96664,0.1815226,0.1301087,0.5751195,-3.16878
110.1645,-52.48151,0.1880029,0.1330039,0.5722156,-3.170253
110.2273,-52.01491,0.1946341,0.1352173,0.5699921,-3.171542
110.29,-51.53489,0.2020918,0.1370596,0.568132,-3.172801
110.3528,-51.04549,0.2102726,0.1385294,0.5666329,-3.174028
110.4156,-50.54505,0.2190349,0.13963,0.5654883,-3.175223
110.4737,-50.07248,0.227654,0.1403217,0.5647404,-3.176302
110.5318,-49.59055,0.2366944,0.1407015,0.5642879,-3.177352
110.59,-49.09634,0.2460777,0.1407748,0.5641247,-3.178373
110.6481,-48.59384,0.2559126,0.1405411,0.5642506,-3.179365
110.7063,-48.09096,0.2663882,0.1399971,0.5646686,-3.180327
110.7644,-47.5722,0.2772084,0.1391592,0.5653643,-3.181258
110.8226,-47.0291,0.2882416,0.1380376,0.5663293,-3.182159
110.8807,-46.47639,0.2998178,0.1366244,0.5675733,-3.183027
110.9343,-45.97359,0.3112631,0.1350573,0.5689759,-3.183798
110.9878,-45.45148,0.3230009,0.1332609,0.570604,-3.18454
111.0414,-44.90108,0.3348845,0.131248,0.5724494,-3.185254
111.095,-44.34374,0.3472788,0.1290099,0.5745253,-3.185939
111.1444,-43.84063,0.3594451,0.1267385,0.5766565,-3.186543
111.1939,-43.32435,0.371836,0.1242995,0.5789705,-3.187122
111.2434,-42.79088,0.3843058,0.1217089,0.5814576,-3.187676
111.2928,-42.26218,0.3970784,0.1189677,0.5841231,-3.188204
111.3423,-41.75748,0.4102792,0.1160828,0.5869672,-3.188704
111.3918,-41.26278,0.4234515,0.1130903,0.5899607,-3.18918
111.4413,-40.78361,0.4363835,0.1100173,0.5930828,-3.189632
111.4908,-40.34454,0.4490672,0.1068846,0.5963185,-3.190061
111.5465,-39.91583,0.4627781,0.1033242,0.6000648,-3.190519
111.6023,-39.57877,0.4754515,0.09978673,0.6038641,-3.190957
111.658,-39.36657,0.4867432,0.09632815,0.6076578,-3.191377
111.7138,-39.28924,0.4959358,0.09302229,0.6113611,-3.191789
111.7561,-39.3229,0.5009985,0.09066786,0.6140475,-3.192102
111.7983,-39.46389,0.5044197,0.08846586,0.6165992,-3.192417
111.8405,-39.72537,0.5060724,0.08644182,0.6189801,-3.19274
111.8828,-40.09535,0.5055229,0.08463207,0.6211404,-3.193077
111.925,-40.56358,0.5024203,0.08306874,0.6230339,-3.193431
111.9673,-41.14545,0.4968773,0.08176638,0.6246355,-3.193808
112.0095,-41.83831,0.4888423,0.08074466,0.6259145,-3.194211
112.0518,-42.62559,0.4781518,0.08002562,0.6268392,-3.194645
112.1033,-43.69927,0.4616823,0.07957629,0.6274595,-3.195221
112.1548,-44.86469,0.4414749,0.07961768,0.6274961,-3.195855
112.2062,-46.07611,0.4177445,0.08016457,0.6269344,-3.19655
112.2577,-47.31415,0.391577,0.08120145,0.6257996,-3.19731
112.3063,-48.48787,0.3659323,0.08260268,0.6242432,-3.198083
112.3549,-49.5967,0.3395186,0.0844097,0.6222351,-3.198911
112.4035,-50.59593,0.3129269,0.08659549,0.6198193,-3.199792
112.4521,-51.48084,0.2877091,0.08909855,0.6170744,-3.200719
112.4914,-52.11069,0.2692386,0.09130854,0.614671,-3.201496
112.5307,-52.64381,0.2523597,0.09366296,0.6121312,-3.202296
112.57,-53.07856,0.2372412,0.09613092,0.6094907,-3.203115
112.6093,-53.42013,0.2240835,0.09867901,0.6067859,-3.203949
112.6519,-53.69383,0.2121064,0.1014997,0.6038148,-3.204867
112.6946,-53.87312,0.2023568,0.1043431,0.6008421,-3.205794
112.7373,-53.96822,0.1946769,0.1071766,0.5978998,-3.206727
112.7799,-53.99027,0.188909,0.1099709,0.5950159,-3.207662
112.8363,-53.9242,0.183865,0.1135608,0.5913341,-3.208896
112.8927,-53.77167,0.1813266,0.1169914,0.587837,-3.210123
112.9491,-53.55302,0.1808933,0.1202254,0.584557,-3.211338
113.0054,-53.28009,0.1821547,0.1232351,0.5815169,-3.212539
113.0716,-52.90194,0.1853233,0.126456,0.5782745,-3.213927
113.1378,-52.48365,0.1900715,0.1293124,0.5754048,-3.215287
113.204,-52.0393,0.1961425,0.131787,0.5729188,-3.216618
113.2702,-51.57027,0.2032008,0.1338739,0.570817,-3.217918
113.341,-51.04499,0.211666,0.1356713,0.5689946,-3.219271
113.4118,-50.50271,0.2209608,0.1370165,0.5676099,-3.220586
113.4826,-49.94378,0.2309102,0.1379129,0.5666559,-3.221861
113.5534,-49.37248,0.2415662,0.1383606,0.5661292,-3.223096
113.6057,-48.94569,0.2499772,0.1384032,0.5660135,-3.223981
113.6581,-48.50951,0.2586913,0.138208,0.5661229,-3.224844
113.7104,-48.06091,0.2676488,0.1377801,0.5664528,-3.225683
113.7627,-47.60504,0.2769729,0.1371181,0.567005,-3.226498
113.8151,-47.14834,0.2868056,0.13622,0.5677824,-3.227289
113.8674,-46.67957,0.2969334,0.1350985,0.5687743,-3.228054
113.9197,-46.19409,0.3072794,0.1337616,0.5699752,-3.228795
113.9721,-45.70128,0.3180269,0.1322067,0.57139,-3.22951
114.0261,-45.19683,0.3297664,0.1303686,0.5730825,-3.230221
114.0802,-44.67796,0.3417881,0.1283181,0.5749916,-3.230903
114.1343,-44.13832,0.3539425,0.1260706,0.5771074,-3.231558
114.1884,-43.59851,0.3665026,0.1236243,0.5794371,-3.232183
114.2409,-43.095,0.379301,0.121062,0.5819075,-3.232761
114.2933,-42.58833,0.3921713,0.1183505,0.5845547,-3.233312
114.3458,-42.07645,0.4048827,0.1155153,0.5873599,-3.233837
114.3983,-41.58978,0.417638,0.1125651,0.5903215,-3.234336
114.4499,-41.16185,0.4302823,0.1095707,0.593374,-3.234801
114.5015,-40.77005,0.4424234,0.1065315,0.5965223,-3.235245
114.553,-40.42398,0.4537472,0.103486,0.5997301,-3.23567
114.6046,-40.15406,0.4641783,0.1004652,0.6029677,-3.236079
114.6616,-39.9639,0.4742665,0.09720819,0.6065242,-3.236518
114.7186,-39.90905,0.4823567,0.09410029,0.6099855,-3.23695
114.7756,-40.0201,0.4881011,0.09120106,0.6132778,-3.237381
114.8327,-40.29435,0.4907397,0.08858631,0.6163039,-3.237823
114.8782,-40.62389,0.4900966,0.08675353,0.6184608,-3.238191
114.9237,-41.07552,0.4871228,0.08516746,0.6203548,-3.238576
114.9692,-41.65379,0.4817684,0.08385211,0.6219499,-3.238984
115.0147,-42.33659,0.4736773,0.08284053,0.6232,-3.23942
115.0602,-43.10706,0.4627013,0.08215701,0.6240702,-3.23989
115.1057,-43.96366,0.4490777,0.08181142,0.6245451,-3.240396
115.1512,-44.88703,0.4329262,0.08181608,0.6246084,-3.240943
115.1968,-45.85767,0.4145373,0.08217551,0.6242559,-3.241533
115.2365,-46.72764,0.3970339,0.08277634,0.623614,-3.242083
115.2762,-47.59659,0.378409,0.08364295,0.622667,-3.242668
115.3159,-48.44407,0.3589748,0.08476817,0.6214279,-3.243288
115.3556,-49.25794,0.3392718,0.08613535,0.6199207,-3.24394
115.3953,-50.02653,0.319864,0.08772388,0.6181739,-3.244623
115.435,-50.72976,0.3010159,0.08951633,0.6162127,-3.245335
115.4747,-51.35528,0.2830575,0.09148922,0.6140675,-3.246073
115.5144,-51.89905,0.2664078,0.09361317,0.6117741,-3.246834
115.5586,-52.40728,0.2498112,0.09611905,0.6090888,-3.247705
115.6028,-52.80887,0.2353081,0.09873661,0.6063064,-3.248595
115.647,-53.1068,0.2229372,0.1014273,0.6034685,-3.2495
115.6913,-53.3104,0.2127579,0.1041521,0.6006155,-3.250417
115.7399,-53.438,0.2040163,0.1071478,0.5975008,-3.251433
115.7886,-53.47581,0.1975613,0.1101029,0.5944485,-3.252452
115.8373,-53.4373,0.1931449,0.1129828,0.5914914,-3.253471
115.8859,-53.33448,0.1905269,0.1157577,0.5886568,-3.254485
115.9627,-53.05947,0.1893171,0.1198672,0.5844824,-3.256071
116.0394,-52.69469,0.1912334,0.123582,0.5807283,-3.257631
116.1162,-52.27805,0.1957814,0.1268478,0.5774383,-3.259159
116.1929,-51.80585,0.2020521,0.1296452,0.5746233,-3.26065
116.2563,-51.37048,0.2080465,0.1315933,0.57266,-3.261852
116.3196,-50.92048,0.2150193,0.1331939,0.5710384,-3.263026
116.3829,-50.46287,0.2229126,0.1344417,0.5697603,-3.264169
116.4463,-49.99053,0.2314144,0.1353437,0.5688162,-3.265282
116.5067,-49.5239,0.2399572,0.135886,0.5682211,-3.266315
116.567,-49.04783,0.2490161,0.1361155,0.5679248,-3.267318
116.6274,-48.561,0.2585221,0.1360369,0.5679222,-3.268292
116.6878,-48.06504,0.268501,0.1356529,0.5682105,-3.269236
116.7403,-47.62975,0.2776317,0.1350719,0.5686971,-3.270031
116.7929,-47.1849,0.2870624,0.1342695,0.5693959,-3.270803
116.8454,-46.72713,0.2967274,0.1332525,0.5703019,-3.271552
116.8979,-46.26307,0.3067548,0.1320204,0.5714173,-3.272275
116.9504,-45.80109,0.3172897,0.1305728,0.5727448,-3.272974
117.0029,-45.32869,0.3280822,0.1289263,0.5742714,-3.273647
117.0554,-44.8417,0.339028,0.1270924,0.5759894,-3.274296
117.1079,-44.35338,0.3503083,0.1250717,0.5779024,-3.274919
117.1623,-43.863,0.3625171,0.1227866,0.5800896,-3.275535
117.2166,-43.36868,0.3748363,0.1203346,0.5824637,-3.276124
117.2709,-42.86746,0.3870554,0.117739,0.5850075,-3.276687
117.3252,-42.38602,0.3993802,0.1150075,0.5877199,-3.277223
117.3789,-41.95534,0.4117671,0.1121914,0.5905557,-3.277726
117.4325,-41.55099,0.4237481,0.1093047,0.5935053,-3.278207
117.4861,-41.178,0.4349996,0.1063852,0.5965345,-3.278667
117.5398,-40.87057,0.4455667,0.1034579,0.5996212,-3.279109
117.5947,-40.65084,0.4555257,0.1004911,0.6028029,-3.279546
117.6495,-40.52419,0.4639567,0.09761527,0.6059407,-3.279973
117.7044,-40.5068,0.4704763,0.09488204,0.608975,-3.280396
117.7593,-40.61917,0.4747864,0.09234078,0.6118451,-3.280821
117.8141,-40.86842,0.4764429,0.09005168,0.6144741,-3.281256
117.8688,-41.26718,0.4752013,0.08805638,0.6168035,-3.281707
117.9236,-41.82432,0.4709032,0.08639743,0.6187729,-3.282184
117.9784,-42.51964,0.4631218,0.08512455,0.6203137,-3.282695
118.0331,-43.335,0.4516763,0.0842761,0.6213711,-3.283247
118.0879,-44.26305,0.4368247,0.08387287,0.6219144,-3.283847
118.1426,-45.27554,0.4187815,0.08393372,0.6219188,-3.2845
118.1974,-46.34103,0.3980081,0.08446443,0.6213791,-3.285209
118.2343,-47.0727,0.3828105,0.08508433,0.6207143,-3.285721
118.2712,-47.79849,0.366892,0.08591123,0.6198148,-3.286259
118.3082,-48.50469,0.3504919,0.08693818,0.6186919,-3.286824
118.3451,-49.18219,0.3339667,0.08815271,0.6173629,-3.287414
118.382,-49.82252,0.3176828,0.08953974,0.6158482,-3.288028
118.419,-50.41309,0.3018471,0.09108542,0.6141666,-3.288665
118.4559,-50.94561,0.2866943,0.09277246,0.6123401,-3.289322
118.4928,-51.41648,0.2724974,0.0945802,0.6103938,-3.289997
118.5396,-51.92241,0.2562504,0.09700904,0.607796,-3.290876
118.5864,-52.32264,0.2420227,0.09955611,0.6050924,-3.291774
118.6332,-52.61874,0.2298703,0.1021806,0.6023272,-3.292689
118.68,-52.82002,0.219894,0.1048405,0.5995443,-3.293616
118.73,-52.94232,0.2116024,0.1076798,0.5965936,-3.294613
118.78,-52.9781,0.2054829,0.1104779,0.5937037,-3.295614
118.83,-52.9397,0.2013158,0.1132003,0.5909078,-3.296614
118.88,-52.83853,0.19889,0.1158175,0.5882331,-3.297611
118.954,-52.58982,0.197919,0.1194477,0.5845418,-3.299071
119.0279,-52.2595,0.1996858,0.1227327,0.5812168,-3.300509
119.1019,-51.87721,0.2037821,0.1256253,0.5782969,-3.301918
119.1758,-51.44373,0.2094999,0.1281057,0.5757948,-3.303296
119.242,-51.01171,0.2155537,0.1299663,0.5739143,-3.3045
119.3082,-50.56128,0.2226489,0.1314673,0.5723878,-3.305674
119.3743,-50.09998,0.2307087,0.1326025,0.5712184,-3.306817
119.4405,-49.62185,0.2394362,0.1333778,0.5703973,-3.307927
119.5063,-49.12896,0.248674,0.1337952,0.5699212,-3.308999
119.5722,-48.62386,0.2584982,0.1338594,0.5697839,-3.310038
119.638,-48.10425,0.2687995,0.1335774,0.5699785,-3.311042
119.7038,-47.57499,0.2796563,0.1329517,0.570503,-3.312012
119.7556,-47.15707,0.2886758,0.1322193,0.5711471,-3.312749
119.8073,-46.73032,0.2979541,0.1312859,0.5719863,-3.313464
119.8591,-46.29161,0.307417,0.1301593,0.5730149,-3.314156
119.9109,-45.84892,0.3171978,0.1288392,0.5742349,-3.314826
119.9626,-45.41133,0.3274309,0.1273263,0.5756483,-3.315471
120.0144,-44.96698,0.3378563,0.1256384,0.577241,-3.316094
120.0662,-44.51296,0.3483646,0.1237883,0.5790038,-3.316693
120.1179,-44.06262,0.3591042,0.1217787,0.5809379,-3.317269
120.1726,-43.60666,0.3708571,0.1194859,0.5831687,-3.317852
120.2274,-43.15556,0.3825841,0.1170534,0.585563,-3.318409
120.2821,-42.70873,0.3940597,0.1145072,0.5881001,-3.318943
120.3369,-42.29228,0.4054258,0.1118603,0.5907723,-3.319453
120.3923,-41.92666,0.4168784,0.1090968,0.5936019,-3.319946
120.4477,-41.60349,0.4276352,0.1063022,0.5965056,-3.32042
120.5032,-41.32993,0.4373413,0.1035192,0.5994418,-3.320878
120.5586,-41.13877,0.4459792,0.1007791,0.6023787,-3.321324
120.6165,-41.05307,0.4536588,0.09800753,0.6053986,-3.321779
120.6744,-41.0807,0.4592823,0.09539446,0.6082936,-3.322233
120.7323,-41.23489,0.4624528,0.092996,0.610995,-3.322691
120.7902,-41.53121,0.4628954,0.09086378,0.6134359,-3.323163
120.866,-42.14023,0.4587853,0.08856046,0.616123,-3.323814
120.9419,-42.99299,0.4489006,0.08691152,0.6180935,-3.32452
121.0177,-44.06707,0.4332046,0.08599846,0.6192331,-3.325299
121.0936,-45.30312,0.4118709,0.08588263,0.61946,-3.326164
121.1364,-46.04479,0.3976569,0.08617975,0.6191718,-3.326695
121.1791,-46.80188,0.3821969,0.08673661,0.6185872,-3.327257
121.2219,-47.55573,0.3657406,0.08754933,0.6177134,-3.327852
121.2647,-48.29384,0.3487254,0.0886054,0.616568,-3.328479
121.3074,-49.0045,0.3316436,0.08988754,0.6151744,-3.329135
121.3502,-49.66702,0.314736,0.0913811,0.6135536,-3.329821
121.393,-50.26706,0.2983107,0.09306536,0.6117326,-3.330535
121.4357,-50.79959,0.2828175,0.09491199,0.6097458,-3.331272
121.4826,-51.30256,0.2673674,0.09708618,0.6074202,-3.332103
121.5295,-51.71196,0.253578,0.09938513,0.6049775,-3.332955
121.5763,-52.0266,0.2415487,0.101772,0.6024583,-3.333825
121.6232,-52.25359,0.2314459,0.1042077,0.5999042,-3.334706
121.6732,-52.40867,0.2228386,0.1068188,0.5971832,-3.335655
121.7232,-52.48006,0.2162473,0.1094081,0.5945011,-3.33661
121.7732,-52.47781,0.2115065,0.1119417,0.5918909,-3.337566
121.8232,-52.41245,0.208462,0.1143898,0.5893809,-3.338519
121.8907,-52.23848,0.2066685,0.1175163,0.5861908,-3.339798
121.9582,-51.98936,0.2071963,0.1203929,0.5832685,-3.341061
122.0257,-51.68579,0.2097187,0.1229803,0.5806477,-3.342304
122.0931,-51.33402,0.2137729,0.1252562,0.5783456,-3.343524
122.1634,-50.92143,0.219223,0.1272774,0.5762999,-3.344766
122.2336,-50.48104,0.2259117,0.1289232,0.5746272,-3.345978
122.3038,-50.02212,0.2336987,0.1301832,0.5733336,-3.347156
122.374,-49.54209,0.2423042,0.1310592,0.5724143,-3.3483
122.4505,-49.00148,0.2525969,0.1315741,0.5718385,-3.349508
122.527,-48.44007,0.2636154,0.1316372,0.5716986,-3.350672
122.6036,-47.85106,0.2750893,0.1312622,0.5719814,-3.351793
122.6801,-47.25362,0.2873564,0.1304451,0.5726917,-3.352867
122.7276,-46.88743,0.2955365,0.1297141,0.5733502,-3.353511
122.7752,-46.51327,0.3038752,0.128826,0.5741628,-3.354136
122.8227,-46.12877,0.312308,0.1277876,0.5751244,-3.354744
122.8703,-45.74229,0.3209687,0.1265978,0.5762375,-3.355333
122.9178,-45.36144,0.3299621,0.1252573,0.5775033,-3.355903
122.9653,-44.97774,0.3390847,0.1237805,0.5789101,-3.356454
123.0129,-44.59035,0.3482648,0.1221767,0.5804511,-3.356987
123.0604,-44.2076,0.3575744,0.1204503,0.5821246,-3.357502
123.116,-43.77778,0.3687158,0.1182819,0.5842477,-3.358081
123.1717,-43.35824,0.3797887,0.1159824,0.5865244,-3.358636
123.2273,-42.95049,0.3905896,0.1135777,0.5889335,-3.359169
123.2829,-42.57559,0.4011783,0.1110849,0.5914624,-3.359679
123.3428,-42.23209,0.4123327,0.1083282,0.5942978,-3.360206
123.4027,-41.94216,0.4226093,0.1055521,0.5971957,-3.360713
123.4627,-41.71489,0.4316102,0.102807,0.6001056,-3.361205
123.5226,-41.58308,0.4392608,0.1001326,0.6029853,-3.361687
123.5859,-41.57635,0.4456605,0.09743551,0.6059375,-3.36219
123.6492,-41.69816,0.4495072,0.09495143,0.6087019,-3.362696
123.7125,-41.95677,0.4503223,0.09274764,0.6111948,-3.363215
123.7758,-42.37171,0.447964,0.09087834,0.613345,-3.363755
123.8289,-42.84883,0.4435154,0.08960673,0.6148317,-3.364229
123.8819,-43.42089,0.4364108,0.08864441,0.615978,-3.364731
123.9349,-44.07243,0.4265435,0.08801896,0.6167468,-3.365267
123.9879,-44.80342,0.4142677,0.08773983,0.6171234,-3.365838
124.0409,-45.61284,0.4001501,0.08780713,0.6171053,-3.366449
124.0939,-46.44837,0.3839307,0.08824284,0.616669,-3.367103
124.1469,-47.27296,0.3657826,0.0890497,0.6158147,-3.367803
124.1999,-48.0872,0.3468289,0.090196,0.6145818,-3.368547
124.2455,-48.77564,0.3307178,0.09142573,0.6132538,-3.369219
124.2912,-49.41326,0.3146669,0.09287523,0.6116894,-3.369921
124.3368,-49.98412,0.2989492,0.09452318,0.6099163,-3.370651
124.3824,-50.48823,0.2841581,0.09633537,0.6079748,-3.371406
124.4259,-50.90752,0.271339,0.09818652,0.6060013,-3.372146
124.4695,-51.25566,0.2597419,0.1001345,0.6039357,-3.372902
124.513,-51.53169,0.2494533,0.1021528,0.6018072,-3.373671
124.5566,-51.74005,0.2406042,0.1042132,0.5996458,-3.374451
124.607,-51.90358,0.2322266,0.1066154,0.5971398,-3.375362
124.6574,-51.98858,0.225692,0.1090044,0.5946613,-3.376278
124.7077,-52.00325,0.220876,0.1113481,0.5922422,-3.377197
124.7581,-51.95693,0.2176649,0.1136174,0.5899105,-3.378115
124.8257,-51.81186,0.2155702,0.1165023,0.5869597,-3.379338
124.8932,-51.59224,0.2157125,0.1191617,0.5842506,-3.380548
124.9608,-51.31692,0.2178041,0.1215563,0.5818179,-3.38174
125.0284,-50.9924,0.2214241,0.1236629,0.5796806,-3.382911
125.1012,-50.59215,0.2266347,0.1255937,0.5777197,-3.384147
125.174,-50.16082,0.2331888,0.1271458,0.576136,-3.385351
125.2469,-49.70929,0.2409469,0.1283062,0.5749384,-3.386522
125.3197,-49.23395,0.249576,0.1290772,0.5741218,-3.387658
125.3959,-48.71435,0.2594227,0.1294673,0.5736726,-3.388808
125.4722,-48.1772,0.270037,0.1294325,0.5736357,-3.389917
125.5484,-47.6202,0.281223,0.1289836,0.5740008,-3.390984
125.6246,-47.05412,0.2931064,0.1281247,0.5747655,-3.392007
125.6745,-46.68531,0.3013541,0.1273429,0.5754816,-3.392653
125.7244,-46.31052,0.3097789,0.1263994,0.5763579,-3.39328
125.7743,-45.92774,0.3183051,0.1253021,0.5773884,-3.393888
125.8242,-45.54522,0.3270433,0.1240521,0.5785737,-3.394477
125.8741,-45.17119,0.3360859,0.1226522,0.5799134,-3.395046
125.924,-44.79724,0.3452083,0.1211187,0.5813938,-3.395596
125.9739,-44.42272,0.3543134,0.119464,0.5830052,-3.396128
126.0238,-44.05805,0.3634768,0.1176943,0.5847443,-3.396641
126.0806,-43.66882,0.3740604,0.1155484,0.5868746,-3.397202
126.1374,-43.29752,0.3844088,0.1132973,0.5891345,-3.397742
126.1943,-42.94633,0.3942855,0.1109705,0.5914981,-3.398262
126.2511,-42.63832,0.4037452,0.1085878,0.5939486,-3.398763
126.3114,-42.38334,0.4133079,0.1060278,0.5966171,-3.399276
126.3717,-42.19098,0.4217227,0.1034923,0.5992975,-3.399775
126.432,-42.0682,0.4285855,0.1010317,0.6019364,-3.400265
126.4922,-42.04635,0.4338699,0.09868386,0.6044914,-3.40075
126.5545,-42.15889,0.4376016,0.09642171,0.60699,-3.401252
126.6167,-42.38575,0.4387072,0.0943994,0.609257,-3.401765
126.6789,-42.72275,0.436737,0.09267569,0.6112188,-3.402296
126.7412,-43.19507,0.4319035,0.09128398,0.6128291,-3.402852
126.7876,-43.64552,0.4265872,0.0904793,0.6137763,-3.403288
126.8341,-44.1515,0.4194283,0.08990488,0.6144683,-3.403746
126.8806,-44.70071,0.4103902,0.08957513,0.6148864,-3.404228
126.927,-45.29584,0.3998106,0.08949035,0.6150286,-3.404737
126.9735,-45.93553,0.3880612,0.089648,0.6148971,-3.405274
127.0199,-46.58968,0.3750427,0.0900583,0.6144813,-3.405841
127.0664,-47.23952,0.3609313,0.09071945,0.613785,-3.406439
127.1129,-47.88005,0.3462568,0.09161557,0.6128281,-3.407066
127.1606,-48.52237,0.3311577,0.09276122,0.6115985,-3.407741
127.2084,-49.1201,0.316113,0.09412347,0.6101357,-3.408445
127.2562,-49.6572,0.3013886,0.09568093,0.6084669,-3.409176
127.3039,-50.13208,0.287522,0.09740041,0.6066309,-3.409931
127.3515,-50.54244,0.275011,0.09923868,0.6046766,-3.410704
127.399,-50.879,0.2637521,0.1011784,0.6026248,-3.411493
127.4466,-51.13997,0.2538295,0.1031897,0.6005082,-3.412297
127.4941,-51.3309,0.2454098,0.1052397,0.5983618,-3.413111
127.5462,-51.46691,0.2379961,0.1074924,0.5960151,-3.41401
127.5983,-51.52972,0.2322943,0.1097229,0.5937031,-3.414913
127.6503,-51.52676,0.228192,0.1119003,0.5914565,-3.415818
127.7024,-51.46679,0.2255932,0.1139965,0.5893022,-3.416721
127.7717,-51.30973,0.2241914,0.1166246,0.5866119,-3.417915
127.8411,-51.08303,0.2248851,0.1190218,0.584166,-3.419096
127.9104,-50.80397,0.2274235,0.1211506,0.5819979,-3.420257
127.9798,-50.47804,0.231414,0.1229896,0.580125,-3.421396
128.0558,-50.0709,0.2370585,0.1246558,0.5784233,-3.422617
128.1318,-49.63324,0.2440507,0.1259315,0.5771096,-3.423805
128.2078,-49.17634,0.2522645,0.1268042,0.5761928,-3.424957
128.2838,-48.69531,0.2613418,0.127279,0.5756659,-3.426072
128.3624,-48.17349,0.2714911,0.1273555,0.5755256,-3.427187
128.4411,-47.6371,0.2824189,0.1270102,0.5757971,-3.428259
128.5198,-47.08641,0.2939569,0.1262558,0.5764695,-3.429287
128.5984,-46.52897,0.306114,0.1251048,0.5775339,-3.430272
128.6493,-46.17042,0.3143483,0.1241553,0.5784269,-3.430884
128.7002,-45.80942,0.3227272,0.1230565,0.5794712,-3.431479
128.7511,-45.44488,0.3311691,0.1218178,0.5806591,-3.432054
128.802,-45.08486,0.3397487,0.1204435,0.5819887,-3.432611
128.8529,-44.73763,0.3485252,0.1189394,0.5834566,-3.43315
128.9038,-44.39675,0.3572775,0.1173235,0.5850472,-3.43367
128.9547,-44.06289,0.3658926,0.115611,0.5867479,-3.434174
129.0056,-43.74698,0.3744116,0.1138115,0.5885515,-3.43466
129.0651,-43.41484,0.3842838,0.1116108,0.5907808,-3.43521
129.1247,-43.11669,0.3936273,0.1093477,0.5931003,-3.43574
129.1843,-42.85744,0.4021652,0.1070587,0.5954752,-3.436254
129.2439,-42.66025,0.4098791,0.1047724,0.5978777,-3.436755
129.3089,-42.54089,0.4172652,0.1023199,0.6004902,-3.437289
129.3739,-42.51165,0.4228492,0.09998028,0.6030183,-3.437817
129.439,-42.57838,0.426183,0.09781382,0.6053931,-3.438348
129.504,-42.76859,0.427245,0.09586547,0.60756,-3.438887
129.5573,-43.03208,0.4264194,0.09446296,0.6091406,-3.439339
129.6105,-43.37182,0.4235827,0.09327801,0.6104931,-3.439808
129.6638,-43.77953,0.4185657,0.09233891,0.6115814,-3.440297
129.7171,-44.2638,0.4116104,0.09165786,0.6123875,-3.440809
129.7703,-44.83007,0.4030466,0.0912425,0.6128991,-3.441348
129.8236,-45.44054,0.3925308,0.09112034,0.6130836,-3.441918
129.8769,-46.07149,0.3800965,0.09130263,0.6129276,-3.442522
129.9301,-46.72575,0.366435,0.0917756,0.6124469,-3.443161
129.9797,-47.35385,0.3532684,0.09245992,0.6117278,-3.443785
130.0293,-47.96102,0.3394901,0.09338377,0.6107453,-3.444439
130.0788,-48.52696,0.3253059,0.09453484,0.6095161,-3.445124
130.1284,-49.05268,0.3113998,0.09588237,0.6080764,-3.445835
130.1744,-49.50428,0.299251,0.0972818,0.6065839,-3.446517
130.2204,-49.90099,0.2877656,0.09880949,0.6049594,-3.447218
130.2665,-50.23681,0.277086,0.1004429,0.603229,-3.447936
130.3125,-50.51419,0.2674823,0.102154,0.6014235,-3.448668
130.3621,-50.7511,0.2585497,0.1040539,0.5994276,-3.449469
130.4117,-50.92067,0.2509973,0.1059862,0.597407,-3.45028
130.4613,-51.02573,0.2448089,0.1079227,0.5953909,-3.451097
130.5109,-51.0729,0.2400059,0.1098359,0.5934072,-3.451917
130.5714,-51.06088,0.2359499,0.1121042,0.591065,-3.452919
130.632,-50.98078,0.2336752,0.1142647,0.5888429,-3.453917
130.6925,-50.84319,0.2330128,0.1162847,0.5867717,-3.454909
130.753,-50.65628,0.2337684,0.1181385,0.5848751,-3.455889
130.824,-50.3826,0.2361777,0.120074,0.582897,-3.457022
130.8949,-50.06503,0.2400802,0.1217252,0.5812079,-3.458133
130.9659,-49.71506,0.2453032,0.1230713,0.5798254,-3.459218
131.0369,-49.33462,0.2515612,0.124104,0.578755,-3.460277
131.1078,-48.92779,0.2586916,0.1248175,0.5780002,-3.461308
131.1788,-48.50199,0.2666208,0.125206,0.5775652,-3.462308
131.2497,-48.05938,0.2752016,0.1252715,0.5774475,-3.463277
131.3207,-47.60543,0.2844071,0.1250165,0.5776448,-3.464213
131.3747,-47.25733,0.2918617,0.1246094,0.5780047,-3.464904
131.4287,-46.90334,0.2995556,0.1240269,0.5785384,-3.465575
131.4827,-46.54203,0.3074004,0.1232766,0.5792395,-3.466227
131.5367,-46.18096,0.3154814,0.1223604,0.5801074,-3.466859
131.5908,-45.82888,0.3238918,0.121281,0.5811411,-3.467471
131.6448,-45.47657,0.3323744,0.120056,0.5823254,-3.468063
131.6988,-45.1223,0.340803,0.118699,0.5836489,-3.468637
131.7528,-44.77883,0.3492964,0.1172149,0.585109,-3.469192
131.8104,-44.44077,0.3585493,0.1155009,0.586811,-3.469762
131.8679,-44.11578,0.3675507,0.1136833,0.5886331,-3.470312
131.9255,-43.80214,0.3760566,0.111789,0.5905512,-3.470845
131.9831,-43.5249,0.3842439,0.1098296,0.592556,-3.471361
132.0397,-43.31178,0.3921164,0.1078537,0.5945995,-3.471853
132.0963,-43.13589,0.3991478,0.1058777,0.5966656,-3.472333
132.1529,-42.99621,0.4050157,0.1039369,0.5987175,-3.472806
132.2095,-42.92338,0.4099107,0.1020483,0.6007372,-3.473272
132.2638,-42.94048,0.4138024,0.1003048,0.6026229,-3.473716
132.3181,-43.01761,0.4162223,0.09867798,0.6044017,-3.474163
132.3724,-43.15147,0.4168913,0.09720147,0.6060343,-3.474616
132.4267,-43.36438,0.4160141,0.09589067,0.6075002,-3.475079
132.4799,-43.66496,0.4138364,0.09478443,0.6087519,-3.475543
132.533,-44.02676,0.4098113,0.0938917,0.609776,-3.476025
132.5861,-44.43791,0.4037989,0.09323582,0.6105431,-3.476528
132.6392,-44.90904,0.396172,0.09282051,0.6110461,-3.477055
132.6911,-45.4328,0.3875658,0.09264752,0.6112798,-3.477593
132.743,-45.98178,0.3774762,0.09272639,0.6112337,-3.478159
132.7948,-46.53551,0.3659606,0.09306247,0.6109023,-3.478755
132.8467,-47.09769,0.3536527,0.09363915,0.6103045,-3.47938
132.8953,-47.63128,0.3419601,0.09437981,0.6095237,-3.47999
132.9438,-48.14021,0.3299632,0.09531492,0.6085312,-3.480625
132.9924,-48.60984,0.3178384,0.09643128,0.6073437,-3.481284
133.041,-49.04091,0.3060897,0.09770258,0.6059917,-3.481965
133.0888,-49.42755,0.295302,0.09907972,0.6045297,-3.482654
133.1366,-49.76118,0.2852361,0.1005651,0.6029572,-3.483361
133.1845,-50.03709,0.2760019,0.1021362,0.6012997,-3.484082
133.2323,-50.25836,0.2678244,0.1037657,0.5995867,-3.484814
133.285,-50.44293,0.2602157,0.1055967,0.5976693,-3.485631
133.3377,-50.56319,0.2539637,0.1074398,0.5957471,-3.486455
133.3903,-50.62243,0.2490341,0.1092669,0.5938489,-3.487284
133.443,-50.62758,0.2454353,0.1110504,0.5920024,-3.488114
133.5079,-50.5684,0.2427422,0.1131515,0.5898344,-3.489133
133.5727,-50.44555,0.2417619,0.1151142,0.5878153,-3.490146
133.6376,-50.26967,0.2423297,0.1169062,0.5859752,-3.491148
133.7024,-50.04806,0.2442416,0.118504,0.5843357,-3.492136
133.805,-49.60621,0.2493102,0.1206035,0.5821777,-3.493668
133.9076,-49.10661,0.2570079,0.1221062,0.580619,-3.495149
134.0102,-48.58566,0.2671718,0.1229675,0.5796985,-3.496573
134.1128,-48.01344,0.2785784,0.1232142,0.5793859,-3.497938
134.1604,-47.72138,0.2839926,0.1231315,0.5794355,-3.498551
134.208,-47.43034,0.2897786,0.1229125,0.57962,-3.499151
134.2556,-47.14275,0.2959333,0.1225584,0.5799386,-3.499736
134.3032,-46.85283,0.3022896,0.1220778,0.5803834,-3.500306
134.3508,-46.55789,0.3087455,0.1214773,0.5809485,-3.500863
134.3984,-46.26403,0.3153744,0.1207576,0.5816342,-3.501406
134.446,-45.97235,0.3221422,0.119924,0.5824362,-3.501934
134.4936,-45.68371,0.3290055,0.118983,0.5833491,-3.502449
134.5561,-45.31509,0.3381619,0.117593,0.5847098,-3.503103
134.6187,-44.95673,0.3472933,0.1160485,0.5862364,-3.503734
134.6812,-44.60972,0.3562205,0.1143727,0.5879087,-3.504344
134.7437,-44.28897,0.3649772,0.1125828,0.5897127,-3.504932
134.8063,-44.0136,0.3736293,0.1106971,0.5916329,-3.5055
134.8688,-43.76973,0.3816367,0.10876,0.5936264,-3.506051
134.9313,-43.55681,0.3886645,0.1068098,0.5956551,-3.506589
134.9938,-43.40569,0.3948866,0.1048672,0.5976989,-3.507116
135.054,-43.3498,0.4003051,0.1030243,0.5996597,-3.507614
135.1142,-43.34747,0.4042545,0.1012708,0.6015462,-3.50811
135.1744,-43.39,0.4062941,0.09965115,0.6033082,-3.50861
135.2346,-43.51931,0.4068873,0.09817642,0.604931,-3.509115
135.2868,-43.72943,0.4065627,0.09702428,0.6062124,-3.509559
135.3391,-43.98602,0.4046141,0.09603999,0.6073191,-3.510015
135.3913,-44.27597,0.4008013,0.09524876,0.6082207,-3.510487
135.4435,-44.62459,0.3956451,0.09464785,0.6089174,-3.510976
135.4898,-44.99489,0.3903045,0.09427385,0.6093622,-3.511424
135.536,-45.39004,0.3837986,0.09407268,0.6096172,-3.51189
135.5823,-45.79968,0.3761344,0.09405094,0.6096745,-3.512374
135.6285,-46.22811,0.3676578,0.09420239,0.6095405,-3.512878
135.6759,-46.68658,0.3584813,0.09452914,0.6092136,-3.513414
135.7232,-47.14239,0.3486954,0.09503418,0.6086907,-3.513972
135.7706,-47.58357,0.3384343,0.09571183,0.607979,-3.51455
135.8179,-48.00839,0.3280633,0.09654664,0.6070967,-3.515149
135.8691,-48.4468,0.3171319,0.09760594,0.6059742,-3.515818
135.9203,-48.84416,0.3064968,0.0988156,0.6046923,-3.516508
135.9715,-49.19048,0.2963116,0.1001552,0.6032746,-3.517218
136.0226,-49.48748,0.2869362,0.1015958,0.6017536,-3.517943
136.076,-49.74705,0.2783212,0.1031749,0.6000912,-3.518714
136.1295,-49.94593,0.270799,0.1048088,0.5983769,-3.519497
136.1829,-50.08333,0.2643925,0.1064701,0.5966399,-3.520289
136.2363,-50.16583,0.2592337,0.1081288,0.5949115,-3.521086
136.2953,-50.20042,0.2550411,0.1099256,0.5930452,-3.521969
136.3543,-50.17672,0.2522419,0.1116585,0.5912506,-3.522853
136.4133,-50.1006,0.2507362,0.1133004,0.5895546,-3.523732
136.4723,-49.97968,0.2504587,0.1148269,0.5879803,-3.524606
136.5506,-49.7595,0.2517967,0.1166438,0.5861082,-3.525752
136.629,-49.4837,0.2548397,0.1181864,0.5845169,-3.526877
136.7074,-49.16504,0.259377,0.1194259,0.5832325,-3.527979
136.7857,-48.80932,0.2651403,0.1203468,0.5822679,-3.529052
136.8594,-48.44782,0.2715376,0.1209131,0.5816598,-3.530035
136.9332,-48.06575,0.2787293,0.1211836,0.5813459,-3.53099
137.0069,-47.66563,0.286542,0.1211605,0.5813242,-3.531915
137.0806,-47.25601,0.2949664,0.1208453,0.5815933,-3.53281
137.1375,-46.94073,0.3019338,0.1204038,0.5819993,-3.53348
137.1945,-46.62067,0.3090877,0.1198015,0.5825673,-3.534131
137.2514,-46.29409,0.3163044,0.1190482,0.5832888,-3.534764
137.3083,-45.97199,0.3237037,0.1181457,0.5841632,-3.535378
137.3653,-45.66683,0.3314144,0.117097,0.5851894,-3.535973
137.4222,-45.36499,0.3390618,0.1159255,0.5863457,-3.536551
137.4792,-45.06369,0.3464659,0.1146489,0.5876163,-3.537112
137.5361,-44.78116,0.3538108,0.1132717,0.5889986,-3.537656
137.5927,-44.53724,0.3612166,0.1118095,0.5904788,-3.538181
137.6493,-44.31051,0.3681924,0.11029,0.5920302,-3.538692
137.7059,-44.09814,0.3744949,0.1087384,0.5936282,-3.539191
137.7625,-43.92482,0.3803426,0.1071633,0.5952653,-3.539679
137.8171,-43.81541,0.385694,0.1056349,0.5968683,-3.540141
137.8716,-43.74055,0.3901821,0.104136,0.5984546,-3.540596
137.9261,-43.69787,0.3935685,0.1026937,0.5999951,-3.54105
137.9807,-43.70949,0.3960463,0.1013189,0.6014772,-3.541502
138.0343,-43.79075,0.397727,0.100046,0.6028621,-3.541949
138.0879,-43.91937,0.3981441,0.09888897,0.6041328,-3.5424
138.1416,-44.09065,0.3971247,0.09787171,0.6052612,-3.542861
138.1952,-44.31838,0.3948742,0.09700357,0.6062346,-3.543332
138.2498,-44.61831,0.3915305,0.09628227,0.6070537,-3.543824
138.3044,-44.96016,0.386728,0.09575382,0.6076653,-3.544334
138.359,-45.33142,0.3804024,0.09543381,0.6080506,-3.544863
138.4136,-45.73943,0.3729485,0.09531984,0.6082106,-3.545414
138.4675,-46.18296,0.3648963,0.09540386,0.6081525,-3.54598
138.5215,-46.63273,0.3558793,0.09569785,0.607864,-3.54657
138.5754,-47.07084,0.345963,0.09620123,0.6073463,-3.547185
138.6293,-47.50269,0.3357396,0.09689306,0.6066231,-3.547823
138.6799,-47.90328,0.3263717,0.09769147,0.6057825,-3.54844
138.7304,-48.27398,0.31702,0.09863315,0.6047881,-3.549076
138.7809,-48.6045,0.3077959,0.09970382,0.6036569,-3.54973
138.8314,-48.89851,0.2990938,0.1008782,0.602417,-3.5504
138.8819,-49.15837,0.291227,0.102131,0.6010964,-3.551083
138.9324,-49.3722,0.2840801,0.1034483,0.5997107,-3.551777
138.9829,-49.53752,0.2777033,0.1048101,0.598282,-3.552481
139.0334,-49.65861,0.2722543,0.1061924,0.5968354,-3.553192
139.0905,-49.74721,0.2673194,0.1077544,0.5952051,-3.554002
139.1477,-49.78249,0.2635625,0.1092909,0.5936059,-3.554815
139.2048,-49.76772,0.2609333,0.110777,0.5920627,-3.555628
139.262,-49.70937,0.2594286,0.1121892,0.590599,-3.556439
139.3348,-49.58004,0.2590509,0.113851,0.5888788,-3.557464
139.4077,-49.39626,0.2601929,0.1153277,0.5873507,-3.558478
139.4805,-49.16744,0.2626942,0.116591,0.5860411,-3.559476
139.5534,-48.90065,0.2663809,0.1176215,0.5849678,-3.560454
139.6247,-48.61004,0.2710182,0.1183909,0.5841584,-3.561392
139.6961,-48.29469,0.2765009,0.1189148,0.5835954,-3.562308
139.7674,-47.95808,0.2826716,0.1191895,0.5832817,-3.5632
139.8387,-47.60795,0.289499,0.1192123,0.5832202,-3.564066
139.9101,-47.26095,0.2971389,0.1189774,0.5834168,-3.564906
139.9814,-46.89919,0.3050504,0.1185075,0.5838501,-3.56572
140.0527,-46.5139,0.3128825,0.117822,0.5845021,-3.566509
140.1241,-46.1392,0.3211237,0.1169124,0.5853835,-3.567271
140.1711,-45.9138,0.326981,0.1161893,0.5860921,-3.567757
140.2181,-45.68759,0.332756,0.1153889,0.5868822,-3.568232
140.265,-45.45903,0.3383564,0.1145198,0.5877459,-3.568697
140.312,-45.23971,0.3439277,0.1135819,0.5886842,-3.569151
140.359,-45.03854,0.3495553,0.1125782,0.589695,-3.569595
140.406,-44.84756,0.3550058,0.1115246,0.590763,-3.570029
140.453,-44.66752,0.3602024,0.1104312,0.5918786,-3.570454
140.5,-44.50535,0.3651727,0.1093051,0.5930353,-3.570872
140.5585,-44.33712,0.3710558,0.1078682,0.5945227,-3.571382
140.6171,-44.2024,0.376322,0.1064213,0.5960333,-3.571882
140.6757,-44.10373,0.3808058,0.1049895,0.5975414,-3.572376
140.7343,-44.05196,0.384492,0.1035927,0.5990258,-3.572865
140.805,-44.06671,0.3878676,0.1019812,0.6007556,-3.573453
140.8758,-44.15366,0.3895487,0.1005067,0.6023559,-3.574045
140.9466,-44.30946,0.3892509,0.09921581,0.6037733,-3.574646
141.0174,-44.55027,0.3871558,0.09813658,0.6049735,-3.57526
141.0686,-44.7846,0.384656,0.09750138,0.605689,-3.575716
141.1198,-45.05079,0.3810554,0.09701119,0.6062497,-3.576185
141.171,-45.34088,0.3763131,0.09667735,0.606642,-3.576668
141.2222,-45.66005,0.3706889,0.09649929,0.6068651,-3.577167
141.2735,-46.01056,0.3644404,0.09647503,0.6069205,-3.577682
141.3247,-46.37148,0.3574131,0.09661455,0.6067969,-3.578215
141.3759,-46.73186,0.3496748,0.09691804,0.6064942,-3.578766
141.4271,-47.09238,0.3415596,0.09737457,0.6060246,-3.579337
141.482,-47.47836,0.332838,0.09801788,0.6053537,-3.579966
141.5368,-47.84121,0.3239896,0.09881749,0.6045141,-3.580616
141.5917,-48.16856,0.3151265,0.09976,0.6035215,-3.581286
141.6465,-48.46383,0.3066805,0.1008191,0.6024053,-3.581972
141.7012,-48.72912,0.2990369,0.101965,0.6011982,-3.582671
141.7559,-48.94888,0.2920182,0.1031866,0.599913,-3.583382
141.8106,-49.11836,0.2856665,0.1044632,0.5985726,-3.584105
141.8653,-49.24412,0.2802318,0.1057667,0.5972067,-3.584835
141.9218,-49.33401,0.2757554,0.1071133,0.5957987,-3.585594
141.9783,-49.37711,0.2722444,0.1084437,0.5944104,-3.586356
142.0348,-49.37491,0.2696575,0.1097372,0.5930632,-3.58712
142.0913,-49.33424,0.2680512,0.1109715,0.5917794,-3.587881
142.1569,-49.24626,0.2674221,0.1123064,0.590392,-3.588761
142.2225,-49.115,0.2679108,0.1135161,0.5891349,-3.589633
142.2881,-48.94528,0.2693989,0.1145812,0.5880265,-3.590495
142.3537,-48.7447,0.271843,0.1154846,0.5870832,-3.591344
142.4364,-48.46501,0.2763445,0.1163679,0.586153,-3.592392
142.5191,-48.14505,0.2818448,0.116965,0.585512,-3.593415
142.6018,-47.78307,0.2879548,0.1172736,0.5851615,-3.59441
142.6845,-47.40957,0.2950232,0.1172745,0.5851208,-3.595375
142.7327,-47.19825,0.2997225,0.1171282,0.5852451,-3.595922
142.781,-46.98003,0.3045241,0.1168858,0.5854667,-3.596458
142.8292,-46.75394,0.3093544,0.1165517,0.5857816,-3.596984
142.8774,-46.52837,0.3143276,0.1161238,0.5861924,-3.597499
142.9256,-46.31001,0.3195182,0.1156022,0.5866996,-3.598002
142.9738,-46.09266,0.3247402,0.1149974,0.5872933,-3.598494
143.022,-45.87647,0.3299324,0.1143156,0.5879677,-3.598977
143.0703,-45.66693,0.3351321,0.1135602,0.5887202,-3.599448
143.1302,-45.42472,0.3416648,0.1125245,0.5897598,-3.60002
143.1902,-45.19529,0.3479927,0.1114031,0.5908944,-3.600578
143.2501,-44.97823,0.3539477,0.1102153,0.5921055,-3.601122
143.31,-44.78788,0.3596194,0.1089719,0.5933833,-3.601654
143.3744,-44.63278,0.3655436,0.1075864,0.5948191,-3.602212
143.4388,-44.50734,0.3706748,0.1061932,0.5962754,-3.602762
143.5032,-44.40594,0.3746812,0.1048269,0.5977162,-3.603305
143.5676,-44.36006,0.3779006,0.1034977,0.5991305,-3.603843
143.6263,-44.39485,0.3804785,0.1023283,0.6003856,-3.60433
143.6849,-44.46106,0.38184,0.1012486,0.6015544,-3.60482
143.7435,-44.54476,0.3816372,0.1002889,0.6026026,-3.605316
143.8021,-44.68369,0.3804958,0.09944394,0.6035344,-3.605819
143.8513,-44.86388,0.379193,0.09882205,0.6042264,-3.606247
143.9004,-45.06454,0.3769175,0.09831295,0.6047994,-3.606684
143.9496,-45.27697,0.3735635,0.09792847,0.6052394,-3.607132
143.9988,-45.51617,0.3695072,0.09766273,0.6055519,-3.607591
144.0452,-45.77425,0.3652983,0.09751726,0.6057328,-3.608035
144.0916,-46.04262,0.3604504,0.09748763,0.6057881,-3.608491
144.138,-46.31495,0.354991,0.09757575,0.6057153,-3.608959
144.1845,-46.59339,0.3491378,0.09777594,0.6055205,-3.60944
144.2367,-46.91445,0.3423376,0.09812695,0.6051643,-3.609997
144.2889,-47.2272,0.3352364,0.09861177,0.6046629,-3.610569
144.3411,-47.52255,0.3279257,0.09922332,0.6040245,-3.611157
144.3933,-47.80109,0.3206976,0.09994589,0.6032666,-3.611761
144.451,-48.08996,0.3131439,0.1008523,0.6023137,-3.612442
144.5086,-48.34192,0.3059504,0.101861,0.6012525,-3.613139
144.5663,-48.54909,0.299184,0.102953,0.6001041,-3.61385
144.624,-48.71726,0.2931666,0.1041,0.5988992,-3.614571
144.6828,-48.85429,0.2880553,0.1052985,0.5976417,-3.615314
144.7417,-48.94491,0.2837721,0.1065099,0.5963728,-3.616064
144.8005,-48.9877,0.2802852,0.1077129,0.5951146,-3.616818
144.8594,-48.99148,0.2777597,0.1088814,0.5938941,-3.617573
144.921,-48.96191,0.2762493,0.1100419,0.5926829,-3.618361
144.9825,-48.8927,0.2756407,0.1111259,0.591552,-3.619145
145.0441,-48.78588,0.2758383,0.1121171,0.5905175,-3.619924
145.1057,-48.65014,0.2768931,0.1129973,0.5895973,-3.620695
145.1741,-48.47578,0.2791237,0.1138265,0.588727,-3.62154
145.2426,-48.27076,0.2821298,0.1144938,0.5880216,-3.622372
145.311,-48.03595,0.2857317,0.1149923,0.5874877,-3.623189
145.3795,-47.78494,0.2900446,0.115309,0.5871379,-3.623989
145.4485,-47.53513,0.29534,0.1154302,0.5869856,-3.624775
145.5174,-47.26495,0.3009254,0.1153734,0.587014,-3.625543
145.5864,-46.9655,0.3064556,0.1151509,0.587211,-3.626293
145.6554,-46.67067,0.3124602,0.1147463,0.587594,-3.627022
145.7127,-46.45546,0.318203,0.1142613,0.588065,-3.62761
145.7699,-46.23095,0.3238059,0.1136766,0.5886398,-3.628185
145.8272,-45.98723,0.3289821,0.1130084,0.5893027,-3.628749
145.8845,-45.7575,0.3342665,0.1122436,0.590068,-3.629299
145.9323,-45.59562,0.339047,0.1115258,0.5907917,-3.629747
145.9802,-45.43647,0.3436151,0.1107623,0.5915661,-3.630188
146.028,-45.278,0.3478625,0.1099629,0.5923815,-3.630621
146.0759,-45.13358,0.3519635,0.1091272,0.593239,-3.631047
146.1246,-45.01102,0.3560999,0.1082409,0.5941538,-3.631474
146.1734,-44.90276,0.3599111,0.107338,0.5950913,-3.631895
146.2221,-44.80885,0.3633133,0.1064296,0.5960403,-3.632312
146.2709,-44.7368,0.3663596,0.105522,0.5969942,-3.632724
146.329,-44.68763,0.3695613,0.1044516,0.5981268,-3.633211
146.3872,-44.67095,0.3720347,0.103418,0.5992287,-3.633695
146.4453,-44.68635,0.3736581,0.1024409,0.6002782,-3.63418
146.5035,-44.74172,0.3744845,0.1015337,0.6012603,-3.634667
146.5721,-44.87,0.3745678,0.1005685,0.6023145,-3.635246
146.6407,-45.04452,0.3732393,0.09975622,0.6032114,-3.635835
146.7093,-45.25357,0.3703216,0.09912487,0.6039185,-3.636438
146.7779,-45.51274,0.3662473,0.09867846,0.6044293,-3.637058
146.8274,-45.73703,0.3628476,0.09847179,0.6046739,-3.637515
146.8768,-45.9717,0.3587862,0.09837655,0.6047985,-3.637983
146.9262,-46.20947,0.354058,0.09839638,0.6047985,-3.638463
146.9757,-46.45577,0.348934,0.09852433,0.6046812,-3.638955
147.0251,-46.7131,0.343646,0.09875345,0.6044541,-3.639459
147.0746,-46.96602,0.3380705,0.09908721,0.6041134,-3.639975
147.124,-47.20816,0.332267,0.09952143,0.6036641,-3.640504
147.1735,-47.44052,0.3264501,0.1000454,0.6031179,-3.641044
147.2306,-47.69769,0.3199727,0.1007476,0.6023825,-3.641681
147.2878,-47.92794,0.3136897,0.1015456,0.6015448,-3.642332
147.345,-48.12409,0.3076671,0.1024248,0.6006209,-3.642996
147.4021,-48.29005,0.3021787,0.1033625,0.5996355,-3.643669
147.4634,-48.43911,0.2971486,0.1044073,0.5985379,-3.6444
147.5247,-48.5454,0.2928161,0.1054784,0.5974137,-3.645139
147.5861,-48.60565,0.2891577,0.1065557,0.5962841,-3.645882
147.6474,-48.6292,0.2863908,0.1076118,0.5951776,-3.646628
147.7101,-48.62431,0.2846433,0.1086454,0.5940951,-3.647391
147.7729,-48.58066,0.2836927,0.1096202,0.5930743,-3.648152
147.8357,-48.49833,0.2834351,0.110521,0.5921305,-3.648909
147.8985,-48.38842,0.2840037,0.1113273,0.5912842,-3.64966
147.9629,-48.25815,0.2855583,0.1120379,0.5905357,-3.650421
148.0273,-48.10033,0.2877296,0.1126291,0.5899093,-3.651173
148.0917,-47.91431,0.2903594,0.1130957,0.5894102,-3.651913
148.1561,-47.71382,0.293608,0.1134239,0.5890521,-3.652641
148.2197,-47.51628,0.2975991,0.1136005,0.5888484,-3.653346
148.2833,-47.30221,0.3018776,0.1136442,0.5887803,-3.654037
148.3469,-47.06716,0.3062267,0.1135611,0.5888418,-3.654714
148.4106,-46.83186,0.3109509,0.1133409,0.5890437,-3.655376
148.4684,-46.63513,0.3158219,0.1130145,0.589357,-3.655965
148.5263,-46.43188,0.3206739,0.1125916,0.5897704,-3.656541
148.5842,-46.21655,0.3253032,0.1120841,0.5902726,-3.657106
148.642,-46.01095,0.3300377,0.1114852,0.5908711,-3.657659
148.6947,-45.84825,0.3346468,0.110859,0.591502,-3.65815
148.7473,-45.68849,0.3390729,0.1101783,0.5921923,-3.658633
148.7999,-45.5288,0.3431787,0.1094546,0.5929308,-3.659108
148.8525,-45.38415,0.3471614,0.1086874,0.5937184,-3.659575
148.9049,-45.2669,0.3511415,0.1078821,0.5945502,-3.660032
148.9573,-45.16248,0.3547801,0.1070574,0.595407,-3.660483
149.0097,-45.0695,0.3579635,0.106226,0.596276,-3.660929
149.0621,-44.99887,0.3608074,0.1053925,0.5971524,-3.661371
149.119,-44.95792,0.3636029,0.1044934,0.5981038,-3.661845
149.1758,-44.94139,0.3657686,0.1036233,0.5990305,-3.662318
149.2327,-44.947,0.3671781,0.1027992,0.5999143,-3.662792
149.2895,-44.98542,0.3679622,0.1020286,0.6007467,-3.663266
149.351,-45.07523,0.368267,0.1012632,0.6015795,-3.663781
149.4125,-45.19462,0.3676,0.1005977,0.6023101,-3.664303
149.474,-45.33519,0.3658206,0.1000508,0.6029172,-3.664833
149.5355,-45.51091,0.3632586,0.09962319,0.6033987,-3.665373
149.5953,-45.72876,0.3603799,0.09931922,0.6037479,-3.665908
149.6552,-45.95838,0.3565995,0.09915209,0.6039505,-3.666457
149.715,-46.18418,0.3517934,0.09913205,0.6039949,-3.66702
149.7748,-46.42545,0.3465685,0.09924222,0.6038984,-3.667597
149.8275,-46.66215,0.3420545,0.09943362,0.6037109,-3.668117
149.8802,-46.88992,0.3371702,0.09972788,0.6034122,-3.668648
149.9329,-47.09892,0.3318932,0.1001233,0.6030043,-3.669191
149.9856,-47.30027,0.3266436,0.1006022,0.6025063,-3.669746
150.0351,-47.48874,0.3220271,0.101114,0.6019716,-3.670275
150.0847,-47.65914,0.3174869,0.1016874,0.6013708,-3.670814
150.1342,-47.80732,0.3130516,0.1023148,0.6007123,-3.67136
150.1837,-47.93729,0.3089133,0.1029826,0.6000108,-3.671913
150.2387,-48.06333,0.3048471,0.103755,0.5991991,-3.672532
150.2936,-48.16164,0.3012175,0.104553,0.5983605,-3.673157
150.3485,-48.23022,0.2980367,0.105364,0.5975084,-3.673787
150.4034,-48.2731,0.2954245,0.1061719,0.5966597,-3.674419
150.4686,-48.29568,0.2931785,0.1071066,0.5956778,-3.675172
150.5339,-48.2817,0.2916968,0.108001,0.5947382,-3.675924
150.5991,-48.23139,0.2909195,0.1088383,0.5938581,-3.676674
150.6643,-48.15272,0.2909348,0.1095986,0.5930576,-3.677419
150.7381,-48.04198,0.2920424,0.1103429,0.5922712,-3.678254
150.8119,-47.89633,0.2938811,0.11096,0.5916155,-3.679079
150.8857,-47.71357,0.2962222,0.1114422,0.5910982,-3.679892
150.9595,-47.51481,0.299338,0.1117685,0.5907405,-3.68069
151.0125,-47.37332,0.3021894,0.1118976,0.5905912,-3.681254
151.0655,-47.2211,0.3052213,0.1119476,0.590523,-3.68181
151.1185,-47.05685,0.3083403,0.1119208,0.5905337,-3.682357
151.1716,-46.89031,0.3116814,0.1118123,0.5906285,-3.682895
151.2246,-46.72938,0.3153381,0.1116193,0.5908105,-3.683424
151.2776,-46.56574,0.3190701,0.1113519,0.5910697,-3.683944
151.3306,-46.39887,0.3227983,0.1110152,0.5914014,-3.684456
151.3837,-46.23604,0.3265968,0.1106096,0.5918056,-3.684958
151.4445,-46.06372,0.331132,0.1100607,0.5923576,-3.685523
151.5053,-45.89659,0.3355497,0.1094404,0.5929866,-3.686078
151.5661,-45.7327,0.3396987,0.108762,0.5936795,-3.686622
151.627,-45.58569,0.3437237,0.1080289,0.5944332,-3.687157
151.6901,-45.4678,0.3479626,0.1072136,0.5952772,-3.687703
151.7533,-45.36301,0.3517113,0.1063753,0.5961508,-3.688241
151.8164,-45.26428,0.3547118,0.1055361,0.5970309,-3.688773
151.8795,-45.19789,0.3573335,0.1046961,0.597918,-3.689301
151.9369,-45.18739,0.3596978,0.103933,0.5987288,-3.689775
151.9942,-45.19101,0.3613506,0.103206,0.5995061,-3.69025
152.0515,-45.19891,0.3620519,0.1025345,0.600229,-3.690725
152.1088,-45.23839,0.3622718,0.1019118,0.6009038,-3.691203
152.1592,-45.31565,0.3623607,0.1014025,0.6014592,-3.691624
152.2096,-45.40515,0.361835,0.1009541,0.6019518,-3.692048
152.26,-45.50123,0.3606031,0.1005761,0.6023709,-3.692479
152.3104,-45.6163,0.3589346,0.1002644,0.6027204,-3.692914
152.3602,-45.75651,0.3570526,0.1000194,0.602999,-3.69335
152.4101,-45.90617,0.3546809,0.09985053,0.6031964,-3.693793
152.4599,-46.06068,0.3518076,0.09976165,0.6033082,-3.694244
152.5097,-46.22424,0.3486085,0.09974916,0.6033378,-3.694703
152.5659,-46.42264,0.3448114,0.09982179,0.6032775,-3.695229
152.6221,-46.62075,0.3406636,0.09999202,0.6031119,-3.695766
152.6782,-46.81135,0.33619,0.1002582,0.6028426,-3.696314
152.7344,-46.99791,0.3316404,0.1006093,0.6024814,-3.696873
152.7958,-47.20148,0.3268743,0.1010762,0.6019968,-3.697494
152.8573,-47.38481,0.3221227,0.1016289,0.6014197,-3.698128
152.9187,-47.53879,0.3173858,0.1022579,0.6007606,-3.698772
152.9802,-47.67272,0.313035,0.1029401,0.6000443,-3.699425
153.0403,-47.79281,0.3094694,0.103637,0.5993117,-3.70007
153.1004,-47.88229,0.3062519,0.1043609,0.5985503,-3.700721
153.1606,-47.93538,0.3033186,0.1051009,0.5977717,-3.701377
153.2207,-47.96496,0.3009903,0.1058333,0.5970008,-3.702035
153.2779,-47.981,0.2995572,0.106504,0.5962943,-3.702661
153.3351,-47.97083,0.2985525,0.1071488,0.5956146,-3.703288
153.3924,-47.9325,0.297902,0.1077598,0.5949699,-3.703913
153.4496,-47.87599,0.2977833,0.1083216,0.5943761,-3.704535
153.508,-47.80812,0.2983386,0.1088305,0.5938365,-3.705165
153.5663,-47.72032,0.2993003,0.1092756,0.5933626,-3.70579
153.6247,-47.61195,0.300583,0.1096526,0.5929588,-3.706409
153.6831,-47.49169,0.3022986,0.1099516,0.5926351,-3.707021
153.746,-47.35839,0.3047481,0.1101774,0.5923855,-3.707672
153.8089,-47.21069,0.307496,0.1103095,0.5922323,-3.708314
153.8719,-47.04669,0.3104022,0.1103499,0.5921738,-3.708947
153.9348,-46.87943,0.3136352,0.1102912,0.5922176,-3.709568
153.9983,-46.72243,0.3174291,0.1101246,0.592373,-3.710184
154.0618,-46.55756,0.3212495,0.1098697,0.5926206,-3.710789
154.1254,-46.37888,0.3248711,0.1095376,0.5929494,-3.711384
154.1889,-46.20943,0.3286413,0.1091201,0.5933683,-3.711967
154.2464,-46.08309,0.3324602,0.1086634,0.5938313,-3.712485
154.3039,-45.95573,0.3360539,0.1081591,0.5943461,-3.712996
154.3614,-45.82058,0.3392094,0.1076209,0.5948988,-3.7135
154.4189,-45.70138,0.3422993,0.1070417,0.5954972,-3.713997
154.4706,-45.62373,0.3452556,0.1064833,0.5960775,-3.714437
154.5223,-45.55213,0.3478971,0.1059128,0.5966733,-3.714873
154.574,-45.48325,0.3501042,0.1053405,0.5972739,-3.715306
154.6257,-45.43084,0.3520827,0.104765,0.5978809,-3.715735
154.6776,-45.40496,0.35398,0.1041857,0.5984951,-3.716163
154.7295,-45.39178,0.3554768,0.1036225,0.5990952,-3.71659
154.7814,-45.38914,0.3564944,0.1030848,0.5996712,-3.717017
154.8332,-45.40509,0.3571558,0.1025748,0.6002205,-3.717444
154.8909,-45.45214,0.3575923,0.1020439,0.6007958,-3.71792
154.9486,-45.51685,0.3574532,0.1015687,0.6013143,-3.718398
155.0063,-45.59498,0.356666,0.1011597,0.6017643,-3.718881
155.064,-45.69396,0.3554038,0.1008184,0.6021438,-3.719369
155.1269,-45.83421,0.3537195,0.1005231,0.6024766,-3.719907
155.1897,-45.98564,0.3513654,0.1003267,0.6027042,-3.720454
155.2526,-46.13754,0.3482532,0.100238,0.6028168,-3.721011
155.3154,-46.30318,0.3447965,0.1002466,0.6028249,-3.721578
155.3753,-46.48562,0.3415926,0.1003331,0.602748,-3.722126
155.4351,-46.66009,0.3379814,0.1005126,0.6025708,-3.722684
155.4949,-46.81346,0.333857,0.100787,0.6022914,-3.723253
155.5547,-46.96473,0.3297797,0.1011341,0.6019333,-3.723832
155.6074,-47.10779,0.3265952,0.1014841,0.6015696,-3.724348
155.6601,-47.23463,0.3233726,0.101885,0.601151,-3.724871
155.7128,-47.33924,0.3200767,0.1023328,0.6006821,-3.7254
155.7655,-47.43197,0.3170113,0.1028117,0.6001794,-3.725935
155.817,-47.5176,0.314454,0.1032957,0.5996706,-3.72646
155.8684,-47.58563,0.3120999,0.1037974,0.5991425,-3.726988
155.9198,-47.63391,0.3099414,0.1043106,0.598602,-3.72752
155.9712,-47.66724,0.3081103,0.1048241,0.5980606,-3.728054
156.03,-47.69167,0.3065377,0.1053989,0.5974539,-3.728665
156.0888,-47.69437,0.3053677,0.1059564,0.5968648,-3.729276
156.1475,-47.6744,0.3045681,0.1064881,0.5963024,-3.729887
156.2063,-47.63724,0.3042318,0.106982,0.5957789,-3.730496
156.2755,-47.5795,0.3045486,0.1074997,0.5952282,-3.731208
156.3447,-47.49721,0.3053578,0.1079465,0.5947508,-3.731915
156.4138,-47.38859,0.3065301,0.1083162,0.594353,-3.732615
156.483,-47.26689,0.3082443,0.1085941,0.5940498,-3.733307
156.553,-47.14981,0.3108208,0.1087655,0.5938565,-3.733998
156.6231,-47.01177,0.3135637,0.1088448,0.5937585,-3.734678
156.6931,-46.84228,0.3161386,0.1088409,0.5937471,-3.73535
156.7632,-46.67678,0.3191449,0.1087318,0.5938451,-3.73601
156.8209,-46.56956,0.3223838,0.1085481,0.5940237,-3.736544
156.8787,-46.45024,0.3254536,0.1083118,0.5942578,-3.737071
156.9364,-46.30811,0.3280738,0.1080355,0.5945348,-3.737592
156.9942,-46.17619,0.330826,0.1077013,0.5948734,-3.738105
157.0419,-46.09302,0.3334994,0.1073736,0.595208,-3.738522
157.0896,-46.00863,0.3360058,0.1070212,0.5955699,-3.738935
157.1373,-45.92084,0.3382627,0.1066498,0.5959531,-3.739344
157.185,-45.84074,0.3404458,0.1062563,0.5963611,-3.739749
157.234,-45.77455,0.3427294,0.1058278,0.5968074,-3.740161
157.2831,-45.71487,0.3448176,0.1053878,0.5972677,-3.74057
157.3321,-45.66103,0.346657,0.1049424,0.5977359,-3.740977
157.3812,-45.61842,0.3483134,0.1044934,0.5982098,-3.74138
157.4407,-45.588,0.3501476,0.1039477,0.5987887,-3.741867
157.5002,-45.57268,0.3515785,0.1034165,0.5993553,-3.742353
157.5598,-45.57049,0.3525241,0.1029111,0.5998974,-3.742838
157.6193,-45.58832,0.3530864,0.1024358,0.6004102,-3.743323
157.688,-45.64496,0.3534554,0.1019289,0.6009607,-3.743884
157.7566,-45.71812,0.3531001,0.1014919,0.6014393,-3.744448
157.8252,-45.79726,0.3518479,0.1011415,0.6018277,-3.745019
157.8939,-45.90189,0.3501435,0.1008714,0.6021317,-3.745597
157.9442,-46.0042,0.3488473,0.1007204,0.6023047,-3.746024
157.9945,-46.10879,0.3471862,0.1006236,0.6024201,-3.746456
158.0448,-46.2108,0.3451195,0.100584,0.6024743,-3.746893
158.0951,-46.31832,0.3428726,0.1005951,0.602474,-3.747336
158.1455,-46.43635,0.3406158,0.1006519,0.6024245,-3.747784
158.1958,-46.55256,0.3381759,0.1007601,0.6023196,-3.748237
158.2461,-46.66357,0.3355594,0.1009189,0.6021601,-3.748697
158.2964,-46.77231,0.3329035,0.1011222,0.6019524,-3.749161
158.3564,-46.902,0.3298567,0.1014142,0.601651,-3.749721
158.4163,-47.02006,0.326812,0.1017602,0.6012912,-3.750288
158.4763,-47.12139,0.3237758,0.1021545,0.6008791,-3.750862
158.5363,-47.21086,0.3209518,0.1025837,0.600429,-3.751441
158.6028,-47.30354,0.3183224,0.1030837,0.5999031,-3.752089
158.6694,-47.37128,0.3159347,0.1036077,0.599351,-3.752742
158.736,-47.40697,0.3137051,0.1041468,0.598782,-3.753399
158.8026,-47.42529,0.3119883,0.1046779,0.5982206,-3.754058
158.8657,-47.4411,0.3111569,0.1051529,0.5977172,-3.754682
158.9289,-47.43093,0.310575,0.1056078,0.5972343,-3.755305
158.9921,-47.38728,0.3100638,0.1060395,0.5967752,-3.755929
159.0552,-47.33218,0.3100586,0.106425,0.5963637,-3.756549
159.1107,-47.28923,0.3107484,0.1067099,0.5960578,-3.757088
159.1661,-47.22984,0.3115923,0.106957,0.595791,-3.757625
159.2216,-47.15028,0.3124722,0.1071665,0.5955632,-3.758158
159.277,-47.06491,0.3136454,0.1073262,0.5953869,-3.758687
159.3299,-46.98816,0.3152025,0.1074242,0.5952752,-3.759185
159.3827,-46.9029,0.3168705,0.1074783,0.5952091,-3.759679
159.4356,-46.80776,0.3185774,0.1074899,0.5951873,-3.760169
159.4885,-46.71086,0.3204436,0.1074544,0.5952148,-3.760653
159.546,-46.61124,0.3227608,0.1073583,0.5953049,-3.761174
159.6036,-46.5082,0.3251214,0.1072121,0.5954478,-3.761689
159.6611,-46.40028,0.3274344,0.1070202,0.5956391,-3.762197
159.7187,-46.29629,0.329813,0.1067809,0.595881,-3.7627
159.7819,-46.19755,0.3326411,0.1064616,0.5962069,-3.763244
159.8451,-46.10029,0.3353243,0.1061008,0.5965781,-3.763781
159.9083,-46.00032,0.3376994,0.1057096,0.5969831,-3.764313
159.9715,-45.91394,0.3400055,0.1052854,0.5974249,-3.764839
160.0334,-45.85987,0.3424582,0.1048352,0.5978965,-3.765348
160.0953,-45.80938,0.3445203,0.1043782,0.5983778,-3.765853
160.1572,-45.7535,0.3459591,0.1039297,0.5988526,-3.766356
160.219,-45.71811,0.3472195,0.1034813,0.5993298,-3.766857
160.2739,-45.72227,0.3485043,0.1030788,0.5997601,-3.767297
160.3287,-45.73011,0.3493508,0.1026982,0.600169,-3.767738
160.3835,-45.73422,0.3496004,0.1023502,0.6005451,-3.768179
160.4383,-45.75425,0.3496249,0.1020265,0.6008968,-3.768622
160.4886,-45.7988,0.3496862,0.1017468,0.6012022,-3.769028
160.5388,-45.84807,0.3493995,0.1015006,0.6014728,-3.769437
160.5891,-45.89833,0.3487071,0.1012933,0.6017029,-3.769848
160.6394,-45.95811,0.3477981,0.1011209,0.6018962,-3.770262
160.6925,-46.03784,0.3467591,0.1009742,0.602063,-3.770702
160.7455,-46.12161,0.345425,0.1008737,0.6021808,-3.771146
160.7986,-46.20575,0.3437728,0.100822,0.6022464,-3.771595
160.8517,-46.29503,0.341954,0.1008153,0.6022639,-3.772048
160.9123,-46.40812,0.3398567,0.1008571,0.6022305,-3.77257
160.9728,-46.51858,0.3375353,0.1009585,0.602133,-3.773098
161.0333,-46.62017,0.3349647,0.1011194,0.6019713,-3.773634
161.0939,-46.71999,0.3323919,0.1013293,0.6017566,-3.774175
161.1578,-46.83206,0.3299649,0.1015906,0.6014864,-3.774751
161.2217,-46.92886,0.3274846,0.1018999,0.6011642,-3.775334
161.2856,-47.00121,0.32486,0.1022544,0.6007931,-3.775923
161.3495,-47.06487,0.3225082,0.1026336,0.6003947,-3.776516
161.4088,-47.12928,0.3209084,0.1029897,0.6000195,-3.777069
161.4681,-47.17368,0.3193884,0.1033598,0.5996288,-3.777624
161.5274,-47.19068,0.3178262,0.1037413,0.5992253,-3.778183
161.5867,-47.1979,0.3166147,0.1041148,0.5988296,-3.778742
161.6406,-47.20761,0.3160711,0.1044331,0.5984914,-3.779248
161.6945,-47.2019,0.3156679,0.1047398,0.5981649,-3.779755
161.7483,-47.17777,0.3153347,0.1050327,0.5978525,-3.780262
161.8022,-47.14541,0.3152726,0.1053008,0.5975655,-3.780766
161.8568,-47.11205,0.3156306,0.1055385,0.59731,-3.781275
161.9115,-47.0673,0.3161599,0.1057467,0.5970849,-3.781781
161.9661,-47.00983,0.3168038,0.1059242,0.5968917,-3.782285
162.0207,-46.94656,0.3176735,0.1060645,0.5967373,-3.782785
162.0818,-46.8764,0.3190247,0.1061708,0.5966172,-3.78334
162.1429,-46.79722,0.3205225,0.1062298,0.5965464,-3.78389
162.204,-46.70711,0.3220714,0.1062434,0.5965233,-3.784434
162.2651,-46.61578,0.3238099,0.1062059,0.5965538,-3.784973
162.3306,-46.52927,0.3260651,0.1061027,0.5966529,-3.785543
162.396,-46.43641,0.3282906,0.1059505,0.5968039,-3.786107
162.4614,-46.33133,0.3302921,0.1057582,0.596998,-3.786665
162.5269,-46.2344,0.3323983,0.105517,0.5972444,-3.787216
162.5876,-46.17113,0.3347588,0.1052417,0.5975283,-3.787721
162.6483,-46.10377,0.3368622,0.1049436,0.5978377,-3.788221
162.709,-46.02282,0.338466,0.1046353,0.5981593,-3.788718
162.7697,-45.95603,0.3400578,0.104304,0.5985068,-3.789211
162.8223,-45.9275,0.3417319,0.1039918,0.5988357,-3.789634
162.8748,-45.89897,0.3431187,0.1036796,0.5991661,-3.790054
162.9273,-45.86525,0.3440907,0.1033754,0.5994894,-3.790474
162.9799,-45.84251,0.3449383,0.1030724,0.5998127,-3.790892
163.0299,-45.84158,0.3458157,0.102782,0.6001237,-3.791288
163.0799,-45.84492,0.3464387,0.1025044,0.6004224,-3.791684
163.1299,-45.85017,0.3467526,0.1022445,0.6007033,-3.792081
163.1799,-45.86446,0.3468921,0.1020006,0.6009682,-3.792478
163.2354,-45.89706,0.3469638,0.101748,0.6012439,-3.792919
163.2909,-45.93621,0.3467403,0.1015254,0.6014886,-3.793362
163.3464,-45.97886,0.3461777,0.1013376,0.6016969,-3.793807
163.4019,-46.0306,0.3454096,0.101183,0.6018703,-3.794255
163.4654,-46.10782,0.3444568,0.1010442,0.6020286,-3.79477
163.5288,-46.18792,0.3431577,0.1009581,0.6021307,-3.79529
163.5923,-46.26385,0.3414403,0.1009297,0.6021713,-3.795816
163.6558,-46.34628,0.3395959,0.1009501,0.6021595,-3.796346
163.7197,-46.44854,0.3379538,0.1010084,0.6021066,-3.796884
163.7837,-46.54136,0.3360368,0.1011209,0.6019955,-3.797428
163.8476,-46.61259,0.3336891,0.1012911,0.6018222,-3.797978
163.9115,-46.68464,0.3314575,0.1014977,0.6016092,-3.798533
163.9675,-46.76414,0.3299859,0.1016927,0.6014068,-3.799022
164.0236,-46.82903,0.3284101,0.1019166,0.6011731,-3.799515
164.0796,-46.87127,0.3266118,0.10217,0.6009074,-3.800012
164.1357,-46.90883,0.3250052,0.1024352,0.6006284,-3.800511
164.1863,-46.9495,0.3239723,0.1026731,0.6003774,-3.800962
164.2369,-46.97863,0.3229852,0.1029182,0.6001184,-3.801415
164.2875,-46.99361,0.3220057,0.1031685,0.5998532,-3.801869
164.3381,-47.00186,0.3211998,0.1034155,0.5995911,-3.802324
164.3923,-47.0091,0.3206598,0.103668,0.5993224,-3.80281
164.4464,-47.00556,0.3202642,0.1039111,0.5990631,-3.803296
164.5006,-46.98984,0.3199807,0.1041423,0.5988159,-3.803782
164.5548,-46.96701,0.3199064,0.104355,0.5985879,-3.804266
164.6186,-46.93732,0.3201998,0.1045735,0.5983522,-3.804834
164.6824,-46.89538,0.3206859,0.1047606,0.5981492,-3.8054
164.7462,-46.83892,0.3212828,0.1049148,0.5979804,-3.805962
164.81,-46.77722,0.3221388,0.1050278,0.5978546,-3.806521
164.8788,-46.71882,0.3235785,0.1050926,0.5977787,-3.807117
164.9475,-46.64747,0.3250598,0.1051131,0.5977492,-3.807708
165.0162,-46.55517,0.326355,0.1050961,0.5977594,-3.808294
165.085,-46.46704,0.3278996,0.1050261,0.5978257,-3.808874
165.1459,-46.41522,0.3298733,0.1049064,0.5979454,-3.809382
165.2069,-46.35228,0.3316443,0.1047609,0.598093,-3.809886
165.2678,-46.2663,0.332928,0.1046012,0.5982564,-3.810387
165.3287,-46.19071,0.3343366,0.1044081,0.5984558,-3.810883
165.3791,-46.15522,0.3359384,0.1042129,0.5986588,-3.811289
165.4295,-46.11573,0.3373423,0.1040085,0.5988723,-3.811693
165.48,-46.06798,0.3384402,0.1038008,0.5990902,-3.812095
165.5304,-46.02671,0.3394975,0.1035824,0.5993202,-3.812495
165.5789,-46.00262,0.3406423,0.1033585,0.599557,-3.812878
165.6274,-45.98051,0.34163,0.1031331,0.5997962,-3.813259
165.6759,-45.95898,0.342417,0.1029102,0.6000337,-3.813639
165.7245,-45.94373,0.3431001,0.1026885,0.6002707,-3.814019
165.7811,-45.93942,0.3438591,0.102431,0.6005471,-3.81446
165.8377,-45.94094,0.3443931,0.1021848,0.6008125,-3.814901
165.8944,-45.94613,0.3446514,0.1019553,0.6010613,-3.815343
165.951,-45.96047,0.3447385,0.1017421,0.6012935,-3.815784
166.0176,-45.99711,0.3447867,0.1015111,0.6015465,-3.816304
166.0841,-46.0387,0.3444697,0.1013167,0.6017616,-3.816826
166.1507,-46.0781,0.343676,0.1011668,0.6019298,-3.817352
166.2173,-46.12896,0.3427157,0.1010544,0.6020584,-3.81788
166.2827,-46.20771,0.3420094,0.1009694,0.6021576,-3.818401
166.3481,-46.27918,0.3408853,0.1009341,0.6022039,-3.818927
166.4135,-46.3277,0.3390953,0.1009581,0.6021868,-3.819459
166.479,-46.38549,0.3373533,0.1010171,0.6021318,-3.819994
166.5331,-46.46068,0.3364074,0.1010763,0.6020747,-3.820439
166.5873,-46.52397,0.3352187,0.1011677,0.6019829,-3.820887
166.6415,-46.56624,0.3336435,0.1012952,0.6018523,-3.821339
166.6957,-46.60879,0.3321551,0.1014408,0.6017018,-3.821794
166.7433,-46.65811,0.3311891,0.1015731,0.6015643,-3.822194
166.7909,-46.69956,0.3301783,0.1017204,0.6014105,-3.822596
166.8384,-46.7309,0.3290979,0.101882,0.6012412,-3.823
166.886,-46.75832,0.3280946,0.102051,0.6010634,-3.823405
166.9386,-46.78892,0.3271957,0.1022403,0.6008638,-3.823854
166.9912,-46.81157,0.3263661,0.1024347,0.6006582,-3.824304
167.0437,-46.82477,0.3255892,0.1026322,0.6004488,-3.824755
167.0963,-46.83222,0.324953,0.1028271,0.6002416,-3.825206
167.1611,-46.83862,0.3244762,0.103056,0.5999976,-3.825762
167.2259,-46.83296,0.3241578,0.1032738,0.5997646,-3.826317
167.2908,-46.81252,0.3239373,0.1034779,0.5995456,-3.826872
167.3556,-46.78538,0.3239681,0.1036588,0.5993505,-3.827425
167.4267,-46.76204,0.3245535,0.1038168,0.5991785,-3.828029
167.4978,-46.72182,0.3252001,0.1039459,0.5990367,-3.828629
167.5689,-46.65503,0.325668,0.1040504,0.5989206,-3.829228
167.6401,-46.58946,0.3264715,0.1041099,0.5988518,-3.829821
167.6893,-46.55769,0.3274547,0.1041156,0.5988415,-3.830228
167.7385,-46.51896,0.3283978,0.1041053,0.5988481,-3.830633
167.7877,-46.47098,0.329234,0.1040812,0.5988694,-3.831036
167.837,-46.42329,0.3301356,0.1040373,0.5989118,-3.831437
167.8862,-46.38252,0.3312138,0.1039699,0.5989792,-3.831835
167.9354,-46.3401,0.3322742,0.1038864,0.599064,-3.832231
167.9846,-46.29536,0.3332819,0.1037884,0.5991643,-3.832624
168.0338,-46.25247,0.3342986,0.1036748,0.5992816,-3.833015
168.0954,-46.20685,0.3356577,0.1035096,0.5994534,-3.833501
168.1569,-46.16281,0.336931,0.1033272,0.5996442,-3.833984
168.2185,-46.11856,0.3380449,0.103133,0.5998485,-3.834464
168.28,-46.08121,0.3391043,0.102926,0.6000671,-3.834942
168.3507,-46.0599,0.340468,0.1026695,0.6003395,-3.835486
168.4214,-46.03945,0.3415124,0.1024145,0.6006117,-3.836028
168.492,-46.0102,0.3420137,0.1021741,0.6008697,-3.836571
168.5627,-45.99728,0.3424387,0.1019373,0.6011252,-3.837111
168.612,-46.00969,0.3429113,0.1017694,0.601307,-3.837487
168.6613,-46.02139,0.3431665,0.1016139,0.601476,-3.837863
168.7106,-46.02923,0.3431427,0.1014749,0.6016281,-3.838241
168.7599,-46.0425,0.3430261,0.1013472,0.6017685,-3.838618
168.8092,-46.06734,0.3429433,0.1012281,0.6019001,-3.838996
168.8585,-46.09377,0.3427063,0.1011255,0.6020144,-3.839375
168.9078,-46.12015,0.3422939,0.1010413,0.6021093,-3.839755
168.9571,-46.15009,0.3417911,0.1009736,0.6021868,-3.840137
169.0182,-46.19636,0.3411511,0.1009102,0.602261,-3.840611
169.0793,-46.24335,0.3403378,0.1008759,0.602304,-3.841088
169.1404,-46.28746,0.3393178,0.1008728,0.6023138,-3.841568
169.2015,-46.33413,0.3382418,0.1008959,0.6022953,-3.842051
169.2714,-46.40082,0.3372031,0.1009452,0.6022493,-3.842605
169.3413,-46.45873,0.3359722,0.1010315,0.6021632,-3.843163
169.4112,-46.49711,0.334398,0.1011582,0.6020336,-3.843726
169.481,-46.53699,0.3329691,0.1013058,0.6018809,-3.844292
169.5441,-46.59606,0.3322948,0.1014377,0.6017436,-3.844802
169.6072,-46.63621,0.3314161,0.1015923,0.6015816,-3.845316
169.6703,-46.64163,0.3300468,0.1017763,0.6013878,-3.845833
169.7333,-46.64895,0.3289607,0.10196,0.6011937,-3.846351
169.7839,-46.6761,0.3287142,0.1020904,0.6010554,-3.846765
169.8345,-46.69034,0.3283825,0.1022257,0.6009115,-3.84718
169.8851,-46.6867,0.32787,0.1023673,0.6007605,-3.847596
169.9356,-46.6803,0.3274892,0.1025029,0.6006157,-3.848012
169.983,-46.68088,0.3274386,0.1026164,0.6004939,-3.8484
170.0304,-46.67481,0.3274153,0.1027247,0.6003774,-3.848788
170.0778,-46.66101,0.3273942,0.1028272,0.6002668,-3.849176
170.1252,-46.64414,0.3274652,0.1029198,0.6001665,-3.849563
170.1816,-46.62466,0.327755,0.1030126,0.6000652,-3.850022
170.2381,-46.59934,0.3281215,0.1030899,0.5999802,-3.850479
170.2945,-46.56705,0.3285254,0.1031514,0.5999116,-3.850935
170.3509,-46.53251,0.3290433,0.1031935,0.5998636,-3.851389
170.42,-46.49525,0.3299622,0.1032125,0.599839,-3.85194
170.489,-46.45099,0.3309056,0.103205,0.5998426,-3.852489
170.558,-46.39536,0.331742,0.1031751,0.5998702,-3.853034
170.627,-46.34269,0.3327128,0.1031144,0.5999307,-3.853575
170.6959,-46.31502,0.3342042,0.1030104,0.6000373,-3.854111
170.7648,-46.27543,0.3354404,0.1028916,0.6001603,-3.854643
170.8337,-46.20784,0.3360597,0.1027723,0.6002845,-3.855175
170.9026,-46.15453,0.3368541,0.1026274,0.6004367,-3.855702
170.9578,-46.1499,0.3381331,0.1024766,0.6005958,-3.85612
171.013,-46.13449,0.3390817,0.1023284,0.6007529,-3.856537
171.0682,-46.09664,0.3394548,0.102193,0.6008971,-3.856954
171.1233,-46.06814,0.3398632,0.1020508,0.6010491,-3.85737
171.169,-46.06805,0.3405402,0.1019185,0.6011908,-3.857712
171.2146,-46.06539,0.3410472,0.1017908,0.6013281,-3.858053
171.2603,-46.05816,0.3413401,0.1016703,0.6014581,-3.858395
171.3059,-46.05431,0.3415717,0.1015529,0.6015853,-3.858736
171.3552,-46.05984,0.3418659,0.1014268,0.6017222,-3.859104
171.4044,-46.06681,0.3420351,0.1013088,0.601851,-3.859471
171.4536,-46.07396,0.3420554,0.1012008,0.6019693,-3.859839
171.5028,-46.08481,0.3419986,0.1011016,0.6020786,-3.860208
171.565,-46.10825,0.3419122,0.1009873,0.6022053,-3.860673
171.6272,-46.13376,0.3416491,0.1008928,0.6023113,-3.86114
171.6894,-46.15812,0.3411638,0.1008212,0.6023929,-3.861608
171.7515,-46.18728,0.3405968,0.1007693,0.6024537,-3.862078
171.8227,-46.23837,0.3401187,0.1007259,0.6025061,-3.862617
171.8938,-46.28333,0.3393669,0.1007162,0.6025225,-3.863159
171.965,-46.31018,0.3381518,0.1007471,0.6024953,-3.863705
172.0361,-46.3437,0.3370196,0.1007994,0.6024448,-3.864253
172.0852,-46.38195,0.3365397,0.1008388,0.6024062,-3.864632
172.1343,-46.41373,0.3359475,0.1008926,0.6023519,-3.865012
172.1833,-46.43586,0.3351951,0.1009617,0.6022809,-3.865394
172.2324,-46.45708,0.334475,0.101039,0.6022011,-3.865776
172.2815,-46.48313,0.3339175,0.1011189,0.6021181,-3.866159
172.3306,-46.50474,0.3333491,0.1012065,0.6020266,-3.866544
172.3796,-46.52059,0.3327553,0.1013012,0.6019272,-3.866929
172.4287,-46.53402,0.3322146,0.1013992,0.6018239,-3.867314
172.4904,-46.55161,0.3317078,0.1015219,0.6016941,-3.8678
172.5521,-46.56224,0.3312508,0.1016468,0.6015616,-3.868286
172.6139,-46.56349,0.3308054,0.1017726,0.6014276,-3.868772
172.6756,-46.56106,0.3304933,0.1018927,0.6012992,-3.869258
172.7474,-46.56478,0.3305254,0.1020145,0.6011683,-3.869822
172.8192,-46.5551,0.3305654,0.1021279,0.601046,-3.870386
172.891,-46.52324,0.3304261,0.1022359,0.600929,-3.870949
172.9629,-46.49208,0.3305514,0.1023204,0.6008365,-3.87151
173.0133,-46.4817,0.3310081,0.1023573,0.6007953,-3.871902
173.0638,-46.46434,0.3314254,0.1023865,0.600762,-3.872293
173.1142,-46.43734,0.3317396,0.1024097,0.6007351,-3.872683
173.1647,-46.40995,0.3321255,0.1024206,0.6007214,-3.873071
173.2151,-46.38864,0.3327004,0.1024145,0.6007255,-3.873458
173.2656,-46.36432,0.3332684,0.1023983,0.6007406,-3.873843
173.316,-46.33599,0.3337959,0.1023731,0.6007654,-3.874227
173.3665,-46.30806,0.3343575,0.1023363,0.6008025,-3.87461
173.4283,-46.27989,0.3351824,0.1022727,0.6008679,-3.875076
173.4902,-46.25012,0.3359675,0.1021959,0.6009476,-3.875541
173.5521,-46.2165,0.3366427,0.1021095,0.6010381,-3.876004
173.6139,-46.18651,0.3373319,0.1020103,0.6011425,-3.876464
173.6837,-46.16999,0.3383522,0.1018771,0.6012836,-3.87698
173.7535,-46.14945,0.339159,0.1017398,0.6014296,-3.877495
173.8232,-46.11541,0.3395382,0.1016087,0.6015699,-3.878008
173.893,-46.09257,0.3399532,0.1014703,0.6017186,-3.87852
173.9427,-46.09506,0.3404948,0.1013611,0.6018362,-3.878883
173.9924,-46.09481,0.3408729,0.1012572,0.6019486,-3.879245
174.042,-46.08873,0.3410232,0.1011617,0.6020523,-3.879608
174.0917,-46.0864,0.3411326,0.1010693,0.6021531,-3.879971
174.1414,-46.09429,0.3413277,0.1009766,0.6022545,-3.880332
174.1911,-46.10239,0.3414116,0.1008914,0.6023481,-3.880695
174.2407,-46.10925,0.3413575,0.1008155,0.602432,-3.881057
174.2904,-46.11892,0.3412495,0.1007469,0.6025084,-3.88142
174.3514,-46.1394,0.3411455,0.1006703,0.6025941,-3.881866
174.4123,-46.16025,0.3409042,0.100609,0.6026637,-3.882312
174.4733,-46.17837,0.3404792,0.1005657,0.6027142,-3.88276
174.5342,-46.19988,0.3400104,0.1005364,0.6027497,-3.883209
174.6037,-46.23945,0.3396646,0.1005124,0.6027801,-3.883721
174.6732,-46.27272,0.3391074,0.1005129,0.6027841,-3.884236
174.7427,-46.28963,0.3381725,0.1005436,0.6027557,-3.884753
174.8122,-46.3117,0.3373247,0.1005881,0.6027123,-3.885272
174.8751,-46.35872,0.3371112,0.100623,0.6026782,-3.885741
174.9381,-46.39003,0.3366237,0.1006793,0.6026209,-3.886213
175.001,-46.38948,0.3355641,0.100766,0.602531,-3.886688
175.064,-46.39483,0.3347117,0.100855,0.6024383,-3.887163
175.1145,-46.42407,0.3346049,0.1009123,0.6023785,-3.887543
175.165,-46.44219,0.3343521,0.1009786,0.6023088,-3.887924
175.2155,-46.44373,0.3338507,0.1010567,0.6022264,-3.888307
175.266,-46.44473,0.3334312,0.1011341,0.6021444,-3.888689
175.313,-46.45469,0.3333108,0.101198,0.6020766,-3.889044
175.36,-46.45936,0.3331707,0.1012628,0.6020075,-3.8894
175.407,-46.45745,0.3329867,0.1013285,0.6019373,-3.889755
175.454,-46.45372,0.3328556,0.1013911,0.6018702,-3.890111
175.5097,-46.45151,0.3328604,0.1014571,0.6017992,-3.890531
175.5653,-46.44466,0.3328946,0.1015179,0.6017335,-3.89095
175.621,-46.43176,0.3329254,0.1015737,0.6016729,-3.891369
175.6766,-46.41721,0.3330358,0.1016206,0.6016217,-3.891787
175.7448,-46.40446,0.3334148,0.10166,0.6015778,-3.892298
175.813,-46.38482,0.3337958,0.1016875,0.6015466,-3.892807
175.8812,-46.3537,0.3340677,0.1017059,0.6015251,-3.893314
175.9494,-46.3241,0.3344682,0.1017061,0.6015229,-3.89382
176.0184,-46.31602,0.3353829,0.1016745,0.6015545,-3.894328
176.0875,-46.29465,0.336083,0.101636,0.6015937,-3.894834
176.1565,-46.2445,0.3362363,0.1016025,0.601628,-3.89534
176.2255,-46.20514,0.3366009,0.1015482,0.6016847,-3.895844
176.2814,-46.2081,0.337563,0.1014719,0.601765,-3.896247
176.3373,-46.19832,0.3382376,0.1013983,0.601843,-3.896651
176.3931,-46.16382,0.3383776,0.1013365,0.6019087,-3.897055
176.449,-46.13666,0.3386052,0.1012658,0.6019841,-3.897457
176.4951,-46.13637,0.3391786,0.1011904,0.6020648,-3.897787
176.5412,-46.1318,0.3396134,0.101117,0.6021435,-3.898117
176.5873,-46.12078,0.3398624,0.1010479,0.602218,-3.898446
176.6334,-46.11175,0.3400881,0.1009781,0.6022934,-3.898775
176.6826,-46.11046,0.3404205,0.1008994,0.6023785,-3.899125
176.7317,-46.10892,0.3406693,0.1008234,0.602461,-3.899475
176.7808,-46.10599,0.3408092,0.1007517,0.6025393,-3.899824
176.83,-46.10538,0.3409121,0.1006824,0.6026152,-3.900173
176.8917,-46.11257,0.3410809,0.1005968,0.6027091,-3.900612
176.9534,-46.12025,0.3411297,0.1005198,0.6027943,-3.90105
177.0151,-46.12563,0.3410078,0.1004544,0.6028673,-3.901489
177.0768,-46.13492,0.3408446,0.1003972,0.6029317,-3.901928
177.1477,-46.16241,0.3408555,0.1003342,0.6030027,-3.902433
177.2186,-46.18423,0.3406274,0.100291,0.6030529,-3.902938
177.2895,-46.18951,0.3399659,0.1002751,0.6030739,-3.903446
177.3604,-46.20263,0.3393779,0.1002696,0.6030838,-3.903955
177.4098,-46.22774,0.3392505,0.1002637,0.6030926,-3.904309
177.4591,-46.24752,0.3389985,0.1002685,0.60309,-3.904663
177.5085,-46.25884,0.3385682,0.1002855,0.6030741,-3.905019
177.5578,-46.27072,0.3381493,0.1003082,0.6030522,-3.905375
177.6072,-46.2892,0.3378709,0.1003318,0.6030291,-3.905732
177.6565,-46.30469,0.3375506,0.1003622,0.6029985,-3.906089
177.7059,-46.31582,0.3371692,0.1003996,0.6029603,-3.906447
177.7552,-46.32624,0.3368078,0.1004408,0.6029178,-3.906805
177.8167,-46.34268,0.336486,0.1004933,0.6028635,-3.907251
177.8781,-46.35461,0.3361513,0.1005511,0.602803,-3.907698
177.9395,-46.35936,0.3357608,0.1006148,0.6027362,-3.908145
178.001,-46.36296,0.3354443,0.1006784,0.6026689,-3.908592
178.0717,-46.37699,0.3354066,0.1007421,0.6026014,-3.909107
178.1425,-46.38019,0.3352961,0.100808,0.6025311,-3.909621
178.2132,-46.3632,0.3349293,0.1008806,0.6024535,-3.910137
178.284,-46.34887,0.334762,0.1009424,0.6023871,-3.910651
178.3343,-46.35148,0.3349851,0.1009711,0.6023558,-3.911015
178.3846,-46.34747,0.3351437,0.1009988,0.6023257,-3.911378
178.4348,-46.33394,0.3351764,0.1010268,0.6022951,-3.911742
178.4851,-46.32022,0.3352657,0.1010486,0.6022711,-3.912105
178.5354,-46.31274,0.3355349,0.1010594,0.6022587,-3.912466
178.5857,-46.30201,0.3357885,0.1010658,0.602251,-3.912827
178.636,-46.28685,0.3359964,0.1010684,0.6022472,-3.913188
178.6863,-46.2716,0.3362384,0.1010645,0.6022506,-3.913547
178.7478,-46.2581,0.3366765,0.1010473,0.6022679,-3.913985
178.8094,-46.24178,0.3370879,0.1010228,0.6022931,-3.914423
178.8709,-46.22022,0.3374109,0.1009932,0.6023239,-3.914859
178.9325,-46.20055,0.3377731,0.1009545,0.6023647,-3.915294
179.0021,-46.19295,0.3384574,0.1008923,0.6024306,-3.915783
179.0718,-46.17901,0.338981,0.1008271,0.6025,-3.916272
179.1414,-46.14943,0.3391423,0.1007669,0.6025644,-3.91676
179.2111,-46.128,0.3393947,0.1006974,0.6026392,-3.917247
179.2611,-46.12936,0.3398544,0.1006348,0.6027066,-3.917594
179.3111,-46.12665,0.3401846,0.1005746,0.6027716,-3.917941
179.3611,-46.1168,0.3403205,0.1005198,0.6028311,-3.918288
179.4111,-46.10943,0.3404494,0.1004645,0.6028914,-3.918635
179.4611,-46.11112,0.3406983,0.1004047,0.6029566,-3.918981
179.5111,-46.11183,0.340867,0.100348,0.6030187,-3.919327
179.5611,-46.11014,0.3409264,0.100296,0.6030759,-3.919673
179.6111,-46.11037,0.3409615,0.1002462,0.6031309,-3.920019
179.6721,-46.11834,0.3410732,0.1001859,0.6031977,-3.92044
179.733,-46.12563,0.3410827,0.1001329,0.6032568,-3.920861
179.794,-46.12933,0.3409371,0.1000899,0.6033054,-3.921283
179.855,-46.13609,0.340774,0.1000528,0.6033478,-3.921705
179.9241,-46.15887,0.3408034,0.1000105,0.6033962,-3.922183
179.9932,-46.1756,0.3406359,0.09998316,0.6034285,-3.922662
180.0623,-46.17659,0.3400951,0.09997739,0.6034378,-3.923143
180.1314,-46.18395,0.339635,0.09997772,0.6034405,-3.923624
180.194,-46.21901,0.3397549,0.09996723,0.6034542,-3.924058
180.2566,-46.23988,0.339583,0.0999739,0.6034495,-3.924494
180.3192,-46.23069,0.338819,0.1000077,0.6034157,-3.924933
180.3818,-46.22925,0.3382265,0.100042,0.6033812,-3.925372
180.4323,-46.25458,0.338296,0.100055,0.6033688,-3.925723
180.4827,-46.27002,0.3381928,0.1000773,0.6033463,-3.926076
180.5331,-46.26998,0.3378114,0.1001122,0.6033102,-3.92643
180.5835,-46.27079,0.3374835,0.1001478,0.6032733,-3.926784
180.6305,-46.28205,0.3374242,0.1001743,0.6032457,-3.927113
180.6775,-46.28901,0.3373173,0.100204,0.6032147,-3.927442
180.7244,-46.29026,0.3371373,0.1002371,0.6031799,-3.927771
180.7714,-46.29072,0.3369848,0.1002699,0.6031453,-3.928101
180.8268,-46.2949,0.3369351,0.1003043,0.6031089,-3.928489
180.8822,-46.29556,0.3368793,0.1003386,0.6030725,-3.928877
180.9376,-46.29109,0.3367856,0.1003731,0.6030357,-3.929265
180.993,-46.28592,0.3367422,0.1004042,0.6030024,-3.929653
181.0606,-46.28583,0.3368979,0.1004319,0.6029726,-3.930125
181.1282,-46.27963,0.3370207,0.1004564,0.602946,-3.930596
181.1958,-46.26237,0.3370058,0.1004804,0.6029199,-3.931067
181.2635,-46.24678,0.3370981,0.1004948,0.602904,-3.931537
181.332,-46.25231,0.3376789,0.1004861,0.6029126,-3.932011
181.4005,-46.24439,0.3380464,0.1004777,0.602921,-3.932484
181.469,-46.20771,0.3378869,0.1004802,0.6029179,-3.932958
181.5375,-46.18035,0.3379407,0.1004681,0.6029305,-3.93343
181.5933,-46.19094,0.3386448,0.1004301,0.6029707,-3.933811
181.6492,-46.1882,0.3390855,0.1003966,0.6030063,-3.934192
181.705,-46.16045,0.3390262,0.1003761,0.6030283,-3.934575
181.7609,-46.13866,0.3390727,0.1003478,0.6030586,-3.934956
181.8072,-46.1413,0.3395063,0.1003078,0.6031015,-3.93527
181.8536,-46.13882,0.3398206,0.1002697,0.6031426,-3.935585
181.9,-46.12903,0.3399686,0.1002352,0.6031799,-3.935899
181.9464,-46.12035,0.3401141,0.100199,0.6032191,-3.936213
181.9958,-46.11852,0.3403854,0.1001548,0.603267,-3.936547
182.0452,-46.1154,0.3405965,0.1001114,0.6033142,-3.93688
182.0946,-46.10981,0.3407214,0.10007,0.6033594,-3.937213
182.144,-46.10561,0.3408342,0.1000286,0.6034048,-3.937546
182.2057,-46.10717,0.3410515,0.09997396,0.6034647,-3.937961
182.2675,-46.10784,0.3411844,0.09992285,0.6035211,-3.938377
182.3292,-46.10491,0.341179,0.09987784,0.6035711,-3.938792
182.391,-46.10494,0.3411653,0.09983515,0.6036188,-3.939207
182.4616,-46.12099,0.3413861,0.09978152,0.6036785,-3.93968
182.5321,-46.13057,0.3413998,0.09973943,0.603726,-3.940154
182.6027,-46.1231,0.3410046,0.09971658,0.6037532,-3.940629
182.6733,-46.12345,0.3407007,0.09969633,0.6037775,-3.941104
182.7226,-46.14,0.3407781,0.09967585,0.6038012,-3.941435
182.7719,-46.15144,0.3407323,0.09966274,0.603817,-3.941766
182.8212,-46.15468,0.3405062,0.09965904,0.6038228,-3.942099
182.8705,-46.159,0.3402883,0.09965825,0.6038254,-3.942431
182.9198,-46.17061,0.3402061,0.09965596,0.6038295,-3.942763
182.9691,-46.17985,0.3400727,0.09965855,0.6038283,-3.943095
183.0184,-46.18538,0.3398659,0.09966667,0.6038212,-3.943428
183.0677,-46.19101,0.3396661,0.09967741,0.6038111,-3.943761
183.1289,-46.20281,0.3395265,0.09969074,0.6037985,-3.944175
183.1901,-46.21144,0.339346,0.0997092,0.6037803,-3.944589
183.2514,-46.21418,0.3390784,0.09973391,0.6037552,-3.945003
183.3126,-46.21726,0.3388537,0.09975986,0.6037287,-3.945418
183.383,-46.23277,0.3388852,0.09978235,0.6037057,-3.945893
183.4533,-46.23911,0.3387973,0.09981082,0.6036762,-3.946369
183.5237,-46.22663,0.3384044,0.09985068,0.6036343,-3.946846
183.5941,-46.21848,0.3381698,0.09988506,0.6035981,-3.947322
183.6441,-46.22661,0.3383239,0.09989793,0.6035846,-3.947659
183.6942,-46.22863,0.3383934,0.09991288,0.6035688,-3.947997
183.7442,-46.2215,0.3383175,0.09993169,0.6035488,-3.948335
183.7943,-46.21462,0.3382825,0.09994765,0.6035318,-3.948672
183.8444,-46.21442,0.3384146,0.09995615,0.6035227,-3.949009
183.8944,-46.21119,0.3385186,0.09996366,0.6035146,-3.949345
183.9445,-46.20363,0.3385664,0.09997093,0.6035068,-3.949681
183.9945,-46.196,0.3386405,0.09997494,0.6035024,-3.950017
184.0559,-46.19178,0.3388654,0.09997183,0.6035056,-3.950427
184.1172,-46.18446,0.3390597,0.09996582,0.6035119,-3.950836
184.1785,-46.1715,0.3391662,0.09995876,0.6035194,-3.951245
184.2398,-46.15982,0.3393155,0.09994612,0.603533,-3.951653
184.3093,-46.16026,0.339767,0.09991716,0.603564,-3.952114
184.3789,-46.1533,0.3400752,0.09988811,0.6035952,-3.952575
184.4484,-46.12958,0.3400454,0.09986599,0.6036193,-3.953035
184.518,-46.11255,0.3401307,0.09983561,0.6036523,-3.953495
184.568,-46.11604,0.3404868,0.0998012,0.6036895,-3.953824
184.6181,-46.11469,0.3407298,0.09976897,0.6037245,-3.954153
184.6682,-46.10539,0.3407957,0.09974139,0.6037547,-3.954482
184.7183,-46.09778,0.3408726,0.0997122,0.6037867,-3.95481
184.7683,-46.0985,0.3410888,0.09967726,0.6038249,-3.955138
184.8184,-46.09746,0.341243,0.0996438,0.6038617,-3.955466
184.8685,-46.09322,0.3413057,0.09961313,0.6038955,-3.955793
184.9186,-46.09022,0.3413628,0.09958258,0.6039293,-3.956121
184.9795,-46.09346,0.3415269,0.09954244,0.6039738,-3.956518
185.0405,-46.09512,0.3416138,0.09950578,0.6040146,-3.956916
185.1014,-46.09237,0.341568,0.099475,0.6040492,-3.957313
185.1623,-46.09209,0.3415265,0.09944581,0.6040822,-3.957711
185.2313,-46.10645,0.341718,0.09940721,0.6041256,-3.958159
185.3002,-46.11435,0.3417318,0.099378,0.604159,-3.958608
185.3691,-46.10625,0.3413861,0.09936487,0.6041752,-3.959059
185.438,-46.10465,0.3411309,0.09935263,0.6041905,-3.959508
185.5005,-46.13204,0.3414407,0.0993266,0.6042202,-3.959914
185.5629,-46.1456,0.341458,0.09931422,0.6042353,-3.960321
185.6254,-46.12951,0.3408788,0.09932592,0.6042247,-3.96073
185.6878,-46.12194,0.3404624,0.0993355,0.6042162,-3.961139
185.7382,-46.14316,0.3406657,0.09932714,0.6042264,-3.961466
185.7885,-46.15499,0.3406859,0.09932718,0.6042276,-3.961795
185.8388,-46.15177,0.3404147,0.0993392,0.604216,-3.962124
185.8892,-46.15013,0.340185,0.09935158,0.6042039,-3.962453
185.936,-46.15991,0.3402071,0.09935644,0.6041996,-3.962759
185.9829,-46.16595,0.3401681,0.09936464,0.6041917,-3.963065
186.0298,-46.16678,0.3400412,0.09937693,0.6041794,-3.963372
186.0767,-46.16745,0.3399281,0.09938963,0.6041666,-3.963678
186.1319,-46.17276,0.3399087,0.09940154,0.6041547,-3.964038
186.187,-46.17533,0.3398627,0.09941502,0.6041409,-3.964399
186.2422,-46.17343,0.339758,0.09943083,0.6041247,-3.964759
186.2974,-46.17156,0.3396844,0.09944556,0.6041094,-3.965119
186.3647,-46.17651,0.3397802,0.09945668,0.6040981,-3.965558
186.432,-46.17612,0.3398167,0.09946879,0.6040856,-3.965996
186.4993,-46.16523,0.3396912,0.0994849,0.6040687,-3.966434
186.5665,-46.15656,0.3396531,0.09949597,0.6040572,-3.966871
186.6347,-46.16948,0.3400833,0.09948857,0.6040653,-3.967313
186.7029,-46.16914,0.3402888,0.09948605,0.6040682,-3.967754
186.771,-46.14014,0.3399622,0.09949864,0.604055,-3.968196
186.8392,-46.12018,0.3398417,0.09950076,0.604053,-3.968637
186.8949,-46.13633,0.3403976,0.09947739,0.6040782,-3.968995
186.9506,-46.13892,0.3406948,0.09946062,0.6040963,-3.969353
187.0063,-46.11631,0.3405019,0.09945845,0.604099,-3.969712
187.062,-46.09911,0.3404194,0.09945018,0.6041083,-3.970071
187.1084,-46.10498,0.340749,0.09942789,0.6041324,-3.970367
187.1549,-46.10534,0.3409665,0.09940802,0.6041541,-3.970664
187.2013,-46.09795,0.3410259,0.09939226,0.6041714,-3.970961
187.2477,-46.09122,0.3410917,0.09937504,0.6041903,-3.971258
187.2971,-46.09098,0.3412892,0.09935104,0.6042166,-3.971573
187.3466,-46.08887,0.3414377,0.0993276,0.6042423,-3.971888
187.3961,-46.08369,0.3415116,0.09930577,0.6042664,-3.972203
187.4455,-46.07935,0.3415863,0.09928312,0.6042914,-3.972518
187.5073,-46.08002,0.3417754,0.09925072,0.6043271,-3.97291
187.569,-46.07893,0.3419003,0.09921998,0.6043612,-3.973301
187.6307,-46.07337,0.3419061,0.09919314,0.6043912,-3.973693
187.6925,-46.07006,0.3419241,0.09916607,0.6044216,-3.974084
187.7629,-46.08164,0.3422068,0.09912685,0.6044652,-3.974529
187.8333,-46.08595,0.3423043,0.09909525,0.6045007,-3.974974
187.9037,-46.07246,0.3420115,0.09907877,0.6045202,-3.975421
187.9742,-46.06645,0.341828,0.09906063,0.6045415,-3.975867
188.0234,-46.07854,0.3419997,0.09903909,0.6045659,-3.976177
188.0726,-46.08543,0.3420532,0.09902293,0.6045845,-3.976487
188.1218,-46.08405,0.3419297,0.09901425,0.6045951,-3.976799
188.171,-46.08383,0.3418171,0.09900666,0.6046045,-3.97711
188.2202,-46.09109,0.3418423,0.09899582,0.6046174,-3.97742
188.2694,-46.09614,0.3418159,0.09898827,0.6046267,-3.977731
188.3186,-46.09769,0.3417142,0.09898484,0.6046317,-3.978042
188.3678,-46.09963,0.3416167,0.09898278,0.6046351,-3.978353
188.429,-46.10738,0.3415989,0.09897871,0.6046409,-3.978739
188.4901,-46.11251,0.341531,0.09897853,0.6046424,-3.979125
188.5512,-46.11233,0.3413641,0.09898377,0.6046381,-3.979511
188.6123,-46.11321,0.3412276,0.09898979,0.6046329,-3.979898
188.6824,-46.12731,0.3413452,0.09898927,0.6046348,-3.98034
188.7526,-46.13309,0.3413209,0.09899537,0.6046294,-3.980783
188.8228,-46.12074,0.3409658,0.09901414,0.6046104,-3.981227
188.893,-46.11379,0.3407473,0.09902911,0.6045954,-3.98167
188.9428,-46.12356,0.340902,0.0990294,0.6045957,-3.981984
188.9927,-46.12757,0.3409597,0.09903307,0.6045923,-3.982298
189.0426,-46.12273,0.3408596,0.09904206,0.6045833,-3.982613
189.0924,-46.11851,0.3407897,0.09904975,0.6045755,-3.982927
189.1423,-46.12138,0.3408776,0.09905158,0.604574,-3.98324
189.1922,-46.12147,0.340928,0.09905415,0.6045717,-3.983554
189.242,-46.11744,0.3409134,0.09905823,0.6045677,-3.983867
189.2919,-46.11353,0.3409173,0.09906086,0.6045653,-3.98418
189.353,-46.11406,0.3410477,0.09905847,0.6045683,-3.984563
189.4141,-46.1116,0.3411394,0.09905582,0.6045715,-3.984946
189.4752,-46.10348,0.3411376,0.09905466,0.6045732,-3.985328
189.5364,-46.09657,0.3411749,0.09905032,0.6045783,-3.98571
189.6058,-46.10224,0.3414978,0.09903346,0.6045968,-3.986143
189.6752,-46.10014,0.3416789,0.09901899,0.6046128,-3.986575
189.7446,-46.08079,0.3415267,0.09901352,0.6046193,-3.987007
189.814,-46.06757,0.3414969,0.09900147,0.6046329,-3.987439
189.864,-46.07346,0.3417767,0.09898104,0.6046553,-3.987748
189.9141,-46.07412,0.3419495,0.09896321,0.604675,-3.988058
189.9641,-46.06639,0.3419516,0.09895028,0.6046894,-3.988368
190.0142,-46.05998,0.3419727,0.0989358,0.6047056,-3.988678
190.0642,-46.06153,0.3421422,0.09891543,0.6047281,-3.988986
190.1142,-46.06088,0.3422585,0.09889622,0.6047495,-3.989295
190.1643,-46.0566,0.3422921,0.09887932,0.6047684,-3.989604
190.2143,-46.05314,0.3423297,0.09886187,0.6047879,-3.989912
190.2752,-46.05534,0.3424839,0.09883657,0.6048161,-3.990286
190.3361,-46.05537,0.342575,0.09881328,0.6048422,-3.99066
190.3969,-46.05043,0.3425469,0.09879418,0.6048639,-3.991034
190.4578,-46.04751,0.3425369,0.09877478,0.6048859,-3.991408
190.5266,-46.05848,0.3427801,0.09874478,0.6049195,-3.99183
190.5954,-46.06249,0.3428598,0.09872142,0.6049461,-3.992251
190.6642,-46.05008,0.3425917,0.09871131,0.6049585,-3.992674
190.733,-46.044,0.3424251,0.09869923,0.6049731,-3.993096
190.7954,-46.06746,0.3428241,0.0986709,0.6050048,-3.993476
190.8577,-46.077,0.3429341,0.09865405,0.6050243,-3.993857
190.9201,-46.05673,0.342448,0.09865929,0.6050202,-3.99424
190.9824,-46.04524,0.3421262,0.09866052,0.6050203,-3.994623
191.0327,-46.06375,0.3424075,0.09864413,0.6050389,-3.994929
191.0829,-46.07297,0.3425025,0.09863523,0.6050496,-3.995236
191.1332,-46.0672,0.342301,0.09863757,0.6050481,-3.995544
191.1834,-46.06331,0.3421377,0.09863961,0.605047,-3.995852
191.2302,-46.07142,0.3422192,0.09863431,0.6050536,-3.996137
191.277,-46.07602,0.3422342,0.09863207,0.6050569,-3.996423
191.3238,-46.07563,0.3421551,0.09863377,0.6050559,-3.996709
191.3705,-46.07538,0.3420841,0.09863583,0.6050545,-3.996995
191.4256,-46.08009,0.3421071,0.09863531,0.605056,-3.99733
191.4806,-46.08245,0.3420939,0.09863669,0.6050554,-3.997666
191.5356,-46.08072,0.3420115,0.09864095,0.6050517,-3.998002
191.5906,-46.07944,0.3419506,0.09864484,0.6050483,-3.998338
191.6577,-46.08575,0.3420492,0.09864393,0.6050501,-3.998746
191.7247,-46.08723,0.3420736,0.09864563,0.6050492,-3.999155
191.7918,-46.07863,0.3419209,0.09865319,0.6050419,-3.999563
191.8588,-46.07271,0.3418424,0.09865773,0.6050377,-3.999971
191.9268,-46.08895,0.3422209,0.09864591,0.6050511,-4.000383
191.9948,-46.09214,0.3423631,0.09864126,0.6050567,-4.000795
192.0627,-46.06672,0.3419632,0.09865407,0.6050437,-4.001209
192.1307,-46.05048,0.3417621,0.09865871,0.6050394,-4.001621
192.1863,-46.06987,0.3422493,0.09863906,0.6050609,-4.001956
192.2419,-46.07559,0.3424751,0.09862741,0.6050739,-4.002291
192.2974,-46.0559,0.3422091,0.09863163,0.60507,-4.002628
192.353,-46.04151,0.3420536,0.09863098,0.6050713,-4.002964
192.3993,-46.04968,0.3423238,0.09861585,0.6050879,-4.003242
192.4457,-46.05217,0.3424833,0.0986038,0.6051013,-4.003521
192.492,-46.04669,0.3424863,0.09859642,0.6051098,-4.0038
192.5384,-46.04169,0.3424985,0.09858803,0.6051193,-4.004078
192.5878,-46.0431,0.342643,0.09857385,0.6051351,-4.004375
192.6372,-46.04238,0.3427426,0.09856051,0.60515,-4.004671
192.6866,-46.0383,0.3427724,0.09854894,0.6051631,-4.004967
192.736,-46.03479,0.3428083,0.09853659,0.605177,-4.005263
192.7976,-46.03614,0.3429578,0.0985169,0.6051991,-4.005631
192.8593,-46.03526,0.3430525,0.09849846,0.6052198,-4.005999
192.9209,-46.02943,0.3430378,0.09848333,0.605237,-4.006368
192.9826,-46.02544,0.3430459,0.09846713,0.6052555,-4.006736
193.0529,-46.03583,0.3433309,0.09843905,0.6052868,-4.007154
193.1232,-46.03842,0.3434434,0.098417,0.6053117,-4.007572
193.1936,-46.02265,0.3431769,0.09840832,0.6053224,-4.007992
193.2639,-46.01403,0.3430317,0.09839604,0.605337,-4.00841
193.313,-46.02423,0.3432375,0.09837737,0.605358,-4.008701
193.3621,-46.02908,0.3433293,0.09836307,0.6053743,-4.008993
193.4113,-46.02551,0.3432474,0.09835526,0.6053837,-4.009285
193.4604,-46.02305,0.34318,0.09834752,0.605393,-4.009577
193.5095,-46.0281,0.3432536,0.09833553,0.6054069,-4.009868
193.5587,-46.03094,0.3432775,0.09832589,0.6054182,-4.010159
193.6078,-46.03026,0.3432272,0.09831947,0.6054261,-4.01045
193.6569,-46.03005,0.3431817,0.09831357,0.6054335,-4.010741
193.7179,-46.0353,0.3432292,0.09830364,0.6054453,-4.011103
193.7789,-46.03809,0.3432248,0.09829654,0.6054541,-4.011464
193.8399,-46.03576,0.3431182,0.09829399,0.6054581,-4.011825
193.9009,-46.03476,0.3430385,0.09829151,0.6054619,-4.012186
193.971,-46.04725,0.3432172,0.09828054,0.6054749,-4.0126
194.041,-46.05177,0.3432449,0.09827585,0.6054811,-4.013013
194.111,-46.0384,0.3429298,0.09828386,0.6054737,-4.013428
194.181,-46.03098,0.3427424,0.09828825,0.6054701,-4.013842
194.2308,-46.04091,0.3429147,0.09828126,0.6054783,-4.014135
194.2805,-46.04525,0.3429838,0.09827804,0.6054825,-4.014428
194.3302,-46.04088,0.3428884,0.09828063,0.6054805,-4.014722
194.3799,-46.03737,0.3428176,0.09828244,0.6054792,-4.015015
194.4296,-46.04123,0.3428998,0.09827901,0.6054835,-4.015307
194.4794,-46.04249,0.3429386,0.09827699,0.6054863,-4.0156
194.5291,-46.03976,0.3429071,0.09827725,0.6054867,-4.015893
194.5788,-46.03733,0.3428891,0.09827683,0.6054877,-4.016185
194.6398,-46.03989,0.3429867,0.09827184,0.6054938,-4.016543
194.7007,-46.03961,0.3430394,0.09826787,0.6054987,-4.016901
194.7617,-46.03376,0.3429928,0.0982667,0.6055007,-4.017259
194.8227,-46.0292,0.3429811,0.09826364,0.6055047,-4.017616
194.892,-46.03766,0.3432453,0.09824972,0.6055203,-4.018021
194.9612,-46.03827,0.3433644,0.09823974,0.6055318,-4.018426
195.0305,-46.0214,0.3431478,0.09824017,0.6055322,-4.018831
195.0998,-46.01055,0.3430545,0.09823527,0.6055383,-4.019236
195.1497,-46.01813,0.3432907,0.09822063,0.6055546,-4.019526
195.1997,-46.0203,0.3434212,0.09820908,0.6055676,-4.019817
195.2496,-46.01388,0.3433824,0.09820282,0.6055749,-4.020108
195.2996,-46.00861,0.3433653,0.09819531,0.6055837,-4.020398
195.3496,-46.01118,0.3435002,0.09818211,0.6055985,-4.020688
195.3995,-46.01135,0.3435852,0.0981702,0.605612,-4.020978
195.4495,-46.00766,0.3435911,0.09816062,0.605623,-4.021267
195.4994,-46.0046,0.3436052,0.09815043,0.6056346,-4.021557
195.5602,-46.00704,0.3437371,0.09813374,0.6056535,-4.021908
195.6209,-46.007,0.3438124,0.09811868,0.6056706,-4.02226
195.6817,-46.00167,0.3437754,0.09810729,0.6056838,-4.022611
195.7425,-45.99808,0.3437634,0.09809495,0.6056981,-4.022962
195.8112,-46.00807,0.3440135,0.09807198,0.6057239,-4.023358
195.8799,-46.01076,0.3441083,0.09805454,0.6057439,-4.023754
195.9486,-45.99666,0.3438621,0.09804911,0.605751,-4.024151
196.0173,-45.98871,0.3437249,0.09804041,0.6057616,-4.024547
196.0796,-46.01055,0.3441584,0.0980139,0.6057911,-4.024903
196.1419,-46.01826,0.3443059,0.09799779,0.6058096,-4.025261
196.2041,-45.99586,0.3438578,0.09800274,0.6058055,-4.02562
196.2664,-45.98231,0.3435777,0.09800259,0.6058068,-4.025979
196.3166,-45.99944,0.3438968,0.09798427,0.6058274,-4.026266
196.3667,-46.00723,0.344029,0.09797285,0.6058406,-4.026553
196.4169,-45.99993,0.3438627,0.09797219,0.6058422,-4.026841
196.4671,-45.99462,0.3437345,0.09797068,0.6058447,-4.027129
196.5138,-46.00164,0.3438495,0.09796164,0.6058553,-4.027397
196.5605,-46.00519,0.3438964,0.09795534,0.6058629,-4.027664
196.6071,-46.00382,0.3438468,0.09795272,0.6058665,-4.027931
196.6538,-46.00272,0.3438034,0.09795024,0.6058699,-4.028199
196.7087,-46.00664,0.3438567,0.09794418,0.6058774,-4.028512
196.7636,-46.00837,0.34387,0.0979399,0.6058828,-4.028826
196.8185,-46.00619,0.3438099,0.0979385,0.6058852,-4.02914
196.8734,-46.00467,0.343767,0.09793682,0.6058879,-4.029454
196.9403,-46.01103,0.3438822,0.09792937,0.6058969,-4.029836
197.0071,-46.01282,0.3439158,0.09792497,0.6059025,-4.030217
197.074,-46.00474,0.3437646,0.09792704,0.6059013,-4.030599
197.1409,-45.99963,0.3436809,0.09792682,0.6059024,-4.03098
197.2087,-46.01712,0.3440486,0.097911,0.6059203,-4.031365
197.2765,-46.02169,0.3441727,0.09790334,0.6059294,-4.031751
197.3443,-45.99761,0.3437468,0.0979142,0.6059186,-4.032138
197.4121,-45.98294,0.3435149,0.09791797,0.6059155,-4.032523
197.4676,-46.00394,0.3439761,0.09789837,0.6059372,-4.032837
197.5231,-46.0112,0.3441722,0.09788752,0.6059495,-4.033151
197.5786,-45.99288,0.3438722,0.09789331,0.605944,-4.033466
197.634,-45.97989,0.3436819,0.09789489,0.605943,-4.033781
197.6803,-45.98937,0.3439241,0.09788208,0.6059573,-4.034042
197.7265,-45.9931,0.3440548,0.09787279,0.6059678,-4.034303
197.7728,-45.98874,0.3440283,0.09786857,0.605973,-4.034564
197.819,-45.98481,0.3440114,0.0978637,0.6059788,-4.034825
197.8683,-45.98734,0.3441261,0.0978536,0.6059903,-4.035103
197.9176,-45.98764,0.344197,0.09784465,0.6060005,-4.035381
197.9669,-45.98445,0.3441992,0.09783772,0.6060086,-4.035658
198.0162,-45.98171,0.3442094,0.09783021,0.6060174,-4.035936
198.0778,-45.9839,0.34433,0.09781673,0.6060327,-4.036282
198.1393,-45.98364,0.3443994,0.09780459,0.6060466,-4.036627
198.2009,-45.97819,0.3443634,0.09779574,0.6060571,-4.036973
198.2624,-45.97438,0.3443547,0.09778567,0.6060688,-4.037318
198.3326,-45.98481,0.3446271,0.09776426,0.6060929,-4.037711
198.4028,-45.98711,0.3447329,0.09774842,0.606111,-4.038103
198.473,-45.97072,0.3444653,0.09774533,0.6061155,-4.038497
198.5432,-45.96127,0.3443256,0.09773791,0.6061246,-4.03889
198.5923,-45.97086,0.3445396,0.09772213,0.6061424,-4.039163
198.6414,-45.97498,0.3446419,0.09771031,0.6061559,-4.039436
198.6904,-45.97054,0.3445727,0.09770453,0.606163,-4.03971
198.7395,-45.96716,0.3445203,0.09769835,0.6061705,-4.039984
198.7886,-45.97129,0.3446117,0.09768744,0.606183,-4.040257
198.8377,-45.97315,0.344655,0.09767842,0.6061936,-4.04053
198.8867,-45.97144,0.3446252,0.09767215,0.6062011,-4.040803
198.9358,-45.97019,0.3446017,0.09766594,0.6062087,-4.041076
198.9967,-45.97421,0.3446782,0.097655,0.6062215,-4.041415
199.0576,-45.97578,0.3447036,0.09764627,0.6062319,-4.041753
199.1185,-45.97222,0.3446262,0.09764153,0.606238,-4.042092
199.1794,-45.9701,0.3445755,0.09763633,0.6062447,-4.04243
199.2493,-45.98155,0.3447878,0.09762165,0.6062616,-4.042817
199.3192,-45.98512,0.3448461,0.09761282,0.6062722,-4.043204
199.389,-45.97081,0.3445567,0.09761643,0.6062695,-4.043592
199.4589,-45.96273,0.344392,0.09761621,0.6062708,-4.043979
199.5085,-45.97245,0.3445796,0.09760587,0.6062827,-4.044253
199.5581,-45.97666,0.344661,0.09759935,0.6062904,-4.044527
199.6078,-45.97218,0.3445747,0.09759873,0.6062918,-4.044802
199.6574,-45.96869,0.3445106,0.09759747,0.6062939,-4.045076
199.707,-45.97274,0.3445975,0.09759111,0.6063015,-4.04535
199.7566,-45.97428,0.3446383,0.09758639,0.6063073,-4.045623
199.8062,-45.97191,0.3446056,0.0975842,0.6063103,-4.045897
199.8558,-45.96993,0.3445841,0.09758162,0.6063138,-4.046171
199.9166,-45.97322,0.3446742,0.09757441,0.6063223,-4.046506
199.9775,-45.97377,0.3447157,0.09756875,0.6063292,-4.04684
200.0383,-45.9688,0.3446542,0.09756645,0.6063325,-4.047175
200.0992,-45.96522,0.3446247,0.09756285,0.6063372,-4.04751
200.1683,-45.97497,0.3448666,0.09754901,0.606353,-4.047889
200.2374,-45.97687,0.34496,0.09753988,0.6063637,-4.048268
200.3066,-45.96117,0.3447143,0.09754195,0.6063624,-4.048648
200.3757,-45.95153,0.344591,0.09753937,0.6063661,-4.049027
200.4256,-45.96006,0.3448066,0.09752678,0.6063802,-4.049299
200.4755,-45.96312,0.3449158,0.09751761,0.6063907,-4.049571
200.5253,-45.95747,0.3448553,0.09751402,0.6063953,-4.049844
200.5752,-45.95293,0.3448171,0.09750942,0.6064009,-4.050116
200.6251,-45.95623,0.3449323,0.09749933,0.6064124,-4.050388
200.6749,-45.95703,0.3449985,0.0974907,0.6064224,-4.05066
200.7248,-45.95387,0.3449865,0.09748455,0.6064297,-4.050932
200.7747,-45.95126,0.3449842,0.09747788,0.6064376,-4.051203
200.8353,-45.95417,0.3450987,0.09746551,0.6064517,-4.051533
200.896,-45.95446,0.3451592,0.09745478,0.6064642,-4.051862
200.9566,-45.94927,0.3451099,0.09744763,0.6064727,-4.052192
201.0173,-45.94569,0.3450889,0.09743939,0.6064825,-4.052521
201.0859,-45.95562,0.3453334,0.09742078,0.6065036,-4.052892
201.1545,-45.95805,0.3454261,0.09740733,0.6065191,-4.053264
201.2231,-45.94342,0.3451811,0.09740547,0.6065222,-4.053636
201.2917,-45.93484,0.3450494,0.09739982,0.6065294,-4.054008
201.3539,-45.95621,0.3454928,0.09737556,0.6065564,-4.054342
201.416,-45.96325,0.345652,0.09736123,0.6065728,-4.054677
201.4782,-45.93991,0.3452159,0.0973675,0.6065671,-4.055014
201.5404,-45.92543,0.3449504,0.09736815,0.6065675,-4.055351
201.5905,-45.94201,0.3452849,0.09735005,0.6065877,-4.05562
201.6406,-45.94917,0.3454326,0.09733856,0.6066009,-4.055889
201.6907,-45.9411,0.3452809,0.09733755,0.6066028,-4.056159
201.7408,-45.93506,0.3451679,0.0973354,0.6066059,-4.056429
201.7874,-45.94152,0.3452986,0.09732548,0.6066173,-4.056679
201.834,-45.94452,0.3453607,0.09731809,0.606626,-4.05693
201.8806,-45.94258,0.3453257,0.0973142,0.6066309,-4.05718
201.9272,-45.94094,0.3452965,0.09731028,0.6066359,-4.057431
201.982,-45.94435,0.3453664,0.09730231,0.6066453,-4.057725
202.0368,-45.94562,0.345395,0.09729596,0.606653,-4.058018
202.0915,-45.94302,0.3453485,0.09729239,0.6066577,-4.058312
202.1463,-45.94117,0.3453178,0.09728846,0.6066628,-4.058606
202.2131,-45.94732,0.3454464,0.0972782,0.6066748,-4.058963
202.2798,-45.949,0.3454902,0.09727104,0.6066835,-4.05932
202.3465,-45.94087,0.3453454,0.09727048,0.606685,-4.059677
202.4133,-45.93587,0.3452653,0.09726782,0.6066889,-4.060034
202.4809,-45.95376,0.3456349,0.09724976,0.6067092,-4.060394
202.5486,-45.95877,0.3457569,0.09724019,0.6067205,-4.060755
202.6163,-45.93505,0.3453237,0.09724958,0.6067113,-4.061117
202.684,-45.9209,0.3450822,0.09725229,0.6067093,-4.061479
202.7393,-45.94264,0.345536,0.09723212,0.6067318,-4.061772
202.7947,-45.95058,0.3457219,0.09722103,0.6067444,-4.062066
202.8501,-45.93277,0.3454081,0.09722696,0.6067388,-4.062361
202.9055,-45.92037,0.3452033,0.09722901,0.6067374,-4.062656
202.9516,-45.93052,0.3454343,0.09721679,0.6067511,-4.062901
202.9978,-45.93486,0.3455528,0.09720831,0.6067609,-4.063145
203.044,-45.93106,0.3455129,0.09720514,0.6067649,-4.06339
203.0901,-45.92767,0.3454823,0.09720152,0.6067694,-4.063635
203.1394,-45.93082,0.3455829,0.09719295,0.6067793,-4.063895
203.1886,-45.9317,0.3456395,0.09718572,0.6067878,-4.064156
203.2378,-45.92903,0.3456274,0.09718071,0.6067938,-4.064416
203.287,-45.92678,0.3456236,0.09717526,0.6068004,-4.064676
203.3484,-45.92956,0.3457278,0.09716452,0.6068128,-4.065
203.4099,-45.9298,0.3457819,0.0971553,0.6068235,-4.065324
203.4713,-45.92474,0.3457317,0.09714947,0.6068307,-4.065648
203.5327,-45.92123,0.3457104,0.09714247,0.6068391,-4.065972
203.6028,-45.93198,0.3459715,0.09712456,0.6068594,-4.06634
203.6729,-45.93444,0.3460683,0.09711213,0.6068738,-4.066708
203.743,-45.91796,0.3457934,0.09711233,0.6068746,-4.067077
203.8131,-45.90836,0.3456496,0.09710798,0.6068803,-4.067446
203.8621,-45.91787,0.3458634,0.09709417,0.6068959,-4.067702
203.9111,-45.92182,0.3459665,0.09708417,0.6069074,-4.067959
203.9601,-45.91711,0.3458987,0.09708006,0.6069126,-4.068216
204.0091,-45.91342,0.3458492,0.09707537,0.6069184,-4.068472
204.058,-45.91726,0.3459453,0.09706574,0.6069295,-4.068728
204.107,-45.91877,0.3459943,0.0970578,0.6069388,-4.068984
204.156,-45.91666,0.3459708,0.09705242,0.6069454,-4.069241
204.205,-45.91499,0.3459546,0.09704688,0.6069521,-4.069497
204.2659,-45.91851,0.3460418,0.09703648,0.6069642,-4.069814
204.3267,-45.91955,0.3460786,0.09702797,0.6069743,-4.070131
204.3875,-45.91542,0.3460129,0.09702316,0.6069805,-4.070448
204.4483,-45.91275,0.3459743,0.0970176,0.6069874,-4.070765
204.518,-45.92371,0.3462021,0.09700217,0.6070051,-4.071128
204.5878,-45.92677,0.346275,0.09699229,0.6070167,-4.07149
204.6575,-45.91187,0.345998,0.09699463,0.6070153,-4.071854
204.7273,-45.90332,0.3458453,0.09699294,0.6070182,-4.072217
204.7768,-45.91289,0.346042,0.09698143,0.6070313,-4.072473
204.8263,-45.91693,0.3461312,0.0969737,0.6070403,-4.07273
204.8758,-45.91228,0.3460512,0.09697186,0.607043,-4.072987
204.9253,-45.90865,0.3459924,0.09696938,0.6070464,-4.073244
204.9749,-45.91269,0.3460842,0.0969618,0.6070553,-4.0735
205.0244,-45.91425,0.3461287,0.0969559,0.6070624,-4.073756
205.0739,-45.91192,0.3460983,0.0969526,0.6070666,-4.074013
205.1234,-45.91002,0.3460778,0.096949,0.6070712,-4.074269
205.1842,-45.91353,0.3461682,0.09694065,0.6070811,-4.074582
205.2449,-45.91434,0.346208,0.09693403,0.607089,-4.074896
205.3056,-45.90964,0.3461427,0.09693099,0.6070931,-4.075209
205.3663,-45.90641,0.3461078,0.09692686,0.6070984,-4.075523
205.4353,-45.91672,0.346343,0.09691269,0.6071146,-4.075878
205.5044,-45.91916,0.3464274,0.09690358,0.6071254,-4.076233
205.5734,-45.90392,0.3461698,0.09690602,0.6071237,-4.076588
205.6424,-45.89479,0.3460339,0.09690414,0.6071267,-4.076944
205.6922,-45.90382,0.346241,0.09689223,0.6071401,-4.077199
205.7419,-45.90733,0.346341,0.0968839,0.6071498,-4.077454
205.7917,-45.90206,0.3462703,0.09688133,0.6071532,-4.077709
205.8415,-45.8979,0.3462219,0.0968779,0.6071576,-4.077965
205.8913,-45.90161,0.3463277,0.09686908,0.6071678,-4.078219
205.9411,-45.90279,0.3463843,0.09686185,0.6071763,-4.078474
205.9909,-45.89996,0.3463626,0.09685721,0.6071819,-4.078729
206.0406,-45.89765,0.3463511,0.09685213,0.6071881,-4.078984
206.1012,-45.90093,0.3464555,0.09684179,0.6072001,-4.079293
206.1617,-45.90151,0.3465066,0.09683316,0.6072102,-4.079602
206.2223,-45.89652,0.3464485,0.09682816,0.6072165,-4.079911
206.2828,-45.8931,0.3464198,0.09682207,0.6072239,-4.080219
206.3513,-45.90322,0.3466582,0.09680583,0.6072424,-4.080567
206.4198,-45.9057,0.3467461,0.09679469,0.6072553,-4.080916
206.4883,-45.89096,0.346497,0.09679504,0.607256,-4.081265
206.5568,-45.88223,0.3463633,0.09679143,0.6072609,-4.081613
206.6188,-45.90359,0.3468082,0.09676882,0.6072861,-4.081927
206.6809,-45.91048,0.3469694,0.09675597,0.6073009,-4.082241
206.743,-45.88675,0.3465346,0.09676358,0.6072936,-4.082557
206.8051,-45.8719,0.3462723,0.09676533,0.6072926,-4.082872
206.8551,-45.88835,0.3466122,0.09674793,0.6073121,-4.083124
206.9051,-45.8953,0.3467651,0.096737,0.6073246,-4.083377
206.9552,-45.88689,0.3466179,0.09673644,0.607326,-4.08363
207.0052,-45.88052,0.34651,0.09673461,0.6073287,-4.083884
207.0517,-45.88677,0.346647,0.09672483,0.6073399,-4.084118
207.0983,-45.88954,0.3467152,0.09671747,0.6073485,-4.084353
207.1448,-45.88732,0.3466859,0.09671352,0.6073535,-4.084588
207.1913,-45.88543,0.3466626,0.09670943,0.6073586,-4.084822
207.246,-45.88859,0.3467399,0.09670113,0.6073683,-4.085098
207.3007,-45.88962,0.3467756,0.09669436,0.6073764,-4.085373
207.3554,-45.88677,0.3467356,0.09669026,0.6073816,-4.085648
207.4101,-45.88471,0.346711,0.09668572,0.6073873,-4.085923
207.4767,-45.89071,0.346847,0.09667463,0.6074002,-4.086258
207.5433,-45.89225,0.346897,0.0966666,0.6074098,-4.086592
207.6099,-45.88398,0.3467566,0.09666516,0.6074123,-4.086927
207.6765,-45.87892,0.3466799,0.09666162,0.6074171,-4.087261
207.7441,-45.89696,0.3470532,0.09664269,0.6074384,-4.087599
207.8116,-45.9021,0.3471767,0.09663235,0.6074505,-4.087936
207.8792,-45.87837,0.3467417,0.09664113,0.607442,-4.088276
207.9467,-45.86433,0.3464977,0.09664335,0.6074406,-4.088614
208.002,-45.88642,0.3469506,0.09662285,0.6074634,-4.088889
208.0573,-45.89465,0.3471338,0.09661158,0.6074763,-4.089164
208.1126,-45.87697,0.3468148,0.09661749,0.6074707,-4.089441
208.1678,-45.86476,0.3466042,0.09661964,0.6074691,-4.089718
208.2139,-45.87523,0.3468316,0.09660758,0.6074828,-4.089947
208.26,-45.87987,0.3469455,0.09659938,0.6074922,-4.090176
208.3061,-45.8763,0.3469,0.09659659,0.6074959,-4.090405
208.3522,-45.87315,0.3468636,0.09659344,0.6074999,-4.090635
208.4014,-45.87662,0.3469583,0.09658546,0.6075091,-4.090879
208.4505,-45.87778,0.3470086,0.09657894,0.6075168,-4.091123
208.4996,-45.87538,0.3469897,0.09657472,0.6075221,-4.091367
208.5488,-45.87339,0.3469792,0.09657016,0.6075276,-4.09161
208.6101,-45.87651,0.3470755,0.09656064,0.6075387,-4.091914
208.6714,-45.87705,0.3471218,0.09655275,0.6075481,-4.092218
208.7327,-45.87224,0.3470636,0.09654834,0.6075537,-4.092522
208.794,-45.86895,0.3470349,0.09654284,0.6075605,-4.092825
208.864,-45.87999,0.3472892,0.09652667,0.6075789,-4.09317
208.934,-45.88265,0.3473796,0.09651602,0.6075913,-4.093515
209.0039,-45.86621,0.3470982,0.09651802,0.6075901,-4.093862
209.0739,-45.85663,0.3469494,0.09651543,0.6075939,-4.094207
209.1228,-45.86623,0.3471614,0.09650279,0.6076082,-4.094447
209.1718,-45.8702,0.347263,0.09649393,0.6076185,-4.094688
209.2207,-45.86544,0.3471936,0.09649092,0.6076224,-4.094929
209.2696,-45.86167,0.3471433,0.09648726,0.6076271,-4.09517
209.3186,-45.86547,0.3472396,0.09647859,0.6076371,-4.09541
209.3675,-45.86691,0.3472892,0.09647153,0.6076454,-4.09565
209.4164,-45.86467,0.3472666,0.09646697,0.607651,-4.09589
209.4653,-45.86287,0.3472518,0.09646217,0.6076569,-4.09613
209.5261,-45.86625,0.347342,0.09645255,0.6076682,-4.096428
209.5868,-45.86711,0.347382,0.0964447,0.6076775,-4.096725
209.6475,-45.86275,0.3473197,0.09644041,0.607683,-4.097022
209.7082,-45.85986,0.3472851,0.09643525,0.6076894,-4.097319
209.7778,-45.87066,0.3475189,0.09642008,0.6077068,-4.097659
209.8474,-45.87351,0.3475974,0.09641033,0.6077183,-4.097999
209.917,-45.8583,0.3473249,0.09641267,0.6077168,-4.09834
209.9867,-45.8495,0.347177,0.09641086,0.6077197,-4.09868
210.0361,-45.859,0.3473781,0.09639916,0.607733,-4.09892
210.0856,-45.86297,0.3474711,0.09639122,0.6077423,-4.09916
210.135,-45.85819,0.3473939,0.09638915,0.6077452,-4.099401
210.1844,-45.85447,0.3473378,0.0963864,0.6077489,-4.099642
210.2339,-45.85848,0.3474326,0.09637852,0.6077581,-4.099882
210.2833,-45.86002,0.3474794,0.09637232,0.6077654,-4.100122
210.3328,-45.85765,0.3474506,0.09636873,0.60777,-4.100363
210.3822,-45.85575,0.3474313,0.09636484,0.6077749,-4.100603
210.4428,-45.85932,0.3475231,0.09635616,0.6077851,-4.100896
210.5035,-45.8602,0.3475634,0.09634926,0.6077933,-4.10119
210.5641,-45.85557,0.3474972,0.09634601,0.6077977,-4.101484
210.6247,-45.85244,0.347461,0.09634173,0.6078031,-4.101778
210.6936,-45.86299,0.3476948,0.09632748,0.6078194,-4.10211
210.7625,-45.86566,0.3477764,0.09631841,0.6078301,-4.102443
210.8314,-45.85055,0.347514,0.09632106,0.6078282,-4.102776
210.9003,-45.84161,0.347373,0.09631951,0.6078308,-4.103109
210.95,-45.85089,0.3475771,0.0963079,0.607844,-4.103348
210.9997,-45.85462,0.3476735,0.09629995,0.6078533,-4.103587
211.0494,-45.8495,0.3475982,0.09629784,0.6078562,-4.103827
211.0991,-45.84551,0.3475452,0.09629494,0.60786,-4.104066
211.1488,-45.84945,0.3476469,0.09628671,0.6078696,-4.104305
211.1985,-45.85084,0.3476991,0.09628013,0.6078773,-4.104544
211.2482,-45.84817,0.3476727,0.0962762,0.6078822,-4.104783
211.2979,-45.84603,0.3476565,0.09627189,0.6078876,-4.105021
211.3584,-45.84953,0.3477558,0.09626253,0.6078985,-4.105311
211.4188,-45.8503,0.3478018,0.09625494,0.6079075,-4.1056
211.4793,-45.84546,0.3477385,0.09625104,0.6079125,-4.10589
211.5397,-45.84216,0.3477051,0.09624608,0.6079187,-4.10618
211.6081,-45.85248,0.3479395,0.09623112,0.6079358,-4.106506
211.6764,-45.85509,0.3480235,0.09622127,0.6079473,-4.106832
211.7448,-45.84034,0.3477702,0.09622291,0.6079465,-4.10716
211.8132,-45.8316,0.3476334,0.09622055,0.60795,-4.107486
211.8752,-45.8531,0.3480778,0.096199,0.6079741,-4.10778
211.9371,-45.86002,0.3482383,0.09618717,0.6079877,-4.108075
211.9991,-45.83611,0.3478016,0.09619577,0.6079793,-4.108371
212.0611,-45.82112,0.3475385,0.09619842,0.6079773,-4.108667
212.111,-45.83762,0.3478799,0.09618165,0.6079961,-4.108903
212.161,-45.84454,0.3480341,0.09617132,0.6080079,-4.10914
212.211,-45.83599,0.3478873,0.09617133,0.6080086,-4.109378
212.2609,-45.82949,0.3477803,0.09616999,0.6080108,-4.109615
212.3074,-45.83571,0.3479193,0.09616059,0.6080215,-4.109835
212.3539,-45.8384,0.3479894,0.09615358,0.6080298,-4.110055
212.4003,-45.83608,0.3479618,0.09614993,0.6080343,-4.110275
212.4468,-45.83409,0.3479402,0.09614611,0.6080391,-4.110495
212.5014,-45.83717,0.3480202,0.09613804,0.6080486,-4.110753
212.556,-45.83811,0.3480585,0.09613144,0.6080565,-4.111011
212.6106,-45.83515,0.3480207,0.09612747,0.6080615,-4.11127
212.6652,-45.83299,0.3479984,0.09612301,0.6080671,-4.111527
212.7317,-45.83893,0.3481376,0.09611195,0.6080799,-4.111841
212.7982,-45.84042,0.3481903,0.09610389,0.6080895,-4.112154
212.8647,-45.83204,0.3480517,0.09610242,0.608092,-4.112468
212.9312,-45.8269,0.3479765,0.09609882,0.6080968,-4.112781
212.9986,-45.84506,0.3483525,0.09607977,0.6081183,-4.113097
213.0661,-45.85024,0.3484772,0.09606936,0.6081305,-4.113414
213.1335,-45.82641,0.3480413,0.0960781,0.6081219,-4.113732
213.2009,-45.81235,0.3477963,0.09608033,0.6081204,-4.114049
213.2561,-45.83465,0.34825,0.09605981,0.6081433,-4.114307
213.3113,-45.84301,0.3484328,0.09604858,0.6081562,-4.114565
213.3665,-45.82532,0.3481113,0.09605462,0.6081504,-4.114824
213.4217,-45.81314,0.3478983,0.09605694,0.6081487,-4.115084
213.4678,-45.82379,0.3481248,0.09604502,0.6081621,-4.115298
213.5138,-45.82856,0.3482371,0.096037,0.6081714,-4.115513
213.5598,-45.82508,0.3481893,0.09603445,0.6081748,-4.115728
213.6059,-45.82203,0.3481503,0.09603159,0.6081785,-4.115943
213.6549,-45.82565,0.3482427,0.09602393,0.6081874,-4.116172
213.704,-45.82696,0.3482904,0.09601779,0.6081947,-4.1164
213.753,-45.82468,0.3482685,0.096014,0.6081994,-4.116629
213.8021,-45.82281,0.3482548,0.09600991,0.6082045,-4.116858
213.8633,-45.82612,0.3483476,0.09600102,0.6082149,-4.117142
213.9245,-45.82683,0.3483901,0.09599382,0.6082235,-4.117427
213.9857,-45.82214,0.3483277,0.09599016,0.6082283,-4.117712
214.047,-45.81897,0.3482951,0.09598546,0.6082342,-4.117996
214.1168,-45.83024,0.3485459,0.09597022,0.6082516,-4.11832
214.1867,-45.83306,0.3486326,0.09596055,0.6082629,-4.118643
214.2565,-45.81663,0.3483467,0.09596358,0.6082606,-4.118968
214.3264,-45.80709,0.3481941,0.09596201,0.6082632,-4.119292
214.3752,-45.81681,0.3484048,0.09595006,0.6082768,-4.119517
214.4241,-45.82085,0.3485049,0.09594189,0.6082863,-4.119743
214.473,-45.81609,0.3484337,0.09593958,0.6082894,-4.119969
214.5218,-45.81232,0.3483817,0.09593661,0.6082933,-4.120195
214.5707,-45.81617,0.3484774,0.09592859,0.6083026,-4.12042
214.6195,-45.81761,0.3485263,0.09592216,0.6083102,-4.120645
214.6684,-45.81536,0.3485029,0.09591822,0.6083151,-4.12087
214.7173,-45.81353,0.3484876,0.095914,0.6083204,-4.121095
214.7779,-45.81691,0.3485779,0.09590505,0.6083308,-4.121374
214.8385,-45.81775,0.3486183,0.09589783,0.6083395,-4.121653
214.8991,-45.81331,0.3485562,0.09589413,0.6083443,-4.121932
214.9597,-45.81035,0.3485221,0.0958895,0.6083501,-4.12221
215.0292,-45.82116,0.3487578,0.09587485,0.6083669,-4.122529
215.0987,-45.82396,0.3488379,0.09586555,0.6083779,-4.122847
215.1682,-45.80859,0.3485659,0.09586831,0.6083758,-4.123167
215.2378,-45.79966,0.3484191,0.09586684,0.6083783,-4.123485
215.2871,-45.80919,0.3486219,0.09585533,0.6083914,-4.123711
215.3365,-45.81314,0.3487164,0.09584755,0.6084005,-4.123936
215.3859,-45.80829,0.3486399,0.09584564,0.6084032,-4.124162
215.4352,-45.80452,0.3485846,0.09584303,0.6084067,-4.124388
215.4846,-45.80854,0.3486807,0.09583526,0.6084158,-4.124613
215.534,-45.81007,0.3487284,0.09582916,0.608423,-4.124838
215.5834,-45.80768,0.3487002,0.09582567,0.6084275,-4.125063
215.6327,-45.80576,0.3486813,0.09582188,0.6084322,-4.125288
215.6933,-45.80937,0.3487739,0.09581329,0.6084423,-4.125564
215.7538,-45.81028,0.3488144,0.0958065,0.6084504,-4.125839
215.8143,-45.80566,0.3487479,0.09580338,0.6084546,-4.126114
215.8749,-45.80255,0.3487111,0.09579925,0.6084599,-4.12639
215.9436,-45.81325,0.3489449,0.09578516,0.608476,-4.126701
216.0124,-45.81602,0.3490256,0.09577631,0.6084865,-4.127013
216.0812,-45.80091,0.3487608,0.09577924,0.6084842,-4.127326
216.15,-45.79202,0.3486173,0.09577802,0.6084864,-4.127638
216.1996,-45.80145,0.3488206,0.09576665,0.6084994,-4.127862
216.2492,-45.80529,0.3489155,0.09575898,0.6085083,-4.128086
216.2989,-45.80024,0.3488381,0.0957572,0.6085109,-4.12831
216.3485,-45.79631,0.348783,0.09575464,0.6085143,-4.128535
216.3981,-45.80037,0.3488829,0.09574677,0.6085235,-4.128759
216.4478,-45.80187,0.3489332,0.09574059,0.6085308,-4.128982
216.4974,-45.79928,0.3489044,0.09573709,0.6085352,-4.129206
216.547,-45.79722,0.3488859,0.09573323,0.60854,-4.12943
216.6074,-45.80086,0.3489827,0.09572444,0.6085503,-4.129702
216.6677,-45.80175,0.3490261,0.09571746,0.6085587,-4.129973
216.7281,-45.79698,0.3489598,0.09571421,0.608563,-4.130245
216.7884,-45.79376,0.3489237,0.09570991,0.6085684,-4.130516
216.8567,-45.80424,0.3491559,0.09569571,0.6085846,-4.130822
216.925,-45.80696,0.3492376,0.09568664,0.6085953,-4.131128
216.9932,-45.7922,0.348981,0.09568909,0.6085936,-4.131435
217.0615,-45.78348,0.3488416,0.09568753,0.6085962,-4.131741
217.1234,-45.80515,0.3492856,0.09566666,0.6086196,-4.132017
217.1853,-45.81215,0.349445,0.09565552,0.6086324,-4.132293
217.2471,-45.78813,0.3490058,0.09566482,0.6086232,-4.132571
217.309,-45.77307,0.3487409,0.09566816,0.6086204,-4.132849
217.3589,-45.78968,0.3490827,0.09565188,0.6086386,-4.13307
217.4088,-45.79664,0.3492368,0.09564203,0.6086499,-4.133292
217.4587,-45.78804,0.3490891,0.09564252,0.6086501,-4.133515
217.5086,-45.7815,0.3489816,0.09564164,0.6086517,-4.133738
217.555,-45.78774,0.3491209,0.09563264,0.608662,-4.133944
217.6014,-45.79044,0.3491913,0.095626,0.6086698,-4.13415
217.6478,-45.78809,0.3491636,0.09562272,0.608674,-4.134357
217.6942,-45.78607,0.3491422,0.09561924,0.6086783,-4.134563
217.7487,-45.78915,0.3492228,0.09561154,0.6086874,-4.134805
217.8032,-45.79008,0.3492615,0.09560529,0.6086948,-4.135047
217.8577,-45.78707,0.349224,0.09560165,0.6086995,-4.135289
217.9123,-45.78488,0.3492021,0.09559749,0.6087047,-4.135531
217.9787,-45.79084,0.3493424,0.09558675,0.6087172,-4.135824
218.0451,-45.79232,0.3493958,0.095579,0.6087264,-4.136118
218.1115,-45.78388,0.3492572,0.09557782,0.6087286,-4.136412
218.1779,-45.77871,0.3491822,0.09557449,0.6087331,-4.136706
218.2452,-45.79698,0.3495595,0.09555568,0.6087543,-4.137002
218.3125,-45.80221,0.3496848,0.0955455,0.6087662,-4.137299
218.3799,-45.77826,0.3492475,0.09555452,0.6087573,-4.137597
218.4472,-45.76415,0.3490014,0.095557,0.6087555,-4.137895
218.5023,-45.78661,0.3494562,0.09553666,0.6087782,-4.138136
218.5574,-45.79507,0.349639,0.09552564,0.6087908,-4.138378
218.6126,-45.77732,0.3493158,0.09553193,0.6087847,-4.138622
218.6677,-45.76512,0.3491013,0.0955345,0.6087827,-4.138864
218.7136,-45.77588,0.3493277,0.09552278,0.6087959,-4.139066
218.7596,-45.78073,0.3494395,0.09551498,0.608805,-4.139267
218.8056,-45.77728,0.3493904,0.09551268,0.608808,-4.139469
218.8515,-45.77428,0.3493503,0.09551007,0.6088115,-4.13967
218.9005,-45.77798,0.3494417,0.09550269,0.6088201,-4.139885
218.9495,-45.77937,0.3494882,0.09549685,0.608827,-4.140099
218.9985,-45.77714,0.3494648,0.09549338,0.6088314,-4.140314
219.0475,-45.77532,0.3494495,0.09548963,0.6088361,-4.140528
219.1086,-45.77875,0.3495407,0.09548118,0.608846,-4.140795
219.1697,-45.77955,0.3495813,0.09547444,0.6088541,-4.141062
219.2309,-45.77492,0.3495166,0.09547129,0.6088583,-4.141329
219.292,-45.77182,0.3494818,0.0954671,0.6088636,-4.141596
219.3617,-45.78325,0.349731,0.09545246,0.6088803,-4.141899
219.4315,-45.78617,0.3498157,0.09544342,0.608891,-4.142202
219.5012,-45.76974,0.3495266,0.09544712,0.6088879,-4.142507
219.571,-45.76022,0.3493715,0.09544622,0.6088898,-4.14281
219.6198,-45.77004,0.3495814,0.09543473,0.6089028,-4.143022
219.6686,-45.77416,0.3496805,0.09542703,0.6089118,-4.143233
219.7174,-45.7694,0.3496077,0.09542519,0.6089144,-4.143445
219.7662,-45.76565,0.3495544,0.09542269,0.6089177,-4.143657
219.815,-45.76955,0.3496493,0.09541513,0.6089265,-4.143868
219.8637,-45.77104,0.3496973,0.09540916,0.6089336,-4.144079
219.9125,-45.7688,0.349673,0.09540567,0.608938,-4.14429
219.9613,-45.76698,0.3496568,0.0954019,0.6089427,-4.144501
220.0219,-45.77041,0.3497465,0.09539349,0.6089526,-4.144763
220.0824,-45.77126,0.3497863,0.09538679,0.6089606,-4.145024
220.1429,-45.76682,0.3497233,0.0953836,0.6089649,-4.145286
220.2034,-45.76384,0.3496887,0.09537945,0.6089701,-4.145547
220.2728,-45.77472,0.3499247,0.09536532,0.6089863,-4.145845
220.3422,-45.77754,0.3500047,0.09535653,0.6089967,-4.146144
220.4117,-45.76208,0.3497318,0.09535978,0.6089941,-4.146444
220.4811,-45.7531,0.3495844,0.09535877,0.6089961,-4.146743
220.5304,-45.76268,0.3497879,0.09534755,0.6090089,-4.146954
220.5797,-45.76666,0.3498826,0.09534006,0.6090176,-4.147165
220.629,-45.76178,0.3498059,0.09533843,0.60902,-4.147377
220.6783,-45.75799,0.3497503,0.0953361,0.6090231,-4.147589
220.7276,-45.76204,0.3498468,0.09532858,0.6090319,-4.1478
220.7769,-45.76358,0.3498946,0.09532272,0.6090389,-4.148011
220.8262,-45.76118,0.3498662,0.09531948,0.609043,-4.148222
220.8755,-45.75927,0.3498472,0.09531593,0.6090475,-4.148433
220.9359,-45.76292,0.3499399,0.09530762,0.6090573,-4.148691
220.9964,-45.76386,0.3499803,0.09530111,0.6090651,-4.148949
221.0568,-45.75923,0.3499132,0.09529828,0.6090689,-4.149208
221.1173,-45.75614,0.3498758,0.09529443,0.6090738,-4.149466
221.1859,-45.76694,0.3501097,0.09528066,0.6090896,-4.149758
221.2546,-45.76977,0.3501898,0.09527214,0.6090997,-4.15005
221.3233,-45.75463,0.3499232,0.09527543,0.609097,-4.150343
221.392,-45.74575,0.3497782,0.09527458,0.6090988,-4.150636
221.4415,-45.75528,0.3499813,0.09526347,0.6091115,-4.150846
221.4911,-45.75919,0.3500756,0.09525607,0.6091201,-4.151056
221.5406,-45.75415,0.3499969,0.09525458,0.6091223,-4.151267
221.5902,-45.75026,0.3499405,0.09525233,0.6091254,-4.151477
221.6398,-45.7544,0.3500397,0.09524476,0.6091342,-4.151687
221.6893,-45.75595,0.3500889,0.0952389,0.6091412,-4.151897
221.7389,-45.75341,0.3500588,0.09523574,0.6091452,-4.152107
221.7885,-45.75139,0.3500389,0.09523222,0.6091496,-4.152317
221.8487,-45.75512,0.3501346,0.09522386,0.6091595,-4.152571
221.909,-45.75608,0.3501766,0.09521732,0.6091673,-4.152826
221.9693,-45.75134,0.3501085,0.09521453,0.6091711,-4.153081
222.0295,-45.74817,0.3500706,0.0952107,0.609176,-4.153335
222.0977,-45.75879,0.3503018,0.09519703,0.6091916,-4.153622
222.1659,-45.76159,0.350382,0.09518851,0.6092017,-4.153909
222.234,-45.74681,0.350123,0.09519154,0.6091993,-4.154197
222.3022,-45.73809,0.3499815,0.09519055,0.6092012,-4.154484
222.364,-45.75993,0.3504254,0.09517017,0.6092241,-4.154742
222.4258,-45.76701,0.350584,0.09515954,0.6092364,-4.155001
222.4876,-45.7429,0.3501424,0.09516938,0.6092265,-4.155262
222.5494,-45.7278,0.3498757,0.09517323,0.6092231,-4.155522
222.5992,-45.74453,0.3502177,0.09515733,0.6092409,-4.15573
222.649,-45.75156,0.3503715,0.09514787,0.6092518,-4.155938
222.6988,-45.74293,0.3502226,0.09514877,0.6092514,-4.156147
222.7487,-45.73636,0.3501141,0.09514828,0.6092526,-4.156356
222.795,-45.74266,0.3502533,0.09513962,0.6092625,-4.156549
222.8414,-45.74539,0.3503234,0.09513332,0.6092699,-4.156743
222.8877,-45.74304,0.3502951,0.09513038,0.6092737,-4.156936
222.934,-45.74102,0.3502732,0.09512723,0.6092777,-4.15713
222.9885,-45.74413,0.3503536,0.09511991,0.6092863,-4.157357
223.0429,-45.74508,0.3503921,0.09511402,0.6092934,-4.157584
223.0974,-45.74207,0.3503541,0.09511074,0.6092976,-4.157811
223.1518,-45.73987,0.3503318,0.09510693,0.6093024,-4.158038
223.2181,-45.74589,0.3504721,0.09509659,0.6093144,-4.158313
223.2844,-45.74739,0.3505254,0.09508923,0.6093233,-4.158588
223.3507,-45.73892,0.350386,0.09508844,0.6093249,-4.158864
223.417,-45.73374,0.3503103,0.09508549,0.6093289,-4.15914
223.4843,-45.75212,0.3506884,0.09506702,0.6093498,-4.159417
223.5515,-45.75741,0.3508136,0.0950572,0.6093613,-4.159696
223.6187,-45.73335,0.3503745,0.0950666,0.6093519,-4.159976
223.686,-45.7192,0.3501273,0.09506945,0.6093497,-4.160255
223.741,-45.74181,0.3505829,0.09504937,0.6093721,-4.160481
223.7961,-45.75034,0.3507657,0.09503863,0.6093844,-4.160707
223.8511,-45.73253,0.3504409,0.09504523,0.609378,-4.160936
223.9061,-45.7203,0.3502251,0.0950481,0.6093755,-4.161164
223.952,-45.73115,0.3504516,0.09503662,0.6093885,-4.161352
223.998,-45.73606,0.3505631,0.09502906,0.6093973,-4.161541
224.0439,-45.73262,0.3505132,0.09502702,0.6094001,-4.16173
224.0898,-45.72963,0.3504721,0.09502467,0.6094032,-4.16192
224.1387,-45.7334,0.3505631,0.09501757,0.6094115,-4.162121
224.1876,-45.73483,0.3506089,0.09501201,0.6094181,-4.162322
224.2365,-45.73263,0.3505845,0.09500884,0.6094221,-4.162523
224.2854,-45.73085,0.3505683,0.09500539,0.6094265,-4.162724
224.3465,-45.73434,0.3506586,0.09499731,0.609436,-4.162974
224.4075,-45.73521,0.3506981,0.09499096,0.6094436,-4.163224
224.4686,-45.7306,0.3506319,0.09498821,0.6094473,-4.163475
224.5296,-45.72754,0.3505957,0.09498444,0.6094522,-4.163725
224.5993,-45.7391,0.3508443,0.09497026,0.6094684,-4.164009
224.6689,-45.7421,0.3509277,0.09496171,0.6094785,-4.164294
224.7386,-45.72563,0.3506363,0.09496592,0.6094748,-4.164579
224.8082,-45.71612,0.3504792,0.09496554,0.6094761,-4.164864
224.8569,-45.72604,0.3506888,0.09495439,0.6094888,-4.165062
224.9057,-45.73021,0.3507872,0.09494704,0.6094973,-4.16526
224.9544,-45.72547,0.3507132,0.09494557,0.6094995,-4.165459
225.0031,-45.72173,0.3506588,0.09494344,0.6095024,-4.165658
225.0519,-45.72569,0.3507531,0.09493623,0.6095109,-4.165856
225.1006,-45.72722,0.3508004,0.09493062,0.6095175,-4.166054
225.1493,-45.72499,0.3507752,0.09492749,0.6095215,-4.166252
225.198,-45.72319,0.3507581,0.09492408,0.6095258,-4.16645
225.2585,-45.72667,0.3508472,0.0949161,0.6095352,-4.166695
225.3189,-45.72756,0.3508862,0.09490984,0.6095427,-4.16694
225.3794,-45.72312,0.3508222,0.09490708,0.6095465,-4.167186
225.4398,-45.72015,0.3507866,0.09490337,0.6095512,-4.167431
225.5091,-45.73112,0.3510225,0.0948897,0.6095669,-4.16771
225.5784,-45.73399,0.351102,0.09488137,0.6095768,-4.16799
225.6477,-45.71847,0.3508276,0.0948851,0.6095736,-4.168272
225.7171,-45.70947,0.3506791,0.09488454,0.609575,-4.168552
225.7663,-45.71912,0.3508827,0.09487362,0.6095875,-4.16875
225.8155,-45.72314,0.3509773,0.09486643,0.6095959,-4.168948
225.8648,-45.71825,0.3508999,0.09486511,0.6095979,-4.169147
225.914,-45.71445,0.3508437,0.09486308,0.6096007,-4.169345
225.9633,-45.71854,0.3509401,0.09485584,0.6096091,-4.169543
226.0125,-45.72011,0.3509877,0.09485027,0.6096158,-4.169741
226.0617,-45.71772,0.3509587,0.09484732,0.6096196,-4.169939
226.111,-45.71581,0.3509392,0.09484404,0.6096237,-4.170137
226.1713,-45.7195,0.3510317,0.09483607,0.6096331,-4.170379
226.2317,-45.72048,0.3510717,0.09482989,0.6096405,-4.170622
226.2921,-45.71585,0.3510037,0.0948274,0.609644,-4.170864
226.3524,-45.71277,0.3509656,0.09482389,0.6096485,-4.171106
226.421,-45.72366,0.3511995,0.09481048,0.6096639,-4.17138
226.4896,-45.72655,0.351279,0.09480233,0.6096735,-4.171654
226.5582,-45.71136,0.3510109,0.09480602,0.6096704,-4.171929
226.6267,-45.70248,0.3508646,0.09480556,0.6096717,-4.172203
226.6762,-45.71209,0.3510676,0.09479472,0.6096841,-4.1724
226.7257,-45.71606,0.3511615,0.0947876,0.6096924,-4.172597
226.7752,-45.71103,0.3510818,0.0947864,0.6096943,-4.172795
226.8247,-45.70714,0.3510244,0.09478444,0.609697,-4.172992
226.8742,-45.71134,0.3511232,0.09477716,0.6097055,-4.173189
226.9237,-45.71295,0.3511718,0.09477158,0.6097121,-4.173386
226.9732,-45.71042,0.3511408,0.09476872,0.6097158,-4.173583
227.0227,-45.70842,0.35112,0.09476551,0.6097199,-4.17378
227.0829,-45.71223,0.3512149,0.09475751,0.6097293,-4.174019
227.1431,-45.71324,0.351256,0.09475135,0.6097367,-4.174257
227.2033,-45.70852,0.3511866,0.09474895,0.60974,-4.174496
227.2635,-45.70537,0.3511475,0.09474551,0.6097445,-4.174735
227.3316,-45.7161,0.3513781,0.09473227,0.6097597,-4.175004
227.3996,-45.71896,0.3514573,0.09472419,0.6097692,-4.175273
227.4677,-45.70415,0.3511964,0.09472769,0.6097662,-4.175543
227.5358,-45.69544,0.3510534,0.09472718,0.6097676,-4.175812
227.5975,-45.71743,0.3514974,0.09470719,0.6097901,-4.176054
227.6592,-45.72459,0.3516554,0.09469696,0.6098019,-4.176297
227.7209,-45.7004,0.3512116,0.09470724,0.6097915,-4.176542
227.7826,-45.68526,0.3509432,0.09471153,0.6097875,-4.176786
227.8324,-45.7021,0.3512854,0.09469595,0.6098051,-4.176981
227.8821,-45.70919,0.3514389,0.09468682,0.6098156,-4.177176
227.9319,-45.70054,0.3512888,0.09468805,0.6098148,-4.177372
227.9817,-45.69397,0.3511793,0.0946879,0.6098156,-4.177568
228.0279,-45.70033,0.3513183,0.09467954,0.6098252,-4.177749
228.0742,-45.7031,0.351388,0.09467354,0.6098322,-4.177931
228.1205,-45.70076,0.351359,0.0946709,0.6098357,-4.178113
228.1668,-45.69874,0.3513364,0.09466805,0.6098393,-4.178294
228.2212,-45.7019,0.3514165,0.09466107,0.6098475,-4.178507
228.2755,-45.70287,0.3514545,0.09465552,0.6098542,-4.17872
228.3299,-45.69987,0.3514157,0.09465258,0.609858,-4.178933
228.3843,-45.69769,0.3513927,0.09464911,0.6098624,-4.179145
228.4505,-45.70376,0.3515328,0.09463916,0.609874,-4.179404
228.5167,-45.7053,0.3515855,0.0946322,0.6098824,-4.179662
228.5829,-45.69681,0.351445,0.09463181,0.6098836,-4.179921
228.6491,-45.69163,0.3513684,0.09462925,0.6098871,-4.180179
228.7163,-45.71014,0.3517469,0.09461115,0.6099076,-4.180439
228.7834,-45.71548,0.3518717,0.0946017,0.6099186,-4.1807
228.8506,-45.69134,0.3514308,0.09461151,0.6099088,-4.180963
228.9177,-45.67714,0.3511822,0.09461475,0.609906,-4.181225
228.9727,-45.6999,0.3516384,0.09459495,0.6099282,-4.181437
229.0277,-45.7085,0.3518211,0.09458451,0.6099402,-4.181649
229.0826,-45.69062,0.3514948,0.09459144,0.6099333,-4.181864
229.1376,-45.67836,0.3512777,0.09459463,0.6099305,-4.182077
229.1835,-45.68929,0.3515044,0.09458339,0.6099432,-4.182254
229.2293,-45.69426,0.3516156,0.09457608,0.6099517,-4.182431
229.2752,-45.69082,0.3515649,0.0945743,0.6099542,-4.182609
229.321,-45.68784,0.3515232,0.09457222,0.609957,-4.182786
229.3699,-45.69166,0.3516138,0.09456538,0.609965,-4.182975
229.4187,-45.69313,0.351659,0.09456009,0.6099713,-4.183163
229.4676,-45.69095,0.3516338,0.09455721,0.609975,-4.183352
229.5164,-45.68919,0.3516169,0.09455404,0.609979,-4.183541
229.5774,-45.69274,0.3517066,0.09454631,0.6099881,-4.183775
229.6384,-45.69365,0.3517453,0.09454032,0.6099953,-4.18401
229.6993,-45.68906,0.351678,0.09453793,0.6099986,-4.184245
229.7603,-45.68602,0.3516407,0.09453453,0.610003,-4.18448
229.8299,-45.69769,0.3518889,0.09452075,0.6100188,-4.184746
229.8994,-45.70075,0.3519715,0.09451262,0.6100285,-4.185013
229.969,-45.68424,0.3516782,0.09451728,0.6100242,-4.185281
230.0385,-45.67472,0.3515196,0.09451734,0.610025,-4.185548
230.0872,-45.68473,0.351729,0.09450648,0.6100373,-4.185734
230.1359,-45.68896,0.3518269,0.09449943,0.6100456,-4.18592
230.1845,-45.68422,0.3517519,0.09449827,0.6100474,-4.186106
230.2332,-45.68049,0.3516966,0.09449644,0.6100499,-4.186293
230.2819,-45.6845,0.3517904,0.09448953,0.610058,-4.186478
230.3305,-45.68606,0.3518372,0.09448423,0.6100643,-4.186664
230.3792,-45.68385,0.3518111,0.09448141,0.610068,-4.18685
230.4279,-45.68207,0.3517933,0.09447831,0.6100719,-4.187036
230.4882,-45.68561,0.3518818,0.0944707,0.6100809,-4.187266
230.5486,-45.68654,0.3519201,0.09446481,0.610088,-4.187496
230.609,-45.6821,0.351855,0.09446244,0.6100912,-4.187726
230.6693,-45.67915,0.3518186,0.0944591,0.6100956,-4.187956
230.7386,-45.69021,0.3520542,0.09444584,0.6101108,-4.188218
230.8078,-45.69313,0.3521331,0.09443793,0.6101202,-4.188481
230.877,-45.67756,0.351857,0.0944421,0.6101164,-4.188744
230.9462,-45.66855,0.3517073,0.09444197,0.6101174,-4.189007
230.9954,-45.67827,0.3519109,0.09443133,0.6101295,-4.189193
231.0446,-45.68233,0.3520052,0.09442442,0.6101376,-4.189379
231.0938,-45.67744,0.351927,0.0944234,0.6101393,-4.189565
231.1429,-45.67364,0.3518701,0.09442165,0.6101417,-4.189752
231.1921,-45.67778,0.3519662,0.0944147,0.6101499,-4.189937
231.2413,-45.67938,0.3520134,0.0944094,0.6101562,-4.190123
231.2905,-45.677,0.3519838,0.09440673,0.6101596,-4.190309
231.3397,-45.6751,0.3519637,0.09440374,0.6101635,-4.190494
231.3999,-45.67884,0.3520558,0.09439611,0.6101725,-4.190721
231.4602,-45.67985,0.3520952,0.09439026,0.6101795,-4.190949
231.5205,-45.67523,0.3520264,0.09438811,0.6101825,-4.191176
231.5808,-45.67216,0.3519875,0.09438494,0.6101867,-4.191403
231.6493,-45.68314,0.3522212,0.0943719,0.6102016,-4.19166
231.7178,-45.68608,0.3523002,0.09436412,0.6102109,-4.191917
231.7863,-45.67085,0.3520305,0.09436821,0.6102072,-4.192175
231.8547,-45.66196,0.351883,0.09436814,0.6102081,-4.192432
231.9042,-45.67165,0.352086,0.09435755,0.6102201,-4.192617
231.9536,-45.67566,0.3521795,0.0943507,0.6102282,-4.192802
232.0031,-45.67064,0.3520989,0.09434979,0.6102297,-4.192987
232.0525,-45.66676,0.3520407,0.09434811,0.6102321,-4.193172
232.1019,-45.67101,0.3521391,0.09434109,0.6102403,-4.193357
232.1514,-45.67265,0.3521872,0.09433579,0.6102466,-4.193542
232.2008,-45.67014,0.3521554,0.09433322,0.61025,-4.193726
232.2503,-45.66816,0.3521339,0.09433029,0.6102537,-4.193911
232.3104,-45.67202,0.3522283,0.09432263,0.6102627,-4.194135
232.3705,-45.67307,0.3522686,0.0943168,0.6102698,-4.194359
232.4306,-45.66836,0.3521982,0.09431475,0.6102727,-4.194583
232.4907,-45.66524,0.3521581,0.09431167,0.6102767,-4.194807
232.5587,-45.67606,0.3523884,0.09429881,0.6102915,-4.195059
232.6267,-45.67898,0.3524669,0.09429113,0.6103006,-4.195312
232.6947,-45.66413,0.3522043,0.09429504,0.6102971,-4.195565
232.7626,-45.65542,0.3520599,0.09429493,0.610298,-4.195818
232.8243,-45.67755,0.3525042,0.09427528,0.6103201,-4.196045
232.8859,-45.68478,0.3526617,0.09426542,0.6103315,-4.196272
232.9475,-45.66051,0.3522159,0.09427608,0.6103206,-4.196502
233.0092,-45.64533,0.351946,0.09428075,0.6103162,-4.196731
233.0589,-45.66228,0.3522884,0.09426544,0.6103334,-4.196914
233.1086,-45.66944,0.3524416,0.0942566,0.6103436,-4.197097
233.1583,-45.66077,0.3522905,0.09425814,0.6103425,-4.197281
233.208,-45.65419,0.35218,0.09425829,0.6103429,-4.197465
233.2542,-45.6606,0.3523188,0.09425019,0.6103522,-4.197635
233.3004,-45.66341,0.3523881,0.09424445,0.610359,-4.197805
233.3467,-45.66108,0.3523585,0.09424209,0.6103621,-4.197975
233.3929,-45.65907,0.3523352,0.09423951,0.6103654,-4.198146
233.4472,-45.66228,0.3524148,0.09423283,0.6103733,-4.198345
233.5015,-45.66328,0.3524522,0.0942276,0.6103796,-4.198545
233.5558,-45.66029,0.3524127,0.09422498,0.610383,-4.198745
233.6101,-45.65812,0.352389,0.09422182,0.6103871,-4.198944
233.6763,-45.66426,0.3525287,0.09421224,0.6103982,-4.199186
233.7424,-45.66584,0.3525808,0.09420565,0.6104062,-4.199429
233.8085,-45.65734,0.3524391,0.09420564,0.6104069,-4.199672
233.8747,-45.65216,0.3523616,0.09420346,0.61041,-4.199914
233.9417,-45.6708,0.3527402,0.09418571,0.6104301,-4.200158
234.0088,-45.6762,0.3528646,0.09417663,0.6104407,-4.200403
234.0758,-45.65197,0.3524219,0.09418683,0.6104304,-4.200649
234.1429,-45.63773,0.3521718,0.09419045,0.6104272,-4.200895
234.1978,-45.66063,0.3526286,0.09417093,0.610449,-4.201094
234.2527,-45.6693,0.3528111,0.09416078,0.6104607,-4.201293
234.3076,-45.65136,0.3524833,0.09416802,0.6104534,-4.201494
234.3625,-45.63906,0.3522651,0.09417153,0.6104502,-4.201695
234.4083,-45.65008,0.3524918,0.09416052,0.6104627,-4.201861
234.4541,-45.65509,0.3526028,0.09415345,0.6104709,-4.202027
234.4999,-45.65166,0.3525514,0.09415192,0.6104731,-4.202193
234.5457,-45.64869,0.3525089,0.09415009,0.6104756,-4.20236
234.5945,-45.65255,0.3525992,0.09414352,0.6104833,-4.202537
234.6433,-45.65406,0.352644,0.09413849,0.6104893,-4.202714
234.6921,-45.65188,0.3526181,0.09413587,0.6104927,-4.202891
234.7409,-45.65014,0.3526005,0.09413297,0.6104964,-4.203067
234.8018,-45.65375,0.3526897,0.09412557,0.6105051,-4.203288
234.8627,-45.6547,0.3527277,0.09411991,0.610512,-4.203508
234.9236,-45.65011,0.3526595,0.09411787,0.6105149,-4.203728
234.9845,-45.64709,0.3526213,0.0941148,0.6105189,-4.203948
235.054,-45.65885,0.3528692,0.0941014,0.6105342,-4.204198
235.1234,-45.66197,0.3529511,0.09409364,0.6105434,-4.204449
235.1929,-45.64542,0.3526561,0.0940987,0.6105387,-4.2047
235.2624,-45.63589,0.3524961,0.09409916,0.610539,-4.204951
235.311,-45.64598,0.3527055,0.09408856,0.610551,-4.205125
235.3596,-45.65025,0.352803,0.09408177,0.610559,-4.205299
235.4082,-45.64552,0.3527272,0.0940809,0.6105605,-4.205474
235.4568,-45.64179,0.352671,0.09407935,0.6105627,-4.205649
235.5054,-45.64585,0.3527645,0.0940727,0.6105705,-4.205823
235.554,-45.64745,0.3528108,0.09406767,0.6105765,-4.205998
235.6026,-45.64525,0.352784,0.09406512,0.6105798,-4.206172
235.6513,-45.64349,0.3527655,0.0940623,0.6105834,-4.206346
235.7115,-45.64707,0.3528534,0.09405503,0.610592,-4.206562
235.7718,-45.64804,0.3528911,0.09404947,0.6105987,-4.206778
235.8321,-45.64361,0.3528251,0.09404744,0.6106016,-4.206994
235.8924,-45.64068,0.3527877,0.09404444,0.6106055,-4.207209
235.9616,-45.65183,0.3530231,0.09403156,0.6106203,-4.207455
236.0307,-45.65479,0.3531014,0.09402403,0.6106292,-4.207702
236.0998,-45.63919,0.3528238,0.0940286,0.610625,-4.207949
236.169,-45.63016,0.3526728,0.09402886,0.6106255,-4.208196
236.2181,-45.63996,0.3528764,0.09401848,0.6106373,-4.20837
236.2672,-45.64407,0.3529704,0.09401183,0.6106451,-4.208544
236.3163,-45.63917,0.3528914,0.09401108,0.6106465,-4.208719
236.3654,-45.63538,0.3528337,0.09400961,0.6106486,-4.208894
236.4146,-45.63956,0.3529295,0.09400291,0.6106564,-4.209068
236.4637,-45.64119,0.3529763,0.09399789,0.6106624,-4.209242
236.5128,-45.63882,0.352946,0.09399549,0.6106656,-4.209417
236.5619,-45.63694,0.3529253,0.09399276,0.6106691,-4.209591
236.6222,-45.64073,0.353017,0.09398544,0.6106777,-4.209804
236.6824,-45.64177,0.3530558,0.09397992,0.6106844,-4.210017
236.7426,-45.63715,0.3529861,0.0939781,0.610687,-4.21023
236.8028,-45.6341,0.3529464,0.09397525,0.6106908,-4.210443
236.8712,-45.64517,0.3531799,0.09396256,0.6107054,-4.210684
236.9396,-45.64815,0.3532583,0.09395514,0.6107142,-4.210925
237.008,-45.63289,0.3529872,0.09395961,0.6107101,-4.211167
237.0764,-45.62398,0.3528385,0.0939599,0.6107105,-4.211409
237.1258,-45.63375,0.3530414,0.09394957,0.6107223,-4.211582
237.1752,-45.6378,0.3531346,0.09394297,0.61073,-4.211756
237.2246,-45.63277,0.3530532,0.09394232,0.6107312,-4.21193
237.274,-45.6289,0.3529943,0.09394091,0.6107333,-4.212103
237.3233,-45.6332,0.3530923,0.09393415,0.6107412,-4.212277
237.3727,-45.63487,0.35314,0.09392911,0.6107472,-4.21245
237.4221,-45.63237,0.3531075,0.0939268,0.6107503,-4.212623
237.4715,-45.63041,0.3530853,0.09392413,0.6107537,-4.212796
237.5315,-45.63432,0.3531792,0.09391678,0.6107624,-4.213006
237.5916,-45.63541,0.3532189,0.09391128,0.610769,-4.213217
237.6516,-45.63071,0.3531475,0.09390955,0.6107715,-4.213427
237.7117,-45.6276,0.3531066,0.09390679,0.6107752,-4.213637
237.7795,-45.6385,0.3533366,0.09389428,0.6107896,-4.213873
237.8474,-45.64148,0.3534144,0.09388696,0.6107983,-4.21411
237.9153,-45.6266,0.3531504,0.09389125,0.6107943,-4.214348
237.9832,-45.61788,0.3530047,0.09389151,0.6107948,-4.214585
238.0448,-45.64014,0.3534493,0.09387217,0.6108165,-4.214798
238.1064,-45.64744,0.3536065,0.09386263,0.6108276,-4.215012
238.1679,-45.62309,0.3531589,0.09387365,0.6108162,-4.215227
238.2295,-45.60787,0.3528876,0.09387866,0.6108114,-4.215442
238.2791,-45.62493,0.3532303,0.0938636,0.6108284,-4.215613
238.3288,-45.63214,0.3533832,0.09385501,0.6108383,-4.215785
238.3784,-45.62345,0.3532311,0.09385683,0.6108368,-4.215958
238.4281,-45.61686,0.3531197,0.09385725,0.6108369,-4.21613
238.4743,-45.62333,0.3532583,0.09384939,0.6108459,-4.21629
238.5204,-45.62618,0.3533272,0.0938439,0.6108524,-4.21645
238.5666,-45.62386,0.353297,0.09384178,0.6108552,-4.21661
238.6128,-45.62187,0.3532731,0.09383945,0.6108582,-4.216769
238.667,-45.62511,0.3533523,0.09383306,0.6108658,-4.216957
238.7213,-45.62615,0.3533891,0.09382811,0.6108718,-4.217144
238.7755,-45.62317,0.3533488,0.09382578,0.6108749,-4.217331
238.8298,-45.62101,0.3533244,0.09382291,0.6108786,-4.217519
238.8958,-45.62721,0.3534637,0.09381367,0.6108894,-4.217746
238.9619,-45.62883,0.3535152,0.09380743,0.6108969,-4.217973
239.0279,-45.62032,0.3533724,0.09380778,0.6108972,-4.218201
239.094,-45.61515,0.3532939,0.09380595,0.6108999,-4.218428
239.161,-45.63391,0.3536727,0.09378853,0.6109196,-4.218657
239.2279,-45.63936,0.3537966,0.09377979,0.6109298,-4.218887
239.2949,-45.61505,0.3533521,0.09379035,0.610919,-4.219118
239.3619,-45.60079,0.3531007,0.09379434,0.6109154,-4.219349
239.4168,-45.62381,0.3535579,0.09377508,0.610937,-4.219535
239.4716,-45.63255,0.3537402,0.0937652,0.6109483,-4.219722
239.5264,-45.61455,0.353411,0.09377275,0.6109407,-4.219911
239.5813,-45.60222,0.3531916,0.09377654,0.6109371,-4.220099
239.627,-45.61331,0.3534184,0.09376576,0.6109494,-4.220255
239.6728,-45.61837,0.3535292,0.09375892,0.6109573,-4.220411
239.7185,-45.61495,0.3534771,0.09375763,0.6109592,-4.220567
239.7643,-45.61198,0.353434,0.09375604,0.6109614,-4.220723
239.813,-45.61589,0.3535239,0.09374971,0.6109688,-4.220889
239.8618,-45.61742,0.3535683,0.09374493,0.6109745,-4.221055
239.9105,-45.61526,0.3535418,0.09374256,0.6109776,-4.221221
239.9593,-45.61353,0.3535235,0.09373991,0.610981,-4.221387
240.0201,-45.61719,0.3536123,0.09373282,0.6109894,-4.221594
240.0809,-45.61817,0.3536497,0.09372747,0.6109959,-4.2218
240.1417,-45.6136,0.3535805,0.09372574,0.6109984,-4.222007
240.2026,-45.61059,0.3535415,0.09372299,0.6110021,-4.222214
240.2719,-45.62244,0.3537892,0.09370993,0.611017,-4.222448
240.3413,-45.62561,0.3538705,0.09370253,0.6110258,-4.222683
240.4107,-45.60902,0.353574,0.09370796,0.6110206,-4.222919
240.4801,-45.59948,0.3534128,0.09370879,0.6110205,-4.223154
240.5287,-45.60963,0.3536221,0.09369842,0.6110323,-4.223317
240.5772,-45.61395,0.3537193,0.09369188,0.6110399,-4.223481
240.6258,-45.60922,0.3536427,0.09369125,0.6110411,-4.223645
240.6743,-45.6055,0.3535858,0.09368996,0.611043,-4.223809
240.7229,-45.6096,0.353679,0.09368356,0.6110505,-4.223973
240.7715,-45.61123,0.3537248,0.09367877,0.6110562,-4.224136
240.82,-45.60905,0.3536973,0.09367648,0.6110593,-4.2243
240.8686,-45.6073,0.3536782,0.09367391,0.6110626,-4.224464
240.9288,-45.61093,0.3537657,0.09366694,0.6110708,-4.224666
240.989,-45.61193,0.3538027,0.09366169,0.6110772,-4.224868
241.0492,-45.60751,0.3537358,0.09365998,0.6110797,-4.225071
241.1095,-45.60459,0.3536977,0.09365729,0.6110832,-4.225273
241.1785,-45.61583,0.3539329,0.09364475,0.6110976,-4.225504
241.2476,-45.61884,0.3540105,0.09363757,0.6111062,-4.225735
241.3166,-45.60319,0.3537315,0.0936425,0.6111015,-4.225967
241.3857,-45.59416,0.3535793,0.09364312,0.6111015,-4.226199
241.4347,-45.60403,0.3537829,0.09363298,0.6111131,-4.226362
241.4838,-45.60817,0.3538765,0.09362658,0.6111206,-4.226526
241.5329,-45.60327,0.3537968,0.09362609,0.6111217,-4.22669
241.582,-45.59949,0.3537384,0.09362486,0.6111235,-4.226854
241.631,-45.60371,0.3538339,0.09361841,0.611131,-4.227017
241.6801,-45.60538,0.3538803,0.09361363,0.6111368,-4.227181
241.7292,-45.60301,0.3538493,0.09361148,0.6111396,-4.227344
241.7783,-45.60114,0.353828,0.093609,0.6111428,-4.227508
241.8384,-45.60498,0.3539192,0.09360198,0.6111511,-4.227708
241.8985,-45.60606,0.3539575,0.09359676,0.6111574,-4.227908
241.9587,-45.60145,0.353887,0.09359524,0.6111597,-4.228108
242.0188,-45.5984,0.3538465,0.0935927,0.6111631,-4.228308
242.0872,-45.60956,0.3540798,0.09358033,0.6111773,-4.228534
242.1555,-45.61259,0.3541577,0.09357325,0.6111857,-4.22876
242.2238,-45.59728,0.3538851,0.09357807,0.6111812,-4.228987
242.2921,-45.58837,0.3537353,0.09357872,0.6111812,-4.229214
242.3415,-45.5982,0.3539382,0.09356862,0.6111927,-4.229376
242.3908,-45.6023,0.354031,0.09356226,0.6112002,-4.229539
242.4401,-45.59727,0.3539489,0.09356186,0.6112011,-4.229702
242.4895,-45.5934,0.3538892,0.0935607,0.6112029,-4.229865
242.5388,-45.59774,0.353987,0.09355418,0.6112105,-4.230028
242.5881,-45.59945,0.3540342,0.09354938,0.6112162,-4.23019
242.6375,-45.59696,0.3540011,0.09354731,0.611219,-4.230353
242.6868,-45.59501,0.3539782,0.09354489,0.6112221,-4.230516
242.7468,-45.59897,0.3540717,0.09353783,0.6112305,-4.230713
242.8067,-45.60009,0.3541109,0.09353262,0.6112368,-4.23091
242.8667,-45.5954,0.3540386,0.0935312,0.6112389,-4.231107
242.9267,-45.5923,0.3539969,0.09352874,0.6112422,-4.231304
242.9945,-45.60329,0.3542267,0.09351656,0.6112562,-4.231526
243.0623,-45.6063,0.3543039,0.09350956,0.6112645,-4.231748
243.1301,-45.59139,0.3540385,0.0935142,0.6112602,-4.231971
243.198,-45.58266,0.3538917,0.09351481,0.6112602,-4.232194
243.2594,-45.60506,0.3543366,0.09349575,0.6112816,-4.232394
243.3209,-45.61241,0.3544934,0.09348651,0.6112923,-4.232594
243.3824,-45.58798,0.3540442,0.09349785,0.6112806,-4.232796
243.4439,-45.57273,0.3537716,0.09350318,0.6112754,-4.232998
243.4935,-45.58989,0.3541145,0.09348835,0.6112921,-4.233159
243.5431,-45.59715,0.3542672,0.09348,0.6113017,-4.23332
243.5927,-45.58845,0.3541141,0.09348207,0.6113,-4.233482
243.6423,-45.58185,0.3540019,0.09348274,0.6112997,-4.233644
243.6884,-45.58838,0.3541404,0.0934751,0.6113085,-4.233794
243.7346,-45.59125,0.354209,0.09346983,0.6113148,-4.233943
243.7807,-45.58894,0.3541781,0.09346795,0.6113173,-4.234094
243.8268,-45.58696,0.3541536,0.09346584,0.61132,-4.234243
243.881,-45.59025,0.3542324,0.09345971,0.6113273,-4.234419
243.9352,-45.59132,0.3542688,0.09345502,0.611333,-4.234595
243.9894,-45.58835,0.3542278,0.09345296,0.6113358,-4.234771
244.0436,-45.58621,0.3542027,0.09345036,0.6113391,-4.234946
244.1096,-45.59246,0.3543416,0.09344144,0.6113495,-4.23516
244.1755,-45.59412,0.3543925,0.09343551,0.6113567,-4.235373
244.2415,-45.5856,0.3542486,0.0934362,0.6113566,-4.235587
244.3075,-45.58044,0.3541692,0.09343469,0.6113589,-4.2358
244.3744,-45.5993,0.3545481,0.09341758,0.6113783,-4.236015
244.4413,-45.60481,0.3546716,0.09340916,0.6113881,-4.23623
244.5082,-45.58043,0.3542254,0.09342007,0.6113769,-4.236448
244.5751,-45.56613,0.3539727,0.09342439,0.6113729,-4.236664
244.6299,-45.58928,0.3544303,0.09340538,0.6113942,-4.236839
244.6847,-45.59808,0.3546125,0.09339575,0.6114052,-4.237014
244.7395,-45.58003,0.3542819,0.09340358,0.6113972,-4.237191
244.7943,-45.56767,0.3540614,0.09340765,0.6113933,-4.237368
244.84,-45.57883,0.3542883,0.09339707,0.6114054,-4.237514
244.8857,-45.58393,0.3543988,0.09339045,0.611413,-4.23766
244.9314,-45.58051,0.3543461,0.09338938,0.6114147,-4.237807
244.9771,-45.57755,0.3543023,0.09338801,0.6114166,-4.237954
245.0258,-45.5815,0.354392,0.09338191,0.6114238,-4.238109
245.0745,-45.58306,0.3544359,0.09337736,0.6114292,-4.238265
245.1232,-45.58092,0.3544088,0.09337523,0.611432,-4.238421
245.1719,-45.5792,0.35439,0.09337281,0.6114352,-4.238577
245.2326,-45.5829,0.3544783,0.09336601,0.6114432,-4.23877
245.2934,-45.58392,0.3545151,0.09336094,0.6114493,-4.238964
245.3541,-45.57935,0.3544451,0.09335951,0.6114515,-4.239158
245.4149,-45.57636,0.3544054,0.09335705,0.6114548,-4.239352
245.4842,-45.58829,0.3546529,0.09334431,0.6114694,-4.239572
245.5535,-45.5915,0.3547336,0.09333724,0.6114778,-4.239792
245.6228,-45.57487,0.3544357,0.09334301,0.6114722,-4.240014
245.6921,-45.56532,0.3542734,0.09334418,0.6114716,-4.240235
245.7407,-45.57554,0.3544826,0.09333404,0.6114832,-4.240388
245.7892,-45.5799,0.3545795,0.09332772,0.6114906,-4.240542
245.8377,-45.57517,0.3545022,0.09332733,0.6114915,-4.240696
245.8862,-45.57146,0.3544446,0.09332627,0.6114931,-4.24085
245.9347,-45.5756,0.3545375,0.0933201,0.6115004,-4.241003
245.9832,-45.57726,0.3545829,0.09331554,0.6115058,-4.241156
246.0317,-45.57509,0.3545548,0.09331348,0.6115085,-4.24131
246.0802,-45.57335,0.3545351,0.09331114,0.6115116,-4.241464
246.1404,-45.57703,0.3546222,0.09330445,0.6115195,-4.241653
246.2005,-45.57806,0.3546586,0.09329949,0.6115255,-4.241843
246.2607,-45.57365,0.3545909,0.09329806,0.6115277,-4.242033
246.3209,-45.57074,0.354552,0.09329566,0.6115309,-4.242223
246.3898,-45.58205,0.354787,0.09328344,0.6115449,-4.24244
246.4588,-45.58511,0.3548641,0.09327658,0.6115531,-4.242657
246.5278,-45.56943,0.3545837,0.09328185,0.611548,-4.242875
246.5968,-45.56038,0.3544305,0.09328281,0.6115477,-4.243092
246.6458,-45.57032,0.354634,0.09327289,0.611559,-4.243245
246.6948,-45.5745,0.3547273,0.09326672,0.6115662,-4.243399
246.7438,-45.5696,0.3546468,0.09326646,0.611567,-4.243553
246.7928,-45.56582,0.3545878,0.09326547,0.6115685,-4.243707
246.8419,-45.57008,0.354683,0.09325924,0.6115758,-4.24386
246.8909,-45.57178,0.3547289,0.09325469,0.6115813,-4.244013
246.9399,-45.56943,0.3546974,0.09325277,0.6115839,-4.244167
246.9889,-45.56757,0.3546755,0.09325052,0.6115868,-4.24432
247.049,-45.57145,0.3547663,0.09324377,0.6115948,-4.244508
247.1091,-45.57256,0.3548041,0.09323883,0.6116007,-4.244695
247.1692,-45.56795,0.3547327,0.0932376,0.6116027,-4.244883
247.2293,-45.56492,0.3546915,0.09323534,0.6116057,-4.245071
247.2975,-45.57615,0.3549246,0.09322328,0.6116196,-4.245283
247.3658,-45.57923,0.3550019,0.09321652,0.6116276,-4.245495
247.434,-45.56389,0.3547281,0.09322167,0.6116227,-4.245708
247.5023,-45.55497,0.3545772,0.09322263,0.6116223,-4.245921
247.5515,-45.56486,0.35478,0.09321275,0.6116336,-4.246074
247.6008,-45.569,0.3548726,0.09320662,0.6116408,-4.246226
247.6501,-45.56397,0.3547897,0.09320645,0.6116414,-4.24638
247.6994,-45.56011,0.3547294,0.09320552,0.6116429,-4.246533
247.7487,-45.56449,0.3548269,0.09319922,0.6116503,-4.246685
247.798,-45.56622,0.3548737,0.09319465,0.6116558,-4.246838
247.8473,-45.56375,0.3548399,0.09319281,0.6116582,-4.24699
247.8965,-45.56181,0.3548165,0.09319062,0.6116611,-4.247143
247.9564,-45.56581,0.3549096,0.09318384,0.6116691,-4.247328
248.0164,-45.56697,0.3549482,0.0931789,0.6116751,-4.247513
248.0763,-45.56228,0.3548751,0.09317776,0.6116769,-4.247698
248.1362,-45.55919,0.3548327,0.09317557,0.6116799,-4.247883
248.2039,-45.57025,0.3550623,0.09316369,0.6116935,-4.248091
248.2717,-45.57331,0.355139,0.09315701,0.6117015,-4.2483
248.3394,-45.55837,0.3548723,0.09316197,0.6116967,-4.248509
248.4072,-45.54963,0.3547245,0.0931629,0.6116964,-4.248718
248.4686,-45.57214,0.3551696,0.09314411,0.6117175,-4.248905
248.53,-45.57955,0.3553261,0.09313514,0.6117279,-4.249093
248.5914,-45.55505,0.3548754,0.09314678,0.6117158,-4.249283
248.6529,-45.53976,0.3546016,0.0931524,0.6117102,-4.249473
248.7024,-45.55702,0.3549447,0.09313778,0.6117267,-4.249623
248.752,-45.56433,0.3550972,0.09312965,0.6117361,-4.249775
248.8015,-45.55561,0.3549432,0.09313195,0.611734,-4.249927
248.8511,-45.54901,0.3548302,0.09313286,0.6117335,-4.250079
248.8972,-45.55558,0.3549686,0.09312542,0.6117421,-4.250219
248.9432,-45.55849,0.3550368,0.09312036,0.6117481,-4.25036
248.9893,-45.55619,0.3550054,0.09311869,0.6117503,-4.250501
249.0354,-45.55422,0.3549803,0.09311679,0.6117528,-4.250641
249.0895,-45.55754,0.3550588,0.09311091,0.6117598,-4.250806
249.1437,-45.55864,0.3550947,0.09310646,0.6117652,-4.250971
249.1978,-45.55568,0.355053,0.09310465,0.6117677,-4.251136
249.2519,-45.55355,0.3550273,0.0931023,0.6117708,-4.251301
249.3179,-45.55986,0.3551658,0.09309367,0.6117808,-4.251501
249.3838,-45.56156,0.3552161,0.09308804,0.6117876,-4.251701
249.4497,-45.55303,0.3550713,0.09308903,0.6117872,-4.251902
249.5156,-45.54787,0.354991,0.09308782,0.6117891,-4.252102
249.5824,-45.56684,0.35537,0.093071,0.6118082,-4.252304
249.6493,-45.5724,0.3554931,0.09306287,0.6118177,-4.252506
249.7161,-45.54795,0.3550452,0.09307411,0.611806,-4.25271
249.7829,-45.53363,0.3547914,0.09307874,0.6118016,-4.252913
249.8377,-45.55689,0.3552494,0.09305995,0.6118227,-4.253077
249.8924,-45.56575,0.3554314,0.09305057,0.6118335,-4.253241
249.9471,-45.54765,0.3550996,0.09305865,0.6118251,-4.253408
250.0019,-45.53526,0.3548781,0.09306298,0.6118209,-4.253574
250.0475,-45.54649,0.3551049,0.09305259,0.6118327,-4.253711
250.0932,-45.55163,0.3552152,0.09304617,0.6118402,-4.253848
250.1388,-45.54821,0.3551619,0.09304531,0.6118416,-4.253986
250.1845,-45.54526,0.3551176,0.09304415,0.6118433,-4.254123
250.2331,-45.54924,0.3552069,0.09303826,0.6118502,-4.254269
250.2818,-45.55084,0.3552505,0.09303393,0.6118554,-4.254415
250.3304,-45.5487,0.3552228,0.09303201,0.6118579,-4.254562
250.3791,-45.547,0.3552034,0.09302982,0.6118608,-4.254708
250.4398,-45.55074,0.3552913,0.09302327,0.6118685,-4.25489
250.5005,-45.55178,0.3553276,0.09301848,0.6118743,-4.255072
250.5612,-45.54722,0.3552569,0.09301732,0.6118762,-4.255254
250.6219,-45.54424,0.3552164,0.09301513,0.6118791,-4.255436
250.6911,-45.55625,0.3554638,0.09300269,0.6118934,-4.255642
250.7604,-45.55951,0.3555439,0.09299592,0.6119015,-4.255849
250.8296,-45.54284,0.3552446,0.09300202,0.6118955,-4.256057
250.8988,-45.53328,0.3550813,0.0930035,0.6118945,-4.256264
250.9473,-45.54356,0.3552905,0.09299356,0.6119058,-4.256408
250.9958,-45.54796,0.3553871,0.09298746,0.611913,-4.256552
251.0442,-45.54323,0.3553091,0.09298729,0.6119136,-4.256697
251.0927,-45.53952,0.3552509,0.09298644,0.611915,-4.256841
251.1411,-45.5437,0.3553435,0.09298048,0.611922,-4.256985
251.1896,-45.54539,0.3553885,0.09297613,0.6119272,-4.257129
251.2381,-45.54323,0.3553599,0.09297429,0.6119296,-4.257273
251.2865,-45.5415,0.3553396,0.09297216,0.6119324,-4.257417
251.3466,-45.54522,0.3554263,0.09296574,0.61194,-4.257596
251.4067,-45.54628,0.3554622,0.09296104,0.6119457,-4.257774
251.4668,-45.54187,0.3553938,0.09295988,0.6119476,-4.257952
251.5269,-45.53898,0.3553542,0.09295775,0.6119505,-4.25813
251.5958,-45.55037,0.3555889,0.09294582,0.6119642,-4.258333
251.6647,-45.55346,0.3556655,0.09293926,0.611972,-4.258537
251.7336,-45.53775,0.3553838,0.09294485,0.6119665,-4.258742
251.8026,-45.5287,0.3552296,0.09294611,0.6119658,-4.258946
251.8515,-45.53869,0.3554331,0.09293639,0.6119769,-4.25909
251.9005,-45.54291,0.3555261,0.09293043,0.6119838,-4.259234
251.9495,-45.53802,0.3554449,0.09293039,0.6119844,-4.259378
251.9985,-45.53423,0.3553853,0.09292962,0.6119857,-4.259523
252.0474,-45.53854,0.3554802,0.0929236,0.6119927,-4.259667
252.0964,-45.54026,0.3555258,0.09291926,0.6119979,-4.259811
252.1454,-45.53792,0.3554937,0.09291755,0.6120002,-4.259955
252.1944,-45.53607,0.3554712,0.09291552,0.6120029,-4.260099
252.2544,-45.54,0.3555617,0.09290903,0.6120106,-4.260275
252.3144,-45.54113,0.3555989,0.09290435,0.6120162,-4.260451
252.3744,-45.53653,0.3555268,0.09290338,0.6120179,-4.260627
252.4344,-45.53351,0.3554849,0.09290138,0.6120206,-4.260803
252.5026,-45.54482,0.3557178,0.09288961,0.6120341,-4.261002
252.5708,-45.54793,0.3557946,0.09288314,0.6120418,-4.261201
252.639,-45.53256,0.3555195,0.0928886,0.6120365,-4.261401
252.7072,-45.52364,0.3553676,0.09288987,0.6120357,-4.261601
252.7564,-45.53359,0.3555704,0.09288019,0.6120468,-4.261744
252.8056,-45.53776,0.3556627,0.09287426,0.6120537,-4.261887
252.8549,-45.53273,0.3555791,0.09287431,0.6120541,-4.262031
252.9041,-45.52887,0.3555182,0.0928736,0.6120554,-4.262175
252.9534,-45.53329,0.3556154,0.09286751,0.6120625,-4.262318
253.0026,-45.53505,0.3556619,0.09286314,0.6120677,-4.262461
253.0518,-45.53259,0.3556275,0.09286152,0.61207,-4.262605
253.1011,-45.53066,0.3556036,0.09285954,0.6120726,-4.262748
253.1609,-45.5347,0.3556963,0.09285301,0.6120803,-4.262921
253.2208,-45.53589,0.3557344,0.09284833,0.612086,-4.263095
253.2806,-45.5312,0.3556605,0.09284744,0.6120875,-4.263269
253.3405,-45.52813,0.3556174,0.09284552,0.6120901,-4.263442
253.4082,-45.53926,0.3558468,0.09283392,0.6121034,-4.263638
253.4758,-45.54236,0.355923,0.09282752,0.6121111,-4.263833
253.5435,-45.52739,0.3556551,0.09283279,0.6121059,-4.26403
253.6112,-45.51864,0.3555063,0.09283401,0.6121052,-4.264226
253.6726,-45.54126,0.3559518,0.09281546,0.6121261,-4.264402
253.7339,-45.54873,0.356108,0.09280675,0.6121362,-4.264578
253.7953,-45.52416,0.3556557,0.09281867,0.6121237,-4.264757
253.8567,-45.50884,0.3553808,0.09282456,0.6121178,-4.264935
253.9062,-45.52618,0.3557241,0.09281014,0.6121341,-4.265076
253.9557,-45.53354,0.3558765,0.09280221,0.6121432,-4.265218
254.0052,-45.52481,0.3557217,0.09280473,0.6121409,-4.265361
254.0547,-45.5182,0.355608,0.09280586,0.6121401,-4.265503
254.1007,-45.52481,0.3557461,0.0927986,0.6121485,-4.265635
254.1468,-45.52775,0.3558141,0.09279374,0.6121542,-4.265767
254.1928,-45.52546,0.3557821,0.09279226,0.6121562,-4.265899
254.2388,-45.5235,0.3557566,0.09279056,0.6121585,-4.266031
254.2929,-45.52686,0.3558347,0.0927849,0.6121652,-4.266186
254.347,-45.52798,0.3558701,0.09278069,0.6121703,-4.266341
254.4011,-45.52503,0.3558278,0.09277911,0.6121725,-4.266496
254.4552,-45.52292,0.3558015,0.09277698,0.6121754,-4.266651
254.521,-45.52928,0.3559398,0.09276863,0.6121851,-4.266838
254.5869,-45.53101,0.3559895,0.09276327,0.6121916,-4.267026
254.6527,-45.52247,0.3558437,0.09276454,0.6121908,-4.267215
254.7186,-45.51732,0.3557626,0.09276362,0.6121924,-4.267403
254.7853,-45.53639,0.3561418,0.09274706,0.6122111,-4.267592
254.8521,-45.54199,0.3562644,0.09273921,0.6122203,-4.267781
254.9189,-45.51748,0.3558151,0.09275074,0.6122083,-4.267973
254.9856,-45.50313,0.35556,0.09275567,0.6122035,-4.268163
255.0403,-45.5265,0.3560184,0.09273709,0.6122244,-4.268317
255.095,-45.53541,0.3562002,0.09272793,0.6122349,-4.268472
255.1497,-45.51727,0.3558673,0.09273625,0.6122263,-4.268628
255.2044,-45.50486,0.3556448,0.09274081,0.6122218,-4.268784
255.25,-45.51614,0.3558717,0.09273061,0.6122333,-4.268912
255.2956,-45.52132,0.3559818,0.09272437,0.6122406,-4.269041
255.3412,-45.51791,0.3559279,0.09272371,0.6122417,-4.26917
255.3868,-45.51496,0.355883,0.09272274,0.6122432,-4.269299
255.4354,-45.51898,0.3559721,0.09271705,0.6122499,-4.269437
255.484,-45.5206,0.3560153,0.09271291,0.6122548,-4.269574
255.5326,-45.51847,0.3559871,0.0927112,0.6122571,-4.269711
255.5813,-45.51678,0.3559672,0.09270921,0.6122598,-4.269848
255.6419,-45.52056,0.3560547,0.09270291,0.6122672,-4.270019
255.7025,-45.52163,0.3560905,0.09269837,0.6122727,-4.27019
255.7632,-45.51708,0.356019,0.09269747,0.6122743,-4.270361
255.8238,-45.51411,0.3559778,0.09269553,0.6122769,-4.270531
255.893,-45.5262,0.3562251,0.09268336,0.6122909,-4.270725
255.9621,-45.52949,0.3563048,0.09267688,0.6122986,-4.270919
256.0313,-45.51278,0.3560042,0.09268328,0.6122922,-4.271114
256.1005,-45.50322,0.3558399,0.09268505,0.6122909,-4.271309
256.1489,-45.51356,0.3560491,0.09267531,0.612302,-4.271444
256.1973,-45.51799,0.3561454,0.09266939,0.6123089,-4.271579
256.2458,-45.51326,0.3560668,0.09266943,0.6123093,-4.271715
256.2942,-45.50955,0.356008,0.09266879,0.6123104,-4.271851
256.3426,-45.51377,0.3561003,0.09266302,0.6123172,-4.271986
256.391,-45.51548,0.356145,0.09265887,0.6123222,-4.272121
256.4394,-45.51333,0.3561158,0.09265723,0.6123244,-4.272256
256.4878,-45.51162,0.356095,0.0926553,0.6123269,-4.272391
256.5479,-45.51537,0.3561813,0.09264912,0.6123342,-4.272559
256.6079,-45.51646,0.3562168,0.09264466,0.6123397,-4.272726
256.668,-45.51206,0.3561476,0.09264375,0.6123412,-4.272893
256.728,-45.50918,0.3561074,0.09264187,0.6123438,-4.273061
256.7969,-45.52064,0.356342,0.09263021,0.6123572,-4.273251
256.8657,-45.52377,0.356418,0.09262393,0.6123647,-4.273442
256.9345,-45.50803,0.3561351,0.09262981,0.6123588,-4.273635
257.0034,-45.49897,0.35598,0.09263136,0.6123578,-4.273826
257.0523,-45.50902,0.3561834,0.09262183,0.6123686,-4.273961
257.1012,-45.51328,0.3562762,0.09261607,0.6123754,-4.274096
257.1502,-45.50838,0.3561944,0.09261623,0.6123756,-4.274232
257.1991,-45.5046,0.3561341,0.09261566,0.6123767,-4.274368
257.248,-45.50894,0.3562288,0.09260984,0.6123835,-4.274503
257.297,-45.51069,0.356274,0.09260569,0.6123885,-4.274638
257.3459,-45.50835,0.3562414,0.09260418,0.6123906,-4.274773
257.3948,-45.50652,0.3562184,0.09260235,0.612393,-4.274908
257.4548,-45.51048,0.3563085,0.0925961,0.6124004,-4.275073
257.5148,-45.51164,0.3563453,0.09259166,0.6124058,-4.275239
257.5747,-45.50705,0.3562724,0.09259094,0.6124071,-4.275404
257.6347,-45.50404,0.3562298,0.09258919,0.6124095,-4.275569
257.7028,-45.51541,0.3564626,0.09257768,0.6124228,-4.275756
257.7709,-45.51857,0.356539,0.09257148,0.6124301,-4.275943
257.839,-45.50316,0.3562627,0.09257722,0.6124245,-4.276131
257.9072,-45.49423,0.3561099,0.09257877,0.6124234,-4.276319
257.9564,-45.50424,0.3563126,0.09256928,0.6124342,-4.276453
258.0055,-45.50845,0.3564046,0.09256355,0.6124409,-4.276587
258.0547,-45.50342,0.3563204,0.0925638,0.612441,-4.276722
258.1039,-45.49956,0.3562589,0.09256329,0.612442,-4.276857
258.1531,-45.50402,0.3563559,0.09255739,0.6124489,-4.276991
258.2023,-45.50581,0.3564019,0.09255322,0.6124539,-4.277126
258.2515,-45.50335,0.3563671,0.09255179,0.6124559,-4.27726
258.3007,-45.50143,0.3563426,0.09255001,0.6124583,-4.277395
258.3605,-45.50551,0.356435,0.09254372,0.6124657,-4.277558
258.4203,-45.50673,0.3564726,0.09253927,0.6124711,-4.277721
258.4801,-45.50205,0.356398,0.09253863,0.6124724,-4.277884
258.5399,-45.49898,0.3563542,0.09253695,0.6124747,-4.278047
258.6075,-45.51018,0.3565835,0.09252561,0.6124877,-4.27823
258.6751,-45.51332,0.3566592,0.09251948,0.612495,-4.278414
258.7427,-45.49832,0.3563902,0.09252502,0.6124896,-4.278598
258.8104,-45.48957,0.3562405,0.09252652,0.6124885,-4.278783
258.8717,-45.51229,0.3566862,0.0925082,0.6125091,-4.278947
258.933,-45.5198,0.3568421,0.09249973,0.6125189,-4.279113
258.9943,-45.49517,0.3563885,0.09251191,0.6125061,-4.279281
259.0556,-45.47982,0.3561125,0.09251805,0.6124999,-4.279448
259.1051,-45.49724,0.356456,0.09250381,0.612516,-4.27958
259.1545,-45.50465,0.3566082,0.09249608,0.6125249,-4.279713
259.204,-45.4959,0.3564527,0.0924988,0.6125223,-4.279848
259.2534,-45.48928,0.3563383,0.09250012,0.6125213,-4.279982
259.2994,-45.49594,0.3564763,0.09249305,0.6125294,-4.280105
259.3455,-45.49891,0.356544,0.09248836,0.612535,-4.280229
259.3915,-45.49662,0.3565115,0.09248706,0.6125368,-4.280353
259.4375,-45.49467,0.3564855,0.09248555,0.6125389,-4.280477
259.4915,-45.49806,0.3565632,0.0924801,0.6125453,-4.280622
259.5455,-45.49921,0.3565983,0.09247609,0.6125502,-4.280768
259.5996,-45.49627,0.3565554,0.09247473,0.6125521,-4.280913
259.6536,-45.49417,0.3565285,0.09247282,0.6125547,-4.281058
259.7194,-45.50058,0.3566665,0.09246471,0.6125641,-4.281235
259.7852,-45.50234,0.3567157,0.09245961,0.6125703,-4.281411
259.851,-45.49379,0.356569,0.09246115,0.6125692,-4.281588
259.9167,-45.48865,0.3564872,0.09246049,0.6125705,-4.281764
259.9834,-45.50781,0.3568664,0.09244418,0.6125889,-4.281942
260.0502,-45.51346,0.3569887,0.09243658,0.6125978,-4.28212
260.1169,-45.48889,0.356538,0.09244839,0.6125854,-4.2823
260.1836,-45.47451,0.3562819,0.09245359,0.6125803,-4.282479
260.2382,-45.49799,0.3567406,0.0924352,0.612601,-4.282623
260.2928,-45.50695,0.3569223,0.09242625,0.6126112,-4.282768
260.3475,-45.48876,0.3565882,0.0924348,0.6126023,-4.282915
260.4021,-45.47632,0.3563648,0.09243958,0.6125976,-4.283061
260.4477,-45.48767,0.3565917,0.09242954,0.6126089,-4.283181
260.4933,-45.49288,0.3567016,0.09242348,0.612616,-4.283302
260.5388,-45.48947,0.3566472,0.092423,0.6126169,-4.283424
260.5844,-45.48653,0.3566018,0.0924222,0.6126182,-4.283545
260.633,-45.49058,0.3566907,0.0924167,0.6126246,-4.283674
260.6815,-45.49222,0.3567335,0.09241275,0.6126294,-4.283802
260.7301,-45.49011,0.3567048,0.09241123,0.6126314,-4.283931
260.7787,-45.48843,0.3566844,0.09240942,0.6126338,-4.28406
260.8393,-45.49224,0.3567716,0.09240336,0.612641,-4.28422
260.8998,-45.49334,0.3568069,0.09239905,0.6126462,-4.284381
260.9604,-45.48879,0.3567347,0.09239838,0.6126475,-4.284541
261.021,-45.48584,0.3566929,0.09239668,0.6126499,-4.284702
261.0901,-45.49799,0.35694,0.09238477,0.6126635,-4.284883
261.1592,-45.50132,0.3570192,0.09237855,0.6126709,-4.285065
261.2283,-45.48458,0.3567175,0.09238523,0.6126642,-4.285249
261.2975,-45.475,0.3565522,0.09238727,0.6126625,-4.285431
261.3458,-45.4854,0.3567614,0.0923777,0.6126734,-4.285558
261.3942,-45.48987,0.3568575,0.09237197,0.6126801,-4.285685
261.4426,-45.48513,0.3567783,0.0923722,0.6126803,-4.285813
261.491,-45.48144,0.3567189,0.09237175,0.6126812,-4.28594
261.5393,-45.48568,0.356811,0.09236616,0.6126878,-4.286067
261.5877,-45.48742,0.3568553,0.09236219,0.6126925,-4.286194
261.6361,-45.48528,0.3568257,0.09236073,0.6126945,-4.286321
261.6845,-45.48358,0.3568044,0.092359,0.6126968,-4.286448
261.7445,-45.48737,0.3568904,0.09235304,0.6127039,-4.286605
261.8044,-45.48849,0.3569254,0.09234881,0.612709,-4.286761
261.8644,-45.48409,0.3568555,0.09234813,0.6127103,-4.286919
261.9244,-45.48122,0.3568146,0.09234648,0.6127126,-4.287076
261.9932,-45.49274,0.3570491,0.09233507,0.6127257,-4.287255
262.062,-45.49591,0.3571247,0.09232905,0.6127329,-4.287434
262.1308,-45.48014,0.3568407,0.09233521,0.6127267,-4.287614
262.1995,-45.47107,0.3566846,0.09233703,0.6127253,-4.287794
262.2484,-45.48118,0.356888,0.09232767,0.612736,-4.287921
262.2973,-45.48546,0.3569805,0.09232209,0.6127425,-4.288048
262.3462,-45.48056,0.3568981,0.09232244,0.6127425,-4.288175
262.3951,-45.47679,0.3568373,0.09232206,0.6127433,-4.288303
262.444,-45.48116,0.3569318,0.09231641,0.6127499,-4.288429
262.4929,-45.48294,0.3569766,0.09231245,0.6127547,-4.288556
262.5418,-45.48061,0.3569435,0.09231113,0.6127566,-4.288683
262.5907,-45.47879,0.35692,0.09230949,0.6127588,-4.28881
262.6506,-45.48279,0.3570098,0.09230346,0.6127659,-4.288965
262.7105,-45.48397,0.3570461,0.09229924,0.612771,-4.28912
262.7704,-45.47938,0.3569726,0.09229874,0.6127721,-4.289276
262.8303,-45.47639,0.3569294,0.09229722,0.6127742,-4.289431
262.8984,-45.48782,0.357162,0.09228596,0.6127872,-4.289606
262.9664,-45.49101,0.3572379,0.09228001,0.6127942,-4.289782
263.0345,-45.47558,0.3569605,0.09228602,0.6127882,-4.289958
263.1025,-45.46664,0.3568069,0.09228783,0.6127868,-4.290134
263.1517,-45.4767,0.3570096,0.09227852,0.6127974,-4.29026
263.2008,-45.48095,0.3571013,0.09227297,0.6128039,-4.290386
263.25,-45.47591,0.3570165,0.09227341,0.6128038,-4.290513
263.2992,-45.47206,0.3569544,0.09227308,0.6128046,-4.29064
263.3483,-45.47655,0.3570512,0.09226736,0.6128113,-4.290766
263.3975,-45.47836,0.3570969,0.09226337,0.6128161,-4.290892
263.4466,-45.47591,0.3570615,0.09226213,0.6128179,-4.291018
263.4958,-45.474,0.3570366,0.09226054,0.61282,-4.291145
263.5555,-45.47812,0.3571286,0.09225446,0.6128272,-4.291298
263.6153,-45.47936,0.3571658,0.09225023,0.6128323,-4.291451
263.675,-45.47468,0.3570906,0.09224982,0.6128333,-4.291604
263.7347,-45.47163,0.3570462,0.09224836,0.6128353,-4.291757
263.8023,-45.48289,0.3572753,0.09223726,0.6128481,-4.291929
263.8699,-45.48607,0.3573506,0.09223138,0.6128551,-4.292101
263.9374,-45.47103,0.3570805,0.09223719,0.6128493,-4.292275
264.005,-45.46228,0.3569299,0.09223894,0.6128479,-4.292447
264.0662,-45.4851,0.3573758,0.09222083,0.6128683,-4.292602
264.1275,-45.49266,0.3575315,0.09221258,0.6128779,-4.292757
264.1887,-45.46797,0.3570766,0.092225,0.6128647,-4.292915
264.25,-45.45259,0.3567997,0.09223138,0.6128582,-4.293072
264.2994,-45.47008,0.3571434,0.09221731,0.6128741,-4.293196
264.3488,-45.47753,0.3572954,0.09220975,0.6128828,-4.293321
264.3983,-45.46877,0.3571391,0.09221266,0.61288,-4.293447
264.4477,-45.46215,0.3570241,0.09221417,0.6128787,-4.293573
264.4936,-45.46885,0.357162,0.09220726,0.6128867,-4.293689
264.5396,-45.47184,0.3572294,0.09220274,0.612892,-4.293805
264.5856,-45.46956,0.3571964,0.09220161,0.6128937,-4.293922
264.6315,-45.46762,0.35717,0.09220027,0.6128955,-4.294038
264.6855,-45.47104,0.3572474,0.09219501,0.6129017,-4.294175
264.7395,-45.47222,0.3572821,0.0921912,0.6129063,-4.294311
264.7935,-45.46928,0.3572387,0.09219004,0.6129081,-4.294448
264.8475,-45.46719,0.3572113,0.09218833,0.6129104,-4.294584
264.9132,-45.47365,0.3573489,0.09218046,0.6129196,-4.294749
264.979,-45.47544,0.3573977,0.09217559,0.6129254,-4.294915
265.0447,-45.46688,0.3572502,0.09217738,0.612924,-4.295081
265.1104,-45.46175,0.3571676,0.09217696,0.612925,-4.295247
265.1771,-45.48099,0.357547,0.09216088,0.6129432,-4.295413
265.2437,-45.48669,0.3576689,0.09215352,0.6129518,-4.29558
265.3104,-45.46205,0.3572168,0.09216559,0.6129391,-4.295749
265.377,-45.44765,0.3569597,0.09217104,0.6129337,-4.295917
265.4316,-45.47122,0.3574188,0.09215283,0.6129541,-4.296053
265.4862,-45.48023,0.3576003,0.09214407,0.6129642,-4.296189
265.5408,-45.462,0.3572652,0.09215283,0.612955,-4.296327
265.5954,-45.44955,0.357041,0.09215782,0.61295,-4.296464
265.6409,-45.46094,0.3572679,0.09214794,0.6129612,-4.296577
265.6865,-45.46619,0.3573776,0.09214204,0.612968,-4.296691
265.732,-45.46278,0.3573227,0.09214172,0.6129687,-4.296805
265.7775,-45.45985,0.3572768,0.09214109,0.6129698,-4.296918
265.8261,-45.46393,0.3573655,0.09213576,0.612976,-4.297039
265.8746,-45.46559,0.357408,0.09213198,0.6129806,-4.29716
265.9231,-45.46349,0.3573788,0.09213064,0.6129824,-4.297281
265.9716,-45.46182,0.357358,0.09212901,0.6129846,-4.297402
266.0322,-45.46567,0.3574448,0.09212316,0.6129915,-4.297552
266.0927,-45.46679,0.3574797,0.09211907,0.6129965,-4.297703
266.1532,-45.46225,0.3574068,0.09211862,0.6129975,-4.297854
266.2138,-45.4593,0.3573644,0.09211714,0.6129996,-4.298004
266.2828,-45.47152,0.3576114,0.09210547,0.613013,-4.298175
266.3519,-45.47489,0.3576902,0.09209949,0.6130201,-4.298346
266.4209,-45.45812,0.3573873,0.09210643,0.613013,-4.298518
266.49,-45.44853,0.3572212,0.09210873,0.6130111,-4.29869
266.5383,-45.45898,0.3574304,0.09209932,0.6130218,-4.298808
266.5867,-45.46348,0.3575262,0.09209376,0.6130283,-4.298928
266.635,-45.45874,0.3574464,0.09209416,0.6130282,-4.299047
266.6833,-45.45505,0.3573866,0.09209389,0.6130289,-4.299167
266.7317,-45.45933,0.3574784,0.09208847,0.6130353,-4.299286
266.78,-45.46109,0.3575224,0.09208467,0.6130398,-4.299405
266.8283,-45.45895,0.3574923,0.09208339,0.6130416,-4.299524
266.8767,-45.45726,0.3574706,0.09208182,0.6130437,-4.299644
266.9366,-45.46109,0.3575562,0.09207607,0.6130505,-4.299791
266.9966,-45.46223,0.3575908,0.09207206,0.6130554,-4.299938
267.0565,-45.45784,0.3575203,0.0920716,0.6130564,-4.300086
267.1164,-45.45498,0.3574789,0.09207016,0.6130584,-4.300233
267.1852,-45.46656,0.3577131,0.09205899,0.6130713,-4.300401
267.2539,-45.46976,0.3577883,0.09205321,0.6130782,-4.30057
267.3226,-45.45396,0.3575033,0.09205961,0.6130717,-4.300739
267.3913,-45.44489,0.3573463,0.09206168,0.6130699,-4.300908
267.4402,-45.45504,0.3575497,0.0920525,0.6130804,-4.301027
267.489,-45.45936,0.357642,0.09204708,0.6130868,-4.301146
267.5379,-45.45446,0.357559,0.09204761,0.6130866,-4.301266
267.5867,-45.45069,0.3574977,0.0920474,0.6130872,-4.301385
267.6356,-45.4551,0.3575919,0.09204192,0.6130936,-4.301504
267.6844,-45.45689,0.3576365,0.09203813,0.6130981,-4.301623
267.7333,-45.45457,0.3576029,0.09203699,0.6130998,-4.301743
267.7821,-45.45276,0.357579,0.09203551,0.6131018,-4.301862
267.842,-45.45679,0.3576684,0.09202969,0.6131087,-4.302007
267.9019,-45.45801,0.3577043,0.09202568,0.6131135,-4.302153
267.9617,-45.45342,0.3576302,0.0920254,0.6131143,-4.302299
268.0216,-45.45043,0.3575864,0.09202409,0.6131162,-4.302444
268.0896,-45.46193,0.3578189,0.09201306,0.6131289,-4.302609
268.1576,-45.46515,0.3578943,0.09200734,0.6131357,-4.302774
268.2256,-45.44969,0.3576159,0.0920136,0.6131294,-4.302939
268.2936,-45.44075,0.3574614,0.09201565,0.6131276,-4.303105
268.3427,-45.45086,0.3576641,0.0920065,0.6131381,-4.303223
268.3918,-45.45513,0.3577556,0.09200112,0.6131444,-4.303341
268.4409,-45.45009,0.3576702,0.09200174,0.6131441,-4.303461
268.4901,-45.44624,0.3576076,0.09200158,0.6131447,-4.30358
268.5392,-45.45077,0.3577042,0.09199603,0.6131511,-4.303698
268.5883,-45.4526,0.3577496,0.09199221,0.6131557,-4.303816
268.6374,-45.45016,0.3577138,0.09199114,0.6131573,-4.303935
268.6865,-45.44826,0.3576884,0.09198972,0.6131592,-4.304053
268.7462,-45.45241,0.3577801,0.09198384,0.6131661,-4.304197
268.8059,-45.45368,0.3578168,0.09197983,0.613171,-4.304341
268.8656,-45.44901,0.357741,0.09197962,0.6131717,-4.304485
268.9253,-45.44596,0.357696,0.09197837,0.6131736,-4.304628
268.9928,-45.45728,0.357925,0.0919675,0.613186,-4.30479
269.0603,-45.46049,0.3579998,0.09196185,0.6131928,-4.304951
269.1278,-45.44543,0.3577287,0.0919679,0.6131867,-4.305114
269.1953,-45.43667,0.3575774,0.09196989,0.613185,-4.305277
269.2565,-45.45958,0.3580235,0.09195198,0.6132051,-4.305422
269.3177,-45.46718,0.358179,0.09194393,0.6132145,-4.305568
269.3789,-45.44244,0.3577229,0.09195658,0.613201,-4.305716
269.4401,-45.42703,0.357445,0.09196318,0.6131943,-4.305863
269.4895,-45.4446,0.3577889,0.09194926,0.6132099,-4.30598
269.5389,-45.45209,0.3579408,0.09194187,0.6132185,-4.306097
269.5883,-45.44331,0.3577838,0.09194496,0.6132154,-4.306215
269.6377,-45.43668,0.3576681,0.09194664,0.613214,-4.306333
269.6836,-45.44342,0.3578059,0.09193988,0.6132218,-4.306442
269.7295,-45.44644,0.3578731,0.09193551,0.6132269,-4.306551
269.7755,-45.44417,0.3578397,0.09193455,0.6132283,-4.306661
269.8214,-45.44223,0.3578128,0.09193336,0.61323,-4.30677
269.8753,-45.44568,0.35789,0.09192829,0.613236,-4.306898
269.9293,-45.44688,0.3579243,0.09192466,0.6132404,-4.307026
269.9832,-45.44395,0.3578803,0.09192368,0.6132419,-4.307155
270.0372,-45.44187,0.3578525,0.09192215,0.613244,-4.307283
270.1029,-45.44837,0.3579898,0.0919145,0.6132529,-4.307438
270.1685,-45.45019,0.3580382,0.09190986,0.6132585,-4.307593
270.2342,-45.44163,0.3578899,0.09191187,0.6132568,-4.307749
270.2999,-45.43649,0.3578066,0.09191168,0.6132575,-4.307905
270.3665,-45.45582,0.3581861,0.09189581,0.6132755,-4.308061
270.4331,-45.46155,0.3583077,0.09188868,0.6132838,-4.308218
270.4997,-45.43687,0.3578544,0.09190099,0.6132708,-4.308377
270.5663,-45.42244,0.3575963,0.09190667,0.6132651,-4.308535
270.6208,-45.44611,0.3580557,0.09188864,0.6132853,-4.308661
270.6754,-45.45516,0.3582371,0.09188005,0.6132952,-4.308789
270.7299,-45.43689,0.357901,0.09188901,0.6132857,-4.308919
270.7845,-45.42441,0.357676,0.09189419,0.6132805,-4.309048
270.83,-45.43586,0.3579029,0.09188445,0.6132915,-4.309154
270.8755,-45.44114,0.3580125,0.0918787,0.6132982,-4.309261
270.921,-45.43773,0.3579571,0.09187854,0.6132987,-4.309368
270.9665,-45.4348,0.3579108,0.09187807,0.6132996,-4.309475
271.015,-45.43892,0.3579992,0.09187289,0.6133056,-4.309588
271.0635,-45.4406,0.3580414,0.09186928,0.61331,-4.309701
271.1119,-45.4385,0.3580117,0.0918681,0.6133116,-4.309815
271.1604,-45.43684,0.3579905,0.09186664,0.6133136,-4.309929
271.2209,-45.44073,0.358077,0.09186098,0.6133203,-4.31007
271.2814,-45.44187,0.3581115,0.09185709,0.613325,-4.310211
271.3419,-45.43733,0.358038,0.09185685,0.6133258,-4.310353
271.4024,-45.4344,0.3579951,0.09185558,0.6133276,-4.310494
271.4714,-45.44668,0.3582419,0.09184413,0.6133407,-4.310654
271.5404,-45.45007,0.3583203,0.09183838,0.6133476,-4.310815
271.6094,-45.43327,0.3580164,0.09184555,0.6133402,-4.310976
271.6784,-45.42368,0.3578494,0.09184809,0.613338,-4.311137
271.7267,-45.43418,0.3580586,0.09183884,0.6133485,-4.311249
271.775,-45.43871,0.3581543,0.09183344,0.6133548,-4.311361
271.8233,-45.43397,0.3580739,0.091834,0.6133546,-4.311473
271.8716,-45.43028,0.3580136,0.09183389,0.613355,-4.311586
271.9199,-45.43459,0.3581053,0.09182862,0.6133612,-4.311697
271.9682,-45.43637,0.3581489,0.09182499,0.6133656,-4.311809
272.0165,-45.43424,0.3581184,0.09182387,0.6133672,-4.311921
272.0648,-45.43256,0.3580963,0.09182246,0.6133691,-4.312033
272.1247,-45.43642,0.3581816,0.09181691,0.6133756,-4.312171
272.1846,-45.43758,0.3582157,0.09181309,0.6133803,-4.31231
272.2445,-45.4332,0.3581446,0.09181283,0.613381,-4.312449
272.3043,-45.43035,0.3581027,0.0918116,0.6133828,-4.312587
272.373,-45.44199,0.3583368,0.09180064,0.6133954,-4.312745
272.4417,-45.44522,0.3584116,0.09179508,0.613402,-4.312903
272.5103,-45.42939,0.3581255,0.09180173,0.6133952,-4.313062
272.579,-45.42031,0.3579678,0.09180403,0.6133932,-4.31322
272.6278,-45.43051,0.3581712,0.091795,0.6134035,-4.313332
272.6766,-45.43486,0.3582632,0.09178974,0.6134097,-4.313444
272.7255,-45.42996,0.3581797,0.09179043,0.6134093,-4.313556
272.7743,-45.42619,0.3581179,0.09179038,0.6134097,-4.313669
272.8231,-45.43063,0.358212,0.09178506,0.6134159,-4.31378
272.8719,-45.43244,0.3582562,0.09178143,0.6134203,-4.313892
272.9207,-45.43013,0.3582222,0.09178044,0.6134217,-4.314004
272.9695,-45.42833,0.3581978,0.09177913,0.6134235,-4.314116
273.0294,-45.43239,0.358287,0.0917735,0.6134302,-4.314253
273.0892,-45.43363,0.3583225,0.09176969,0.6134348,-4.314389
273.149,-45.42905,0.3582477,0.0917696,0.6134354,-4.314526
273.2088,-45.42607,0.3582035,0.09176849,0.613437,-4.314663
273.2768,-45.43762,0.3584358,0.09175767,0.6134494,-4.314817
273.3447,-45.44087,0.3585109,0.09175218,0.613456,-4.314972
273.4126,-45.42539,0.3582315,0.09175866,0.6134494,-4.315128
273.4806,-45.41644,0.3580762,0.09176095,0.6134474,-4.315283
273.5297,-45.4266,0.3582789,0.09175195,0.6134576,-4.315394
273.5787,-45.4309,0.3583701,0.09174672,0.6134637,-4.315505
273.6278,-45.42586,0.3582842,0.0917475,0.6134632,-4.315617
273.6769,-45.42202,0.3582211,0.09174751,0.6134636,-4.315729
273.726,-45.42657,0.3583175,0.09174211,0.6134699,-4.31584
273.7751,-45.42842,0.3583626,0.09173845,0.6134743,-4.315951
273.8242,-45.42599,0.3583263,0.09173754,0.6134756,-4.316063
273.8732,-45.4241,0.3583005,0.09173628,0.6134774,-4.316174
273.9329,-45.42828,0.3583919,0.09173059,0.6134841,-4.316309
273.9925,-45.42957,0.3584283,0.09172677,0.6134887,-4.316444
274.0522,-45.4249,0.3583518,0.09172676,0.6134892,-4.316579
274.1118,-45.42187,0.3583064,0.0917257,0.6134908,-4.316714
274.1793,-45.43324,0.3585352,0.09171504,0.613503,-4.316865
274.2467,-45.43648,0.3586096,0.09170961,0.6135095,-4.317017
274.3142,-45.4214,0.3583376,0.09171588,0.6135031,-4.31717
274.3816,-45.41263,0.3581855,0.0917181,0.6135012,-4.317322
274.4428,-45.43563,0.3586319,0.09170037,0.6135211,-4.317459
274.5039,-45.44327,0.3587871,0.09169251,0.6135302,-4.317596
274.5651,-45.41847,0.3583299,0.09170537,0.6135165,-4.317735
274.6263,-45.40304,0.3580511,0.09171217,0.6135095,-4.317873
274.6756,-45.42067,0.3583951,0.09169841,0.613525,-4.317983
274.725,-45.4282,0.3585469,0.09169117,0.6135333,-4.318093
274.7743,-45.41941,0.3583893,0.09169442,0.6135301,-4.318204
274.8236,-45.41278,0.3582731,0.09169626,0.6135284,-4.318315
274.8695,-45.41955,0.3584108,0.09168964,0.6135361,-4.318417
274.9154,-45.42259,0.3584777,0.09168542,0.613541,-4.31852
274.9613,-45.42033,0.3584439,0.0916846,0.6135423,-4.318622
275.0072,-45.4184,0.3584166,0.09168356,0.6135437,-4.318725
275.0612,-45.42188,0.3584935,0.09167866,0.6135495,-4.318845
275.1151,-45.42309,0.3585275,0.0916752,0.6135537,-4.318965
275.169,-45.42017,0.358483,0.09167439,0.613555,-4.319086
275.2229,-45.4181,0.3584547,0.09167304,0.6135569,-4.319206
275.2885,-45.42464,0.3585918,0.09166559,0.6135656,-4.319352
275.3541,-45.42648,0.3586398,0.09166116,0.6135709,-4.319498
275.4197,-45.41792,0.3584907,0.09166338,0.613569,-4.319644
275.4854,-45.41279,0.3584068,0.0916634,0.6135694,-4.319791
275.5519,-45.43219,0.3587864,0.09164774,0.6135871,-4.319937
275.6185,-45.43796,0.3589077,0.09164081,0.6135952,-4.320084
275.685,-45.41323,0.3584532,0.09165334,0.6135819,-4.320233
275.7516,-45.39878,0.3581943,0.09165924,0.6135759,-4.320382
275.8061,-45.42253,0.3586539,0.09164136,0.613596,-4.320501
275.8606,-45.43163,0.3588352,0.09163294,0.6136057,-4.320621
275.9151,-45.41332,0.3584981,0.09164208,0.613596,-4.320743
275.9696,-45.40082,0.3582724,0.09164744,0.6135905,-4.320864
276.0151,-45.41232,0.3584994,0.09163784,0.6136014,-4.320963
276.0605,-45.41762,0.3586088,0.09163223,0.6136079,-4.321063
276.106,-45.41422,0.3585529,0.09163221,0.6136083,-4.321164
276.1515,-45.4113,0.3585062,0.09163188,0.6136089,-4.321264
276.1999,-45.41544,0.3585944,0.09162686,0.6136148,-4.321371
276.2484,-45.41714,0.3586363,0.0916234,0.613619,-4.321477
276.2968,-45.41505,0.3586063,0.09162237,0.6136205,-4.321584
276.3453,-45.4134,0.3585846,0.09162106,0.6136223,-4.321691
276.4057,-45.41731,0.3586708,0.09161559,0.6136287,-4.321823
276.4662,-45.41848,0.3587049,0.09161189,0.6136332,-4.321956
276.5266,-45.41394,0.3586309,0.09161184,0.6136337,-4.322089
276.5871,-45.41102,0.3585874,0.09161076,0.6136353,-4.322222
276.656,-45.42335,0.3588342,0.09159951,0.6136482,-4.322372
276.725,-45.42678,0.3589122,0.09159398,0.6136548,-4.322523
276.7939,-45.40995,0.3586073,0.09160138,0.6136471,-4.322675
276.8628,-45.40035,0.3584395,0.09160414,0.6136446,-4.322826
276.9111,-45.4109,0.3586487,0.09159503,0.613655,-4.322931
276.9594,-45.41545,0.3587442,0.09158977,0.6136611,-4.323036
277.0076,-45.41072,0.3586633,0.09159049,0.6136607,-4.323141
277.0559,-45.40703,0.3586025,0.09159053,0.613661,-4.323247
277.1042,-45.41136,0.358694,0.09158541,0.613667,-4.323352
277.1524,-45.41317,0.3587374,0.09158192,0.6136711,-4.323457
277.2007,-45.41105,0.3587064,0.09158095,0.6136726,-4.323562
277.249,-45.40938,0.3586839,0.0915797,0.6136743,-4.323667
277.3088,-45.41326,0.358769,0.09157433,0.6136806,-4.323797
277.3687,-45.41445,0.3588027,0.09157069,0.6136851,-4.323927
277.4285,-45.41006,0.3587311,0.09157062,0.6136856,-4.324057
277.4884,-45.40722,0.3586886,0.09156957,0.6136871,-4.324187
277.557,-45.41892,0.3589226,0.09155882,0.6136995,-4.324335
277.6256,-45.42218,0.358997,0.09155347,0.6137058,-4.324483
277.6942,-45.40633,0.35871,0.09156034,0.6136988,-4.324633
277.7628,-45.39724,0.3585516,0.09156285,0.6136965,-4.324782
277.8116,-45.40749,0.3587549,0.09155396,0.6137066,-4.324887
277.8604,-45.41186,0.3588467,0.09154885,0.6137126,-4.324992
277.9092,-45.40696,0.3587627,0.09154969,0.613712,-4.325097
277.958,-45.4032,0.3587005,0.0915498,0.6137122,-4.325203
278.0068,-45.40766,0.3587943,0.09154463,0.6137183,-4.325308
278.0555,-45.4095,0.3588383,0.09154114,0.6137225,-4.325413
278.1043,-45.40719,0.3588039,0.09154031,0.6137237,-4.325518
278.1531,-45.4054,0.3587791,0.09153915,0.6137254,-4.325623
278.2129,-45.40949,0.358868,0.0915337,0.6137318,-4.325751
278.2726,-45.41075,0.3589031,0.09153006,0.6137362,-4.32588
278.3324,-45.40617,0.3588278,0.09153016,0.6137365,-4.326008
278.3922,-45.4032,0.358783,0.09152923,0.613738,-4.326137
278.4601,-45.4148,0.3590152,0.09151861,0.6137501,-4.326282
278.528,-45.41808,0.3590899,0.09151332,0.6137564,-4.326427
278.5959,-45.40258,0.3588096,0.09152002,0.6137495,-4.326573
278.6638,-45.39362,0.3586537,0.09152252,0.6137473,-4.326719
278.7251,-45.4176,0.3591175,0.09150435,0.6137677,-4.326848
278.7864,-45.42556,0.3592779,0.09149647,0.6137768,-4.326979
278.8477,-45.39957,0.3587982,0.09151022,0.6137621,-4.327111
278.909,-45.38343,0.3585063,0.0915176,0.6137544,-4.327243
278.958,-45.40162,0.35886,0.09150364,0.6137701,-4.327347
279.0071,-45.40944,0.3590168,0.09149636,0.6137785,-4.327451
279.0561,-45.40066,0.3588592,0.09149973,0.6137751,-4.327556
279.1052,-45.394,0.3587421,0.09150173,0.6137733,-4.32766
279.1507,-45.40076,0.3588791,0.09149525,0.6137807,-4.327757
279.1962,-45.40383,0.3589461,0.09149114,0.6137856,-4.327853
279.2417,-45.40171,0.3589147,0.09149036,0.6137867,-4.32795
279.2872,-45.39988,0.3588889,0.09148938,0.6137881,-4.328047
279.341,-45.40327,0.3589637,0.09148466,0.6137937,-4.328161
279.3948,-45.40446,0.3589968,0.09148135,0.6137977,-4.328275
279.4486,-45.40163,0.3589538,0.09148062,0.6137989,-4.328389
279.5024,-45.39963,0.3589263,0.09147935,0.6138007,-4.328503
279.5683,-45.40614,0.3590622,0.09147206,0.6138092,-4.328642
279.6342,-45.40797,0.3591094,0.09146778,0.6138143,-4.328781
279.7001,-45.3994,0.3589599,0.09147013,0.6138122,-4.328921
279.766,-45.39429,0.358876,0.09147028,0.6138125,-4.32906
279.8328,-45.41428,0.3592655,0.0914544,0.6138305,-4.3292
279.8997,-45.4202,0.3593889,0.09144753,0.6138385,-4.32934
279.9666,-45.39455,0.358917,0.09146076,0.6138244,-4.329483
280.0335,-45.37964,0.3586491,0.09146708,0.6138179,-4.329625
280.0879,-45.40422,0.3591233,0.09144884,0.6138384,-4.329737
280.1423,-45.41366,0.3593101,0.09144036,0.6138481,-4.329851
280.1968,-45.39479,0.3589621,0.09144998,0.6138379,-4.329967
280.2512,-45.38191,0.3587287,0.09145572,0.6138319,-4.330082
280.2964,-45.39361,0.3589588,0.09144613,0.6138428,-4.330176
280.3415,-45.39906,0.3590701,0.09144057,0.6138492,-4.33027
280.3867,-45.39581,0.3590165,0.09144059,0.6138495,-4.330365
280.4318,-45.39297,0.3589708,0.09144034,0.6138501,-4.33046
280.48,-45.39707,0.3590577,0.09143548,0.6138558,-4.33056
280.5282,-45.39878,0.359099,0.09143217,0.6138598,-4.330661
280.5764,-45.39678,0.35907,0.09143122,0.6138611,-4.330762
280.6245,-45.39519,0.359049,0.09143001,0.6138628,-4.330862
280.685,-45.39904,0.3591332,0.09142476,0.613869,-4.330988
280.7454,-45.40019,0.3591663,0.09142123,0.6138733,-4.331114
280.8059,-45.39575,0.3590934,0.09142128,0.6138737,-4.331241
280.8663,-45.39288,0.3590505,0.09142032,0.6138751,-4.331367
280.9356,-45.40533,0.3592984,0.09140919,0.6138879,-4.33151
281.0048,-45.40878,0.3593761,0.09140381,0.6138943,-4.331654
281.0741,-45.39172,0.3590666,0.09141151,0.6138863,-4.331799
281.1433,-45.38204,0.3588969,0.09141448,0.6138835,-4.331943
281.1914,-45.39265,0.3591066,0.09140548,0.6138937,-4.332043
281.2396,-45.39726,0.3592024,0.09140033,0.6138997,-4.332142
281.2877,-45.39258,0.3591224,0.09140113,0.6138992,-4.332242
281.3358,-45.38893,0.359062,0.09140127,0.6138993,-4.332342
281.3839,-45.39324,0.3591523,0.09139631,0.6139051,-4.332441
281.432,-45.39504,0.3591952,0.09139296,0.6139092,-4.332541
281.4801,-45.39298,0.359165,0.09139208,0.6139105,-4.33264
281.5282,-45.39135,0.3591429,0.09139092,0.6139121,-4.33274
281.5881,-45.3952,0.3592267,0.09138573,0.6139182,-4.332863
281.648,-45.39638,0.3592598,0.09138224,0.6139224,-4.332987
281.7078,-45.39204,0.3591886,0.09138229,0.6139228,-4.333111
281.7677,-45.38923,0.3591463,0.09138135,0.6139242,-4.333234
281.8365,-45.40105,0.359382,0.09137069,0.6139365,-4.333375
281.9054,-45.40435,0.3594564,0.09136548,0.6139427,-4.333516
281.9742,-45.38828,0.3591651,0.09137262,0.6139353,-4.333659
282.043,-45.3791,0.3590046,0.09137534,0.6139327,-4.333801
282.0916,-45.38942,0.3592087,0.09136654,0.6139428,-4.3339
282.1402,-45.39385,0.3593009,0.09136152,0.6139486,-4.333999
282.1889,-45.389,0.3592176,0.09136245,0.6139479,-4.3341
282.2375,-45.38526,0.3591555,0.09136265,0.613948,-4.334199
282.2861,-45.3897,0.3592483,0.09135762,0.6139539,-4.334299
282.3348,-45.39154,0.3592918,0.09135426,0.613958,-4.334398
282.3834,-45.3893,0.359258,0.09135351,0.6139591,-4.334498
282.432,-45.38754,0.3592336,0.09135244,0.6139606,-4.334597
282.4918,-45.39161,0.3593213,0.09134716,0.6139668,-4.334719
282.5516,-45.39286,0.3593558,0.09134367,0.6139711,-4.334841
282.6114,-45.38833,0.3592808,0.09134388,0.6139713,-4.334963
282.6712,-45.3854,0.3592362,0.09134307,0.6139726,-4.335086
282.7393,-45.39711,0.3594695,0.09133255,0.6139846,-4.335223
282.8073,-45.40042,0.359544,0.0913274,0.6139907,-4.335362
282.8754,-45.38474,0.3592601,0.09133436,0.6139835,-4.335501
282.9435,-45.37572,0.3591023,0.09133705,0.613981,-4.33564
282.9924,-45.38598,0.3593054,0.09132829,0.613991,-4.335739
283.0413,-45.39036,0.3593967,0.09132331,0.6139968,-4.335838
283.0902,-45.38536,0.3593107,0.09132434,0.613996,-4.335937
283.1391,-45.38155,0.3592472,0.0913246,0.613996,-4.336037
283.188,-45.38611,0.3593425,0.0913195,0.614002,-4.336135
283.2369,-45.38799,0.3593868,0.09131611,0.6140061,-4.336234
283.2859,-45.38561,0.3593506,0.09131545,0.6140071,-4.336334
283.3348,-45.38377,0.3593246,0.09131444,0.6140086,-4.336433
283.3944,-45.38797,0.3594146,0.0913091,0.6140148,-4.336553
283.454,-45.38927,0.35945,0.09130561,0.6140191,-4.336673
283.5136,-45.38465,0.3593732,0.0913059,0.6140192,-4.336794
283.5733,-45.38165,0.3593273,0.09130516,0.6140204,-4.336914
283.6408,-45.39317,0.3595569,0.09129481,0.6140322,-4.337049
283.7083,-45.39646,0.3596309,0.09128972,0.6140383,-4.337185
283.7759,-45.38121,0.3593548,0.09129645,0.6140313,-4.337322
283.8434,-45.37238,0.3592004,0.09129907,0.6140289,-4.337458
283.9046,-45.39584,0.3596532,0.09128144,0.6140487,-4.33758
283.9657,-45.40365,0.3598099,0.09127384,0.6140575,-4.337702
284.0269,-45.37835,0.359343,0.0912873,0.6140431,-4.337826
284.088,-45.36263,0.3590583,0.0912946,0.6140355,-4.33795
284.1372,-45.38056,0.3594062,0.09128096,0.6140508,-4.338047
284.1864,-45.38825,0.3595596,0.09127391,0.6140589,-4.338145
284.2356,-45.37944,0.3594009,0.09127744,0.6140553,-4.338244
284.2848,-45.37278,0.3592834,0.09127957,0.6140533,-4.338343
284.3305,-45.3796,0.3594208,0.09127319,0.6140606,-4.338434
284.3762,-45.38269,0.3594875,0.0912692,0.6140653,-4.338525
284.422,-45.38048,0.3594539,0.09126861,0.6140663,-4.338616
284.4677,-45.3786,0.3594266,0.0912678,0.6140675,-4.338708
284.5215,-45.38209,0.3595024,0.09126319,0.6140729,-4.338815
284.5753,-45.38332,0.3595355,0.09126002,0.6140768,-4.338922
284.6291,-45.38045,0.359491,0.09125948,0.6140777,-4.339029
284.6829,-45.37841,0.3594623,0.0912584,0.6140793,-4.339136
284.7485,-45.38499,0.3595985,0.09125129,0.6140875,-4.339267
284.8142,-45.38686,0.3596456,0.0912472,0.6140925,-4.339397
284.8798,-45.3783,0.3594956,0.09124976,0.6140901,-4.339528
284.9454,-45.37319,0.3594109,0.09125012,0.6140901,-4.339658
285.012,-45.3929,0.3597939,0.09123466,0.6141076,-4.339789
285.0787,-45.39877,0.3599155,0.09122804,0.6141153,-4.339921
285.1453,-45.37364,0.3594533,0.09124112,0.6141014,-4.340054
285.2119,-45.359,0.35919,0.09124747,0.6140948,-4.340187
285.2663,-45.38318,0.3596555,0.09122968,0.6141148,-4.340293
285.3207,-45.39246,0.3598386,0.09122146,0.6141242,-4.3404
285.3752,-45.37387,0.359496,0.09123104,0.614114,-4.340508
285.4296,-45.3612,0.3592663,0.09123679,0.614108,-4.340616
285.4749,-45.37285,0.3594946,0.09122737,0.6141187,-4.340705
285.5202,-45.37825,0.3596045,0.09122196,0.6141249,-4.340794
285.5655,-45.3749,0.3595488,0.09122216,0.614125,-4.340883
285.6109,-45.37201,0.3595019,0.09122206,0.6141254,-4.340973
285.6592,-45.37618,0.3595893,0.0912173,0.614131,-4.341067
285.7075,-45.37791,0.3596307,0.09121409,0.6141348,-4.341162
285.7558,-45.37586,0.3596005,0.09121331,0.614136,-4.341257
285.8041,-45.37425,0.3595785,0.09121224,0.6141375,-4.341352
285.8644,-45.37818,0.3596635,0.09120711,0.6141436,-4.34147
285.9248,-45.37937,0.3596967,0.09120372,0.6141477,-4.341589
285.9852,-45.37488,0.3596224,0.09120397,0.6141478,-4.341707
286.0456,-45.37199,0.3595785,0.09120319,0.6141491,-4.341826
286.1145,-45.38443,0.3598252,0.09119228,0.6141615,-4.34196
286.1835,-45.38791,0.3599026,0.09118709,0.6141677,-4.342094
286.2525,-45.37097,0.3595949,0.0911949,0.6141595,-4.34223
286.3215,-45.36134,0.3594255,0.09119803,0.6141565,-4.342365
286.3697,-45.37196,0.3596348,0.09118916,0.6141666,-4.342459
286.4178,-45.37658,0.35973,0.09118415,0.6141725,-4.342552
286.466,-45.37186,0.3596488,0.09118511,0.6141717,-4.342646
286.5142,-45.36819,0.3595875,0.09118539,0.6141717,-4.34274
286.5623,-45.37255,0.3596782,0.09118053,0.6141774,-4.342834
286.6105,-45.37438,0.3597211,0.0911773,0.6141813,-4.342927
286.6587,-45.37229,0.3596898,0.09117657,0.6141824,-4.343021
286.7068,-45.37065,0.3596668,0.09117555,0.6141838,-4.343115
286.7666,-45.37456,0.359751,0.09117049,0.6141898,-4.343231
286.8264,-45.37578,0.3597841,0.09116717,0.6141939,-4.343346
286.8862,-45.37141,0.3597117,0.0911674,0.614194,-4.343463
286.946,-45.3686,0.3596686,0.09116665,0.6141952,-4.343579
287.0147,-45.38041,0.359903,0.09115621,0.6142071,-4.343711
287.0833,-45.38373,0.3599769,0.0911512,0.6142131,-4.343843
287.1519,-45.36776,0.3596871,0.09115847,0.6142055,-4.343977
287.2205,-45.35864,0.3595269,0.09116136,0.6142028,-4.34411
287.2692,-45.36897,0.3597304,0.0911527,0.6142127,-4.344203
287.3178,-45.3734,0.3598221,0.09114782,0.6142184,-4.344297
287.3665,-45.36852,0.3597376,0.09114891,0.6142175,-4.344391
287.4152,-45.36477,0.3596748,0.09114926,0.6142174,-4.344485
287.4639,-45.36926,0.359768,0.09114434,0.6142231,-4.344578
287.5126,-45.37113,0.3598115,0.0911411,0.614227,-4.344672
287.5612,-45.36885,0.3597767,0.0911405,0.614228,-4.344765
287.6099,-45.36709,0.3597515,0.09113958,0.6142293,-4.344859
287.6697,-45.37121,0.3598396,0.09113444,0.6142354,-4.344973
287.7294,-45.3725,0.359874,0.09113111,0.6142394,-4.345088
287.7891,-45.36794,0.359798,0.0911315,0.6142394,-4.345203
287.8488,-45.36499,0.3597525,0.09113087,0.6142404,-4.345317
287.9167,-45.37671,0.3599849,0.09112056,0.6142522,-4.345446
287.9846,-45.38004,0.3600591,0.09111561,0.6142581,-4.345576
288.0525,-45.36444,0.3597763,0.09112269,0.6142508,-4.345707
288.1203,-45.35545,0.3596187,0.09112555,0.614248,-4.345837
288.1693,-45.36574,0.3598214,0.09111692,0.6142579,-4.34593
288.2182,-45.37012,0.3599123,0.09111208,0.6142635,-4.346023
288.2672,-45.36509,0.3598253,0.09111325,0.6142625,-4.346117
288.3162,-45.36126,0.3597611,0.09111365,0.6142624,-4.34621
288.3651,-45.36588,0.3598567,0.09110865,0.6142682,-4.346303
288.4141,-45.36778,0.359901,0.09110538,0.6142721,-4.346396
288.463,-45.36538,0.3598639,0.09110487,0.614273,-4.346489
288.512,-45.36353,0.3598372,0.091104,0.6142743,-4.346582
288.5715,-45.36778,0.3599276,0.09109879,0.6142804,-4.346695
288.6311,-45.36911,0.3599629,0.09109544,0.6142845,-4.346808
288.6906,-45.36446,0.3598852,0.09109591,0.6142843,-4.346921
288.7502,-45.36146,0.3598385,0.09109534,0.6142853,-4.347034
288.8176,-45.37299,0.3600673,0.09108518,0.614297,-4.347161
288.8849,-45.37631,0.3601408,0.09108027,0.6143028,-4.347289
288.9523,-45.36112,0.3598656,0.09108714,0.6142957,-4.347417
289.0197,-45.35232,0.3597113,0.09108991,0.614293,-4.347545
289.0807,-45.37564,0.3601602,0.09107257,0.6143125,-4.347659
289.1418,-45.38342,0.3603155,0.09106517,0.6143211,-4.347773
289.2029,-45.35835,0.3598528,0.09107863,0.6143066,-4.34789
289.264,-45.34277,0.3595703,0.09108599,0.6142989,-4.348006
289.3132,-45.36063,0.359916,0.09107255,0.614314,-4.348098
289.3624,-45.36829,0.3600681,0.09106567,0.6143219,-4.34819
289.4116,-45.35947,0.3599088,0.09106933,0.6143182,-4.348283
289.4609,-45.35281,0.3597911,0.09107158,0.614316,-4.348376
289.5066,-45.35967,0.3599285,0.09106531,0.6143232,-4.348461
289.5524,-45.36277,0.3599949,0.09106145,0.6143278,-4.348547
289.5982,-45.36054,0.3599604,0.09106099,0.6143286,-4.348633
289.644,-45.35864,0.3599323,0.09106031,0.6143296,-4.348719
289.6977,-45.36218,0.3600083,0.09105583,0.6143349,-4.34882
289.7515,-45.36344,0.3600413,0.0910528,0.6143386,-4.34892
289.8053,-45.36055,0.3599959,0.09105241,0.6143393,-4.349021
289.8591,-45.35851,0.3599666,0.09105148,0.6143407,-4.349122
289.9247,-45.36514,0.3601029,0.09104454,0.6143487,-4.349244
289.9902,-45.36704,0.3601498,0.09104062,0.6143535,-4.349366
290.0557,-45.35847,0.3599989,0.09104337,0.6143508,-4.349489
290.1213,-45.35335,0.3599136,0.09104391,0.6143507,-4.349611
290.1877,-45.37301,0.3602944,0.09102869,0.6143679,-4.349734
290.2542,-45.37888,0.3604153,0.09102226,0.6143754,-4.349857
290.3207,-45.35391,0.3599559,0.09103541,0.6143613,-4.349983
290.3871,-45.33936,0.3596938,0.09104188,0.6143546,-4.350107
290.4415,-45.36342,0.360156,0.09102434,0.6143742,-4.350207
290.4959,-45.37266,0.3603376,0.0910163,0.6143834,-4.350307
290.5503,-45.35419,0.3599969,0.09102594,0.6143732,-4.350409
290.6048,-45.34159,0.3597684,0.09103177,0.6143671,-4.350511
290.6501,-45.35323,0.3599959,0.09102249,0.6143776,-4.350594
290.6955,-45.35862,0.3601051,0.09101722,0.6143837,-4.350678
290.7408,-45.35525,0.3600484,0.09101755,0.6143836,-4.350762
290.7862,-45.35234,0.3600009,0.09101758,0.6143838,-4.350846
290.8345,-45.35654,0.3600884,0.09101293,0.6143893,-4.350935
290.8829,-45.3583,0.3601296,0.09100984,0.614393,-4.351024
290.9312,-45.35623,0.3600987,0.09100919,0.614394,-4.351113
290.9795,-45.35462,0.3600762,0.09100825,0.6143953,-4.351203
291.0399,-45.35859,0.3601614,0.09100325,0.6144012,-4.351314
291.1002,-45.35981,0.3601944,0.09100002,0.6144051,-4.351425
291.1605,-45.3553,0.3601192,0.09100044,0.6144051,-4.351536
291.2208,-45.3524,0.3600745,0.09099982,0.6144061,-4.351647
291.2897,-45.36489,0.3603211,0.09098909,0.6144184,-4.351773
291.3586,-45.36839,0.3603981,0.09098407,0.6144243,-4.351899
291.4274,-45.35147,0.3600904,0.09099205,0.614416,-4.352027
291.4963,-45.34184,0.3599206,0.09099535,0.6144127,-4.352154
291.5444,-45.3525,0.3601298,0.0909866,0.6144227,-4.352241
291.5926,-45.35713,0.3602248,0.0909817,0.6144284,-4.352329
291.6408,-45.3524,0.3601428,0.0909828,0.6144275,-4.352418
291.689,-45.34872,0.360081,0.09098321,0.6144273,-4.352506
291.7371,-45.35312,0.3601718,0.09097846,0.6144328,-4.352594
291.7853,-45.35497,0.3602145,0.09097534,0.6144366,-4.352682
291.8335,-45.35288,0.3601826,0.09097474,0.6144375,-4.35277
291.8816,-45.35123,0.3601592,0.09097386,0.6144388,-4.352858
291.9414,-45.35519,0.3602434,0.09096894,0.6144446,-4.352967
292.0011,-45.35642,0.3602762,0.09096576,0.6144485,-4.353076
292.0609,-45.35206,0.3602032,0.09096616,0.6144484,-4.353185
292.1206,-45.34924,0.3601595,0.09096556,0.6144494,-4.353294
292.1891,-45.36108,0.3603934,0.09095531,0.6144612,-4.353417
292.2576,-45.36442,0.3604669,0.09095048,0.6144669,-4.353542
292.3262,-45.34848,0.3601771,0.0909579,0.6144591,-4.353667
292.3947,-45.33937,0.3600166,0.09096096,0.6144562,-4.353792
292.4434,-45.34973,0.36022,0.09095242,0.6144659,-4.35388
292.492,-45.35418,0.3603114,0.09094767,0.6144714,-4.353968
292.5407,-45.34928,0.3602263,0.09094889,0.6144704,-4.354056
292.5894,-45.34552,0.3601629,0.09094937,0.6144701,-4.354144
292.6381,-45.35005,0.3602562,0.09094456,0.6144758,-4.354232
292.6868,-45.35194,0.3602994,0.09094144,0.6144795,-4.35432
292.7354,-45.34965,0.3602641,0.09094097,0.6144803,-4.354408
292.7841,-45.34789,0.3602384,0.09094018,0.6144815,-4.354496
292.8438,-45.35205,0.3603265,0.09093518,0.6144873,-4.354604
292.9035,-45.35336,0.3603607,0.09093199,0.6144912,-4.354711
292.9631,-45.34879,0.360284,0.09093255,0.614491,-4.354819
293.0228,-45.34585,0.360238,0.09093207,0.6144919,-4.354927
293.0906,-45.35759,0.3604701,0.09092194,0.6145034,-4.355048
293.1584,-45.36095,0.3605438,0.09091716,0.6145091,-4.355169
293.2262,-45.34536,0.360261,0.0909244,0.6145015,-4.355292
293.294,-45.33638,0.360103,0.09092742,0.6144986,-4.355415
293.3429,-45.3467,0.3603056,0.09091891,0.6145083,-4.355502
293.3919,-45.3511,0.3603962,0.09091419,0.6145138,-4.355589
293.4408,-45.34606,0.3603087,0.0909155,0.6145127,-4.355677
293.4898,-45.34223,0.360244,0.09091602,0.6145124,-4.355765
293.5387,-45.34687,0.3603396,0.09091113,0.6145181,-4.355852
293.5877,-45.3488,0.3603837,0.09090798,0.6145218,-4.35594
293.6366,-45.34639,0.3603461,0.0909076,0.6145226,-4.356027
293.6856,-45.34453,0.3603189,0.09090685,0.6145237,-4.356115
293.7451,-45.34882,0.3604093,0.09090178,0.6145296,-4.356221
293.8046,-45.35017,0.3604444,0.09089858,0.6145335,-4.356327
293.8641,-45.34552,0.360366,0.09089921,0.6145332,-4.356433
293.9236,-45.34252,0.3603188,0.09089878,0.614534,-4.356539
293.9909,-45.35408,0.3605473,0.0908888,0.6145454,-4.356658
294.0582,-45.35742,0.3606205,0.09088405,0.6145511,-4.356778
294.1255,-45.34224,0.3603451,0.09089107,0.6145437,-4.356899
294.1928,-45.33345,0.3601904,0.09089401,0.6145409,-4.357019
294.2538,-45.35677,0.3606382,0.09087685,0.6145602,-4.357125
294.3148,-45.36456,0.3607929,0.09086961,0.6145685,-4.357233
294.3758,-45.33954,0.360331,0.09088318,0.6145539,-4.357343
294.4368,-45.32399,0.3600489,0.09089066,0.614546,-4.357452
294.4861,-45.34187,0.3603939,0.09087736,0.614561,-4.357538
294.5353,-45.34953,0.3605454,0.09087061,0.6145687,-4.357624
294.5845,-45.3407,0.3603857,0.09087439,0.6145649,-4.357712
294.6337,-45.33404,0.3602676,0.09087676,0.6145625,-4.357799
294.6795,-45.34093,0.3604049,0.0908706,0.6145696,-4.357879
294.7253,-45.34405,0.3604711,0.09086685,0.614574,-4.35796
294.771,-45.34181,0.360436,0.09086651,0.6145747,-4.358041
294.8168,-45.33991,0.3604075,0.09086595,0.6145755,-4.358122
294.8706,-45.34348,0.3604835,0.09086159,0.6145807,-4.358216
294.9244,-45.34476,0.3605163,0.09085869,0.6145842,-4.358311
294.9781,-45.34187,0.3604703,0.09085844,0.6145848,-4.358405
295.0319,-45.33983,0.3604405,0.09085764,0.614586,-4.3585
295.0974,-45.3465,0.3605768,0.09085086,0.6145939,-4.358615
295.1629,-45.34842,0.3606234,0.09084709,0.6145984,-4.358729
295.2283,-45.33984,0.3604719,0.09085001,0.6145956,-4.358845
295.2938,-45.33472,0.360386,0.09085071,0.6145952,-4.35896
295.3602,-45.3544,0.3607662,0.09083567,0.6146122,-4.359075
295.4266,-45.3603,0.3608866,0.09082941,0.6146195,-4.359191
295.493,-45.33536,0.3604276,0.09084269,0.6146052,-4.359308
295.5594,-45.32082,0.3601654,0.09084931,0.6145983,-4.359425
295.6138,-45.34488,0.3606266,0.09083193,0.6146178,-4.359519
295.6681,-45.35413,0.3608077,0.09082404,0.6146268,-4.359613
295.7225,-45.33568,0.3604672,0.09083378,0.6146164,-4.359709
295.7769,-45.3231,0.3602387,0.09083974,0.6146101,-4.359804
295.8222,-45.33476,0.3604659,0.09083057,0.6146205,-4.359883
295.8676,-45.34017,0.3605748,0.0908254,0.6146265,-4.359961
295.913,-45.33678,0.3605176,0.09082586,0.6146263,-4.36004
295.9583,-45.33387,0.3604696,0.090826,0.6146264,-4.360119
296.0066,-45.3381,0.3605571,0.09082145,0.6146317,-4.360203
296.055,-45.33987,0.3605981,0.09081848,0.6146352,-4.360287
296.1033,-45.3378,0.3605667,0.09081795,0.6146361,-4.360371
296.1516,-45.33619,0.3605438,0.09081713,0.6146373,-4.360455
296.2119,-45.3402,0.3606289,0.09081227,0.614643,-4.360559
296.2722,-45.34144,0.3606617,0.09080918,0.6146468,-4.360663
296.3325,-45.33692,0.3605859,0.09080975,0.6146465,-4.360768
296.3928,-45.33402,0.3605408,0.09080928,0.6146473,-4.360872
296.4616,-45.34655,0.3607872,0.09079871,0.6146594,-4.36099
296.5304,-45.35008,0.3608639,0.09079386,0.6146652,-4.361109
296.5992,-45.33315,0.3605557,0.090802,0.6146566,-4.361229
296.668,-45.32352,0.3603853,0.09080547,0.6146532,-4.361348
296.7161,-45.33421,0.3605945,0.09079682,0.614663,-4.36143
296.7643,-45.33886,0.3606893,0.09079204,0.6146685,-4.361513
296.8124,-45.33413,0.3606069,0.09079326,0.6146675,-4.361596
296.8606,-45.33045,0.3605446,0.09079379,0.6146672,-4.361679
296.9087,-45.33487,0.3606354,0.09078915,0.6146726,-4.361761
296.9569,-45.33674,0.3606779,0.09078614,0.6146762,-4.361844
297.005,-45.33465,0.3606456,0.09078566,0.614677,-4.361927
297.0532,-45.33301,0.3606218,0.09078489,0.6146781,-4.362009
297.1129,-45.33699,0.3607058,0.09078011,0.6146837,-4.362112
297.1726,-45.33824,0.3607383,0.09077707,0.6146874,-4.362214
297.2323,-45.33388,0.3606649,0.09077761,0.6146872,-4.362316
297.292,-45.33106,0.3606208,0.09077716,0.614688,-4.362419
297.3604,-45.34294,0.3608544,0.09076707,0.6146996,-4.362535
297.4289,-45.34631,0.3609276,0.0907624,0.6147051,-4.362652
297.4974,-45.33036,0.3606374,0.09076999,0.6146971,-4.362769
297.5658,-45.32125,0.3604764,0.0907732,0.614694,-4.362887
297.6145,-45.33164,0.3606797,0.09076478,0.6147036,-4.362969
297.6631,-45.33611,0.3607709,0.09076014,0.614709,-4.363052
297.7118,-45.3312,0.3606853,0.09076148,0.6147078,-4.363135
297.7605,-45.32745,0.3606216,0.09076208,0.6147074,-4.363218
297.8091,-45.332,0.3607147,0.09075738,0.6147129,-4.3633
297.8578,-45.3339,0.3607578,0.09075437,0.6147165,-4.363383
297.9065,-45.33163,0.360722,0.09075402,0.6147171,-4.363466
297.9551,-45.32986,0.360696,0.09075335,0.6147181,-4.363548
298.0148,-45.33405,0.3607839,0.09074848,0.6147239,-4.363649
298.0744,-45.33538,0.3608178,0.09074543,0.6147276,-4.36375
298.134,-45.33081,0.3607407,0.09074613,0.6147271,-4.363851
298.1937,-45.32787,0.3606943,0.0907458,0.6147278,-4.363953
298.2614,-45.33965,0.3609261,0.09073583,0.6147392,-4.364066
298.3291,-45.34303,0.3609996,0.0907312,0.6147447,-4.364181
298.3969,-45.32744,0.3607162,0.0907386,0.6147369,-4.364296
298.4646,-45.31846,0.3605578,0.09074178,0.6147338,-4.364411
298.5135,-45.32881,0.3607603,0.09073338,0.6147434,-4.364493
298.5625,-45.33322,0.3608507,0.09072877,0.6147487,-4.364575
298.6114,-45.32818,0.3607627,0.0907302,0.6147474,-4.364657
298.6603,-45.32435,0.3606977,0.09073084,0.614747,-4.36474
298.7093,-45.32902,0.3607932,0.09072606,0.6147526,-4.364822
298.7582,-45.33096,0.3608371,0.09072302,0.6147562,-4.364904
298.8071,-45.32855,0.3607991,0.09072275,0.6147568,-4.364987
298.8561,-45.3267,0.3607715,0.09072212,0.6147577,-4.365069
298.9155,-45.33102,0.3608618,0.09071719,0.6147635,-4.365168
298.975,-45.33239,0.3608966,0.09071412,0.6147673,-4.365268
299.0345,-45.32774,0.3608178,0.09071489,0.6147667,-4.365368
299.0939,-45.32474,0.3607702,0.0907146,0.6147674,-4.365468
299.1612,-45.33634,0.3609984,0.09070477,0.6147786,-4.365579
299.2284,-45.3397,0.3610714,0.09070018,0.6147841,-4.365691
299.2957,-45.32451,0.3607955,0.09070736,0.6147765,-4.365805
299.3629,-45.31572,0.3606403,0.09071045,0.6147735,-4.365918
299.4239,-45.33908,0.3610878,0.09069344,0.6147926,-4.366018
299.4848,-45.34689,0.3612422,0.09068634,0.6148008,-4.366119
299.5458,-45.32186,0.3607801,0.09070004,0.614786,-4.366222
299.6068,-45.30631,0.3604976,0.09070766,0.614778,-4.366325
299.656,-45.32422,0.3608424,0.09069447,0.6147928,-4.366405
299.7052,-45.33191,0.3609937,0.09068783,0.6148004,-4.366486
299.7544,-45.32307,0.3608335,0.09069173,0.6147964,-4.366569
299.8036,-45.31641,0.360715,0.09069422,0.6147939,-4.366651
299.8527,-45.32478,0.3608802,0.09068711,0.614802,-4.366732
299.9018,-45.32831,0.3609542,0.09068309,0.6148067,-4.366813
299.9509,-45.32411,0.3608822,0.09068399,0.614806,-4.366895
300,-45.32092,0.3608294,0.09068424,0.614806,-4.366976
