t,V,m,h,n,phi
0,-65,0.05293249,0.5961208,0.3176769,0.1
0.003805889,-64.95931,0.05294831,0.5961185,0.3176785,0.09974888
0.007611777,-64.889,0.05300298,0.5961096,0.3176845,0.09949799
0.01141767,-64.81874,0.05310114,0.5960923,0.3176963,0.09924737
0.01522355,-64.7539,0.05323924,0.5960664,0.3177141,0.09899704
0.01902944,-64.68756,0.05340989,0.5960323,0.3177372,0.09874696
0.02283533,-64.62135,0.05360985,0.5959903,0.3177658,0.09849714
0.02664122,-64.55527,0.05383582,0.5959402,0.3177998,0.09824758
0.03044711,-64.48932,0.05408485,0.595882,0.3178391,0.09799828
0.04218835,-64.28656,0.05496336,0.5956525,0.3179942,0.09723082
0.05392959,-64.08483,0.05598673,0.5953473,0.3181996,0.09646583
0.06567083,-63.88405,0.05712773,0.594967,0.3184545,0.09570329
0.07741207,-63.68409,0.0583429,0.5945121,0.3187581,0.0949432
0.08985533,-63.47293,0.05967754,0.5939491,0.3191324,0.09414031
0.1022986,-63.26256,0.06106772,0.5933032,0.3195598,0.09334015
0.1147418,-63.05293,0.06250898,0.5925748,0.3200397,0.0925427
0.1271851,-62.84395,0.06398866,0.5917644,0.3205712,0.09174795
0.1434635,-62.57139,0.06596257,0.590581,0.3213433,0.09071232
0.1597418,-62.29972,0.06799739,0.5892586,0.322201,0.08968129
0.1760202,-62.02887,0.07010135,0.5877977,0.3231428,0.08865484
0.1922985,-61.75861,0.07225693,0.5861991,0.3241671,0.08763297
0.2110745,-61.44725,0.07478165,0.5841852,0.3254492,0.08645997
0.2298504,-61.13628,0.07738867,0.5819893,0.3268373,0.08529303
0.2486264,-60.82552,0.08009794,0.5796119,0.3283296,0.08413215
0.2674023,-60.51448,0.08288265,0.5770535,0.3299242,0.08297733
0.287546,-60.17979,0.08592002,0.5741082,0.3317466,0.08174512
0.3076898,-59.84407,0.08907108,0.5709545,0.3336833,0.0805199
0.3278335,-59.507,0.09236496,0.5675916,0.3357331,0.07930172
0.3479772,-59.16766,0.09576815,0.5640193,0.3378942,0.07809059
0.3690275,-58.80947,0.09940219,0.5600618,0.3402703,0.07683255
0.3900777,-58.44752,0.1031973,0.555872,0.3427668,0.07558235
0.4111279,-58.0812,0.1071935,0.5514465,0.3453837,0.07434009
0.4321781,-57.7089,0.111356,0.5467828,0.348121,0.07310587
0.4540712,-57.31328,0.1158221,0.5416763,0.3510959,0.07183087
0.4759644,-56.90868,0.1205369,0.5363004,0.3542042,0.07056491
0.4978576,-56.49375,0.1255611,0.5306465,0.3574496,0.06930822
0.5197507,-56.0654,0.1308659,0.5247064,0.3608349,0.06806104
0.5423519,-55.6051,0.136605,0.5182637,0.3644809,0.06678379
0.5649531,-55.12497,0.1427726,0.5114858,0.3682901,0.06551745
0.5875543,-54.62168,0.1494769,0.5043506,0.3722735,0.06426256
0.6101555,-54.08839,0.1567175,0.4968356,0.3764421,0.06301966
0.6331772,-53.50526,0.164651,0.488762,0.3808929,0.06176667
0.6561989,-52.87688,0.1734293,0.4802171,0.3855758,0.06052788
0.6792207,-52.19338,0.1832908,0.4711428,0.390521,0.05930455
0.7022424,-51.4364,0.1943536,0.461474,0.3957625,0.05809809
0.7252564,-50.58076,0.2067852,0.451131,0.4013421,0.05691064
0.7482705,-49.6072,0.2212128,0.439977,0.4073312,0.0557444
0.7712845,-48.4789,0.238326,0.4278343,0.4138228,0.05460274
0.7942986,-47.1299,0.2587927,0.4144806,0.4209329,0.05348982
0.8170498,-45.48463,0.2833562,0.3997819,0.428734,0.05242351
0.839801,-43.42528,0.3141548,0.3831154,0.437543,0.05139894
0.8625522,-40.75336,0.353861,0.3638029,0.4477421,0.05042832
0.8853035,-37.1392,0.4060731,0.3409371,0.4598976,0.04952919
0.8953893,-35.12197,0.4344347,0.3293785,0.4661138,0.04915958
0.9054751,-32.77931,0.4667392,0.3168062,0.4729785,0.04881195
0.9155609,-30.05704,0.5033806,0.3031799,0.4806082,0.04848981
0.9256467,-26.9079,0.5446303,0.2885332,0.4891376,0.04819725
0.9357326,-23.30307,0.5905511,0.2729911,0.4987119,0.04793886
0.9458184,-19.23188,0.6403887,0.2568467,0.5094673,0.04771933
0.9559042,-14.75309,0.6926818,0.2404614,0.5214977,0.04754283
0.96599,-10.02368,0.745415,0.2242229,0.5348429,0.04741277
0.973379,-6.534139,0.7828461,0.2126354,0.5454345,0.04734817
0.9807681,-3.143304,0.8179465,0.2014192,0.5566373,0.04730906
0.9881571,0.0362331,0.84979,0.1906416,0.5683521,0.0472942
0.9955462,2.896052,0.8777977,0.1803412,0.5804582,0.04730172
1.002935,5.340361,0.9017329,0.1705328,0.5928156,0.04732904
1.010324,7.318884,0.921542,0.1612175,0.6052648,0.04737268
1.017713,8.805859,0.9374258,0.1523878,0.6176546,0.04742897
1.025102,9.790528,0.9499104,0.1440299,0.6298537,0.04749438
1.031592,10.24917,0.9585677,0.1370643,0.6403172,0.04755654
1.038082,10.35464,0.9653413,0.1304365,0.6504706,0.04762051
1.044571,10.13408,0.9705266,0.1241337,0.6602567,0.04768405
1.051061,9.614237,0.9744195,0.1181431,0.6696313,0.04774517
1.058309,8.715711,0.9775464,0.1118062,0.6795743,0.04780832
1.065557,7.525878,0.9796062,0.1058265,0.6889292,0.04786387
1.072805,6.087055,0.9807858,0.1001881,0.6976764,0.04790988
1.080053,4.438074,0.9812179,0.09487688,0.705806,0.04794466
1.09025,1.834256,0.9806706,0.08793525,0.7161946,0.04797187
1.100447,-1.020208,0.9789696,0.08157999,0.7253847,0.04797122
1.110643,-4.047182,0.9761854,0.07578042,0.7334197,0.04794071
1.12084,-7.175487,0.9720989,0.07051847,0.7403465,0.04787878
1.130532,-10.18918,0.9667547,0.06600291,0.7459534,0.04778997
1.140224,-13.20658,0.9599321,0.06194329,0.7506686,0.04767192
1.149915,-16.19776,0.9514321,0.05832858,0.7545485,0.04752483
1.159607,-19.1378,0.940936,0.05515284,0.7576458,0.04734899
1.172947,-23.07139,0.9226878,0.05148756,0.7607262,0.04706105
1.186288,-26.84718,0.8993627,0.04861808,0.7625551,0.04672172
1.199628,-30.44885,0.8702333,0.04651747,0.7632516,0.04633311
1.212968,-33.88026,0.8347992,0.04515078,0.7629278,0.04589759
1.223951,-36.58905,0.8007529,0.04454726,0.761968,0.04550562
1.234933,-39.19639,0.7620637,0.04439531,0.7604299,0.04508449
1.245915,-41.70756,0.7187032,0.04467885,0.7583541,0.04463515
1.256897,-44.13314,0.6711295,0.04538008,0.7557827,0.04415874
1.267879,-46.48154,0.6200515,0.04648442,0.7527542,0.04365633
1.278862,-48.74749,0.5659599,0.04798896,0.7492975,0.04312862
1.289844,-50.92357,0.5097232,0.04989038,0.7454435,0.04257648
1.300826,-53.00036,0.4527074,0.05218302,0.7412262,0.04200103
1.31267,-55.11387,0.392145,0.05508769,0.7363103,0.0413557
1.324514,-57.07596,0.3341226,0.05843418,0.731054,0.04068631
1.336358,-58.8711,0.2801946,0.06220843,0.7255017,0.03999472
1.348202,-60.4907,0.2317993,0.06638933,0.7196984,0.03928298
1.357397,-61.62573,0.19866,0.06989861,0.7150477,0.03871784
1.366593,-62.65662,0.1695338,0.07362204,0.7102916,0.0381428
1.375789,-63.58821,0.144432,0.07754371,0.7054479,0.0375588
1.384984,-64.42646,0.1231041,0.081647,0.7005333,0.03696672
1.39418,-65.17847,0.1051153,0.08591483,0.6955627,0.03636739
1.403375,-65.85212,0.0902355,0.09033043,0.6905497,0.03576156
1.412571,-66.45489,0.07815762,0.09487764,0.6855062,0.03514993
1.421767,-66.99354,0.06835071,0.09954098,0.6804429,0.03453311
1.429199,-67.38642,0.06172491,0.1033849,0.6763423,0.03403115
1.436631,-67.74492,0.05616393,0.1072877,0.6722393,0.03352645
1.444064,-68.07197,0.05152748,0.1112426,0.6681379,0.03301924
1.451496,-68.37022,0.04764315,0.1152431,0.6640415,0.03250974
1.458581,-68.62992,0.04449831,0.1190934,0.6601443,0.03202213
1.465666,-68.86758,0.04183759,0.1229747,0.6562572,0.03153279
1.472751,-69.08496,0.039593,0.1268823,0.6523824,0.03104188
1.479836,-69.28366,0.03768496,0.130812,0.6485219,0.03054952
1.48719,-69.47171,0.03598613,0.1349102,0.6445318,0.03003706
1.494544,-69.64267,0.03454254,0.1390236,0.6405611,0.02952332
1.501898,-69.79789,0.03331824,0.1431483,0.6366114,0.02900841
1.509253,-69.93861,0.03226938,0.1472807,0.6326843,0.02849246
1.517241,-70.07629,0.03128532,0.151774,0.6284459,0.02793097
1.525229,-70.19945,0.03044778,0.1562685,0.6242373,0.02736849
1.533217,-70.30926,0.02973753,0.1607605,0.62006,0.02680512
1.541205,-70.40675,0.02912832,0.1652465,0.615915,0.02624097
1.550193,-70.50293,0.02853608,0.1702832,0.6112915,0.02560538
1.559181,-70.58595,0.02803678,0.1753044,0.6067119,0.02496905
1.568169,-70.65693,0.02762008,0.1803065,0.6021774,0.02433208
1.577157,-70.71684,0.0272687,0.1852861,0.597689,0.02369458
1.587557,-70.77351,0.02692462,0.1910161,0.5925543,0.02295638
1.597957,-70.81777,0.02664697,0.1967077,0.5874839,0.02221774
1.608357,-70.85071,0.02643004,0.2023571,0.5824788,0.02147877
1.618758,-70.8733,0.0262611,0.207961,0.5775398,0.02073959
1.63107,-70.88785,0.02610864,0.2145321,0.5717792,0.01986438
1.643382,-70.89037,0.02601002,0.2210309,0.5661132,0.01898917
1.655694,-70.88198,0.02596188,0.2274534,0.5605424,0.01811411
1.668006,-70.86366,0.02595366,0.2337963,0.5550673,0.01723932
1.682848,-70.8296,0.02598454,0.2413326,0.548595,0.01618536
1.697689,-70.7837,0.02606457,0.2487449,0.5422623,0.01513214
1.712531,-70.72712,0.02619189,0.2560298,0.5360693,0.01407984
1.727372,-70.66086,0.0263565,0.2631844,0.5300156,0.01302861
1.745318,-70.56909,0.02659236,0.2716582,0.5228811,0.01175913
1.763264,-70.46583,0.02687879,0.279935,0.5159484,0.01049162
1.78121,-70.35225,0.0272174,0.2880124,0.5092162,0.009226295
1.799156,-70.22939,0.02759386,0.295889,0.5026826,0.007963316
1.818914,-70.08443,0.02803155,0.3043278,0.4957166,0.006575658
1.838673,-69.93034,0.02852209,0.3125214,0.4889865,0.005191229
1.858432,-69.76803,0.02907695,0.3204698,0.4824893,0.003810201
1.87819,-69.59831,0.02966522,0.3281738,0.476222,0.002432727
1.89661,-69.43402,0.03021636,0.3351366,0.4705835,0.001151884
1.915031,-69.26443,0.03081248,0.3418889,0.4651392,-0.0001256479
1.933451,-69.09002,0.03146693,0.3484321,0.4598866,-0.001399776
1.951871,-68.9112,0.03214733,0.3547677,0.4548229,-0.002670415
1.968843,-68.74286,0.03277334,0.3604229,0.4503221,-0.003837974
1.985814,-68.57141,0.03343436,0.3659047,0.4459771,-0.00500245
2.002786,-68.39709,0.03413871,0.3712146,0.4417856,-0.006163795
2.019758,-68.22014,0.03486632,0.3763542,0.4377454,-0.007321961
2.036993,-68.03798,0.03561011,0.3814011,0.433795,-0.008494827
2.054228,-67.85357,0.03638733,0.3862757,0.429996,-0.009664331
2.071464,-67.66712,0.03720666,0.3909798,0.426346,-0.01083044
2.088699,-67.47881,0.03804969,0.3955152,0.4228428,-0.01199311
2.1067,-67.28034,0.03893521,0.4000738,0.419338,-0.01320375
2.124701,-67.08024,0.03985729,0.4044522,0.415988,-0.01441057
2.142702,-66.87871,0.04082716,0.4086527,0.4127903,-0.01561357
2.160703,-66.67589,0.04182227,0.412677,0.4097421,-0.01681271
2.179064,-66.46783,0.04283985,0.4166028,0.4067843,-0.01803187
2.197426,-66.25878,0.04389616,0.4203496,0.4039766,-0.01924697
2.215787,-66.04889,0.04500356,0.4239197,0.4013163,-0.02045801
2.234149,-65.83828,0.04613728,0.4273151,0.3988006,-0.02166496
2.252847,-65.62316,0.04729349,0.4305954,0.3963845,-0.02288984
2.271545,-65.40758,0.04849004,0.433699,0.3941129,-0.02411047
2.290243,-65.19167,0.04973989,0.4366279,0.3919827,-0.02532683
2.308941,-64.97551,0.05101727,0.4393843,0.3899912,-0.02653893
2.328162,-64.75309,0.05233195,0.4420403,0.3880856,-0.02778046
2.347383,-64.53064,0.05368937,0.4445185,0.3863206,-0.02901748
2.366604,-64.30828,0.05510362,0.4468212,0.3846932,-0.03024999
2.385825,-64.08603,0.05654702,0.4489505,0.3832005,-0.03147799
2.405674,-63.85667,0.05803857,0.4509699,0.3817973,-0.03274134
2.425522,-63.62763,0.059576,0.4528091,0.3805314,-0.0339999
2.44537,-63.39901,0.06117491,0.4544706,0.3793998,-0.03525367
2.465219,-63.1708,0.062805,0.4559566,0.3783992,-0.03650265
2.485749,-62.93513,0.06449129,0.4573116,0.3774987,-0.0377895
2.506279,-62.70005,0.06622727,0.4584839,0.376732,-0.03907126
2.526809,-62.46565,0.06803025,0.4594759,0.3760955,-0.04034793
2.547339,-62.23184,0.06986693,0.4602901,0.3755862,-0.04161953
2.568607,-61.99012,0.07176928,0.4609488,0.3751889,-0.04293153
2.589875,-61.74914,0.07372614,0.4614219,0.3749212,-0.04423812
2.611143,-61.50897,0.07575688,0.461712,0.3747796,-0.04553931
2.632412,-61.26945,0.07782477,0.4618217,0.3747607,-0.04683512
2.654469,-61.02149,0.07996897,0.461748,0.374867,-0.04817337
2.676527,-60.77426,0.0821742,0.4614858,0.3750982,-0.04950587
2.698585,-60.52784,0.08446241,0.4610376,0.375451,-0.05083262
2.720643,-60.28193,0.08679287,0.4604065,0.3759218,-0.05215365
2.743522,-60.02705,0.08921075,0.4595618,0.3765311,-0.05351787
2.766401,-59.7727,0.09169893,0.4585257,0.3772604,-0.05487596
2.789281,-59.51893,0.0942827,0.457301,0.3781065,-0.0562279
2.81216,-59.2653,0.09691665,0.4558908,0.3790658,-0.05757374
2.835867,-59.0021,0.09964973,0.4542373,0.3801756,-0.05896177
2.859573,-58.73893,0.1024669,0.4523901,0.3814003,-0.06034324
2.883279,-58.47583,0.1053978,0.4503514,0.3827373,-0.06171813
2.906985,-58.21213,0.1083918,0.4481246,0.3841831,-0.06308644
2.931486,-57.93815,0.1114976,0.4456289,0.385788,-0.06449372
2.955987,-57.66326,0.1147087,0.4429369,0.3875037,-0.06589394
2.980488,-57.3875,0.1180609,0.4400504,0.3893279,-0.06728704
3.004989,-57.10983,0.1214973,0.4369724,0.3912576,-0.06867303
3.030202,-56.8209,0.1250605,0.4336083,0.3933506,-0.07009182
3.055415,-56.52948,0.1287627,0.4300443,0.3955517,-0.07150294
3.080628,-56.23548,0.132649,0.4262808,0.39786,-0.07290629
3.105841,-55.93737,0.1366555,0.4223202,0.4002734,-0.07430182
3.131618,-55.62647,0.1408089,0.4180694,0.4028475,-0.07572043
3.157395,-55.31031,0.1451572,0.4136116,0.4055312,-0.07713059
3.183173,-54.9886,0.1497601,0.4089445,0.4083259,-0.07853212
3.20895,-54.65886,0.1545478,0.4040685,0.4112309,-0.07992489
3.235068,-54.3136,0.1595156,0.3989151,0.4142871,-0.08132699
3.261187,-53.95809,0.1647765,0.3935385,0.4174625,-0.08271957
3.287305,-53.59148,0.1704158,0.3879312,0.4207623,-0.0841023
3.313423,-53.20949,0.1763631,0.3820894,0.4241894,-0.08547487
3.33958,-52.80641,0.1825582,0.3759985,0.4277532,-0.08683896
3.365737,-52.3834,0.189233,0.369648,0.4314619,-0.08819189
3.391894,-51.93795,0.1965237,0.3630193,0.4353282,-0.08953301
3.418051,-51.46198,0.2043785,0.3560981,0.4393626,-0.09086172
3.443869,-50.95234,0.212642,0.3489621,0.4435227,-0.09216038
3.469688,-50.40173,0.2217774,0.3414831,0.447887,-0.09344504
3.495507,-49.80288,0.2320401,0.333618,0.4524853,-0.09471439
3.521326,-49.13799,0.2434626,0.3253269,0.4573463,-0.09596708
3.546386,-48.40723,0.2557241,0.3168242,0.4623504,-0.09716547
3.571446,-47.58305,0.2697959,0.307782,0.4676982,-0.09834414
3.596507,-46.64248,0.2862546,0.2980961,0.4734629,-0.09950019
3.621567,-45.53867,0.3054474,0.2876571,0.4797253,-0.1006303
3.645545,-44.2707,0.3268367,0.2768344,0.4862808,-0.1016835
3.669523,-42.75303,0.3526131,0.2649731,0.4935476,-0.1027032
3.6935,-40.90802,0.384231,0.2518227,0.5017298,-0.1036821
3.717478,-38.60161,0.4229567,0.2371248,0.5110737,-0.104611
3.741085,-35.75426,0.4697583,0.2208798,0.5217139,-0.1054654
3.764692,-32.12925,0.5275967,0.2025428,0.5342875,-0.1062428
3.788299,-27.62759,0.5966524,0.1822262,0.5492904,-0.1069243
3.811907,-22.40726,0.6744993,0.1606738,0.5671233,-0.1074913
3.826349,-19.03664,0.7240331,0.1474151,0.5795232,-0.1077749
3.840791,-15.7569,0.7716975,0.1345003,0.5929333,-0.1080102
3.855234,-12.79931,0.8149384,0.1222081,0.6071323,-0.1082004
3.869676,-10.40735,0.8519856,0.1107264,0.6218138,-0.1083517
3.87953,-9.213559,0.8731424,0.1034136,0.6319098,-0.1084373
3.889384,-8.412903,0.8907856,0.09654162,0.6419093,-0.1085131
3.899238,-8.021162,0.9049987,0.09011375,0.6516831,-0.1085831
3.909091,-8.040006,0.9160512,0.08412489,0.6611171,-0.1086512
3.918945,-8.453809,0.9242739,0.07856478,0.6701104,-0.1087214
3.928799,-9.229173,0.9299389,0.07342127,0.6785773,-0.1087976
3.938653,-10.32775,0.9333084,0.06868119,0.6864527,-0.108883
3.948506,-11.70749,0.9345662,0.06433261,0.6936897,-0.1089806
3.962102,-13.98596,0.9329032,0.05895927,0.7025687,-0.1091402
3.975697,-16.60031,0.9277073,0.05427741,0.7101428,-0.109333
3.989292,-19.45029,0.9191033,0.05025788,0.7164206,-0.1095629
4.002888,-22.43608,0.9064519,0.04689549,0.7214298,-0.1098324
4.017449,-25.69288,0.88765,0.04401554,0.7254484,-0.1101668
4.03201,-28.95184,0.8632899,0.04184807,0.7281652,-0.1105486
4.046571,-32.16311,0.8329222,0.04036923,0.7296742,-0.1109775
4.061132,-35.29293,0.796009,0.03955753,0.7300698,-0.1114525
4.073753,-37.92889,0.7585881,0.03937378,0.7295863,-0.1119004
4.086374,-40.48806,0.7161268,0.03965702,0.7283937,-0.1123812
4.098996,-42.96602,0.6687624,0.04039711,0.7265426,-0.1128938
4.111617,-45.36452,0.6172438,0.04158209,0.7240865,-0.1134371
4.124239,-47.6843,0.5626407,0.04320287,0.721076,-0.11401
4.13686,-49.91379,0.5057547,0.04526095,0.7175522,-0.1146115
4.149481,-52.04016,0.4477871,0.04775551,0.7135589,-0.1152406
4.162103,-54.04967,0.3904678,0.05068119,0.7091434,-0.1158957
4.174995,-55.96569,0.3344592,0.05410705,0.7042468,-0.11659
4.187888,-57.72799,0.2823961,0.05796379,0.6990089,-0.117308
4.20078,-59.32727,0.2354764,0.06223263,0.6934797,-0.1180476
4.213672,-60.76108,0.1945504,0.06688862,0.6877076,-0.1188066
4.222284,-61.62837,0.1707335,0.07019957,0.6837395,-0.1193234
4.230896,-62.4262,0.1497009,0.07365978,0.6796961,-0.1198473
4.239508,-63.15798,0.1313694,0.07725885,0.6755893,-0.1203778
4.24812,-63.82749,0.1155302,0.08098622,0.6714298,-0.1209142
4.256732,-64.43885,0.1019051,0.08483117,0.6672275,-0.1214562
4.265344,-64.99651,0.09032957,0.08878318,0.6629915,-0.1220031
4.273956,-65.50472,0.08060287,0.09283202,0.6587298,-0.1225545
4.282568,-65.96742,0.07243289,0.09696785,0.6544499,-0.1231101
4.290651,-66.36366,0.06592254,0.1009206,0.6504219,-0.123635
4.298735,-66.72613,0.06042584,0.1049342,0.6463885,-0.1241629
4.306818,-67.05756,0.05581455,0.1090016,0.6423542,-0.1246936
4.314902,-67.36044,0.05192411,0.1131162,0.638323,-0.1252268
4.322652,-67.62613,0.04873311,0.1170996,0.6344643,-0.1257401
4.330402,-67.86956,0.04601637,0.1211153,0.6306147,-0.1262554
4.338152,-68.09244,0.04371021,0.1251585,0.6267768,-0.1267725
4.345903,-68.29632,0.04173655,0.1292246,0.622953,-0.1272912
4.353976,-68.49004,0.03996034,0.1334801,0.6189868,-0.1278331
4.36205,-68.66616,0.03844151,0.1377513,0.6150404,-0.1283764
4.370124,-68.82603,0.03714597,0.1420339,0.6111157,-0.1289211
4.378197,-68.97087,0.03602947,0.1463239,0.6072146,-0.129467
4.386976,-69.11262,0.03497423,0.1509927,0.6030015,-0.1300617
4.395755,-69.23921,0.03407161,0.1556617,0.5988199,-0.1306575
4.404534,-69.35185,0.03330319,0.1603267,0.5946717,-0.1312544
4.413313,-69.4516,0.03264171,0.164984,0.5905582,-0.1318521
4.423182,-69.54955,0.03199687,0.1702061,0.5859771,-0.132525
4.433051,-69.63368,0.03145241,0.1754098,0.5814432,-0.1331987
4.44292,-69.70513,0.03099831,0.1805909,0.5769581,-0.1338731
4.452788,-69.7649,0.03061596,0.1857458,0.5725229,-0.134548
4.464176,-69.82055,0.03024341,0.1916567,0.567469,-0.1353274
4.475563,-69.86311,0.02994503,0.1975235,0.5624844,-0.1361073
4.48695,-69.89372,0.02971517,0.203342,0.5575706,-0.1368875
4.498338,-69.91338,0.02953966,0.2091084,0.5527284,-0.1376679
4.511763,-69.92369,0.02938649,0.2158355,0.5471129,-0.138588
4.525188,-69.92131,0.02929492,0.2224808,0.5415993,-0.1395081
4.538613,-69.90741,0.02926155,0.2290402,0.5361883,-0.1404279
4.552038,-69.88301,0.02927438,0.2355101,0.5308806,-0.1413473
4.568146,-69.84112,0.02933683,0.2431507,0.5246487,-0.1424499
4.584255,-69.78677,0.02945655,0.2506535,0.5185664,-0.1435515
4.600363,-69.72119,0.02963182,0.2580146,0.5126335,-0.1446519
4.616472,-69.64542,0.0298509,0.2652309,0.5068498,-0.145751
4.635761,-69.54259,0.03015523,0.2736782,0.5001198,-0.1470652
4.65505,-69.42789,0.03051922,0.2819112,0.4936018,-0.148377
4.674338,-69.30256,0.03094593,0.2899275,0.4872943,-0.1496862
4.693627,-69.16767,0.03141685,0.2977256,0.4811955,-0.1509927
4.714228,-69.01408,0.03194361,0.305812,0.4749099,-0.1523848
4.734829,-68.85168,0.03253058,0.313648,0.4688574,-0.1537734
4.75543,-68.68137,0.03319198,0.3212337,0.4630349,-0.1551582
4.776031,-68.50393,0.03389062,0.3285698,0.4574394,-0.1565392
4.794985,-68.33498,0.03453542,0.3350997,0.4524891,-0.1578062
4.813939,-68.16111,0.03522941,0.3414204,0.4477257,-0.1590698
4.832893,-67.9828,0.03598636,0.3475331,0.4431464,-0.1603297
4.851846,-67.80043,0.03677244,0.3534394,0.4387486,-0.161586
4.869579,-67.62646,0.03750859,0.3587798,0.4347959,-0.162758
4.887312,-67.44957,0.03828354,0.3639423,0.4309974,-0.1639267
4.905045,-67.27005,0.03910631,0.3689285,0.4273509,-0.165092
4.922778,-67.08812,0.03995533,0.37374,0.4238539,-0.1662539
4.941001,-66.89889,0.04083383,0.378504,0.4204137,-0.1674444
4.959224,-66.7076,0.04175051,0.3830871,0.4171264,-0.1686311
4.977447,-66.51448,0.04271557,0.3874909,0.4139897,-0.1698141
4.99567,-66.31973,0.04370745,0.3917174,0.4110009,-0.1709934
5.014623,-66.11561,0.04474388,0.3959273,0.4080464,-0.1722159
5.033577,-65.91012,0.04582155,0.3999495,0.4052464,-0.1734343
5.052531,-65.70349,0.0469533,0.4037862,0.402598,-0.1746486
5.071484,-65.49584,0.04811305,0.4074395,0.4000984,-0.1758588
5.0908,-65.2833,0.04929684,0.4109763,0.397701,-0.1770877
5.110116,-65.07005,0.05052366,0.4143271,0.3954523,-0.1783124
5.129432,-64.85626,0.05180742,0.4174942,0.3933492,-0.1795327
5.148749,-64.64202,0.05311997,0.4204799,0.3913887,-0.1807486
5.168476,-64.42283,0.05446126,0.4233442,0.3895307,-0.1819859
5.188204,-64.20345,0.05584719,0.426024,0.3878153,-0.1832186
5.207932,-63.98402,0.05729246,0.4285215,0.3862395,-0.1844468
5.22766,-63.76458,0.0587676,0.4308391,0.3848002,-0.1856703
5.247981,-63.53855,0.06028727,0.4330409,0.3834571,-0.186926
5.268303,-63.31275,0.06185414,0.4350567,0.3822524,-0.1881768
5.288624,-63.08728,0.06348435,0.4368891,0.3811828,-0.1894227
5.308946,-62.86214,0.065146,0.4385404,0.3802452,-0.1906639
5.329951,-62.62972,0.06686258,0.4400599,0.3794112,-0.1919417
5.350957,-62.39783,0.06862984,0.4413912,0.3787113,-0.1932144
5.371962,-62.16657,0.07046571,0.442537,0.3781422,-0.1944819
5.392968,-61.93586,0.07233517,0.4435001,0.3777004,-0.1957443
5.414707,-61.69753,0.07426775,0.4443072,0.3773736,-0.1970455
5.436445,-61.45992,0.07625548,0.4449242,0.3771761,-0.1983411
5.458184,-61.22311,0.0783184,0.4453536,0.3771045,-0.1996314
5.479923,-60.98692,0.08041792,0.4455986,0.3771551,-0.2009162
5.502443,-60.74267,0.08259005,0.4456611,0.3773326,-0.2022415
5.524963,-60.49917,0.08482341,0.4455315,0.3776342,-0.2035609
5.547482,-60.25648,0.08714065,0.4452126,0.3780563,-0.2048746
5.570002,-60.01432,0.08949904,0.4447077,0.3785952,-0.2061826
5.593335,-59.76361,0.09194014,0.4439919,0.3792729,-0.2075317
5.616669,-59.51346,0.09445119,0.4430824,0.380069,-0.2088747
5.640002,-59.26396,0.09705819,0.4419821,0.3809801,-0.2102115
5.663335,-59.01465,0.09971348,0.4406946,0.3820025,-0.2115422
5.687484,-58.75628,0.1024615,0.4391686,0.3831739,-0.212913
5.711634,-58.49803,0.1052923,0.437448,0.384458,-0.2142773
5.735783,-58.23999,0.1082364,0.4355356,0.3858516,-0.2156349
5.759933,-57.98149,0.1112403,0.4334349,0.3873511,-0.216986
5.784861,-57.71333,0.1143469,0.4310729,0.3890066,-0.2183738
5.809789,-57.44449,0.117556,0.4285159,0.3907693,-0.2197545
5.834717,-57.17504,0.120904,0.4257659,0.392637,-0.2211282
5.859645,-56.90396,0.1243306,0.4228267,0.3946064,-0.2224948
5.885263,-56.62249,0.1278706,0.4196127,0.3967331,-0.2238918
5.910881,-56.33894,0.1315436,0.4162027,0.3989633,-0.2252812
5.936499,-56.05335,0.1353948,0.4125978,0.4012959,-0.226663
5.962118,-55.76419,0.1393564,0.4088012,0.4037285,-0.228037
5.988274,-55.46349,0.1434444,0.4047301,0.4063129,-0.2294319
6.014431,-55.15837,0.1477151,0.4004598,0.4090006,-0.2308185
6.040588,-54.84872,0.1522266,0.3959893,0.4117924,-0.2321966
6.066744,-54.53217,0.1569038,0.3913203,0.4146871,-0.2335662
6.093218,-54.20203,0.1617292,0.3863941,0.4177212,-0.2349435
6.119692,-53.86336,0.1668215,0.3812591,0.420865,-0.2363117
6.146165,-53.51565,0.1722607,0.3759098,0.4241228,-0.2376703
6.172639,-53.15503,0.1779674,0.3703449,0.4274961,-0.2390191
6.199138,-52.77661,0.1838688,0.3645562,0.430991,-0.2403593
6.225638,-52.38196,0.1901904,0.3585336,0.4346152,-0.2416888
6.252137,-51.96943,0.1970535,0.3522635,0.4383791,-0.2430072
6.278637,-51.53215,0.2043873,0.3457369,0.4422899,-0.244314
6.30481,-51.06776,0.2120283,0.3390277,0.446306,-0.2455928
6.330984,-50.57121,0.2203961,0.3320257,0.450497,-0.2468586
6.357157,-50.03766,0.2297014,0.3246994,0.4548861,-0.2481105
6.383331,-49.45325,0.239924,0.3170223,0.4594936,-0.2493474
6.408785,-48.81921,0.2507467,0.3091884,0.4642083,-0.2505348
6.434239,-48.11596,0.2629832,0.300925,0.4692012,-0.2517049
6.459693,-47.32889,0.2770647,0.29216,0.4745254,-0.2528555
6.485147,-46.42529,0.2931606,0.282823,0.4802354,-0.2539843
6.509517,-45.41041,0.3106948,0.2732659,0.4861283,-0.2550419
6.533887,-44.22703,0.3313716,0.2629548,0.492549,-0.2560725
6.558257,-42.82938,0.3561997,0.2517231,0.4996319,-0.2570711
6.582626,-41.13076,0.3859215,0.239401,0.5075299,-0.2580317
6.605946,-39.12678,0.4198459,0.2264081,0.5160322,-0.2589084
6.629266,-36.66154,0.461304,0.2119443,0.5257558,-0.2597329
6.652586,-33.63782,0.5117727,0.1958452,0.5370344,-0.2604928
6.675906,-29.96296,0.5715052,0.1781685,0.5502095,-0.2611746
6.699521,-25.59653,0.6411188,0.1589706,0.5658359,-0.26177
6.723136,-20.85996,0.7145713,0.1393871,0.5839682,-0.2622561
6.74675,-16.29478,0.7840785,0.1204634,0.6043266,-0.2626315
6.770365,-12.76377,0.8424374,0.1031121,0.6260751,-0.2629105
6.781686,-11.70941,0.8646454,0.09555367,0.6366071,-0.2630187
6.793008,-11.10238,0.8827659,0.08851104,0.6469667,-0.2631176
6.804329,-10.95718,0.8968832,0.08199024,0.6569945,-0.2632123
6.81565,-11.2698,0.9073049,0.07598602,0.6665535,-0.263308
6.826971,-12.01333,0.9143791,0.07048695,0.6755251,-0.2634096
6.838292,-13.1412,0.9183966,0.06547881,0.6838136,-0.2635218
6.849614,-14.60213,0.9196182,0.06094647,0.6913513,-0.2636487
6.860935,-16.3398,0.9181352,0.05687833,0.6980933,-0.2637938
6.87516,-18.8238,0.912306,0.05241172,0.7053986,-0.2640062
6.889386,-21.55257,0.9022952,0.04863413,0.7114081,-0.2642557
6.903611,-24.43919,0.8880544,0.04552114,0.7161516,-0.2645449
6.917837,-27.39873,0.868827,0.04306669,0.7196727,-0.2648758
6.932063,-30.36745,0.843974,0.04126014,0.7220361,-0.2652489
6.946288,-33.30929,0.8133316,0.04007365,0.7233195,-0.265664
6.960514,-36.19396,0.7765773,0.03948789,0.7235981,-0.2661207
6.974739,-39.00653,0.7337228,0.03948192,0.7229501,-0.2666178
6.98638,-41.25138,0.6943461,0.03989397,0.7217845,-0.2670539
6.998021,-43.44009,0.651245,0.04067522,0.720085,-0.2675158
7.009662,-45.56843,0.6047788,0.04182164,0.7178862,-0.2680028
7.021303,-47.63356,0.5556991,0.04332841,0.7152246,-0.2685141
7.032944,-49.63077,0.5049614,0.0451922,0.7121355,-0.269049
7.044585,-51.54863,0.4534108,0.04741385,0.7086509,-0.2696067
7.056226,-53.37539,0.4020863,0.04999172,0.7048047,-0.2701861
7.067867,-55.09951,0.3522389,0.0529209,0.7006325,-0.2707861
7.081367,-56.95562,0.2978591,0.05674799,0.695433,-0.271506
7.094867,-58.64549,0.2484877,0.06101981,0.6898993,-0.2722498
7.108367,-60.16354,0.2051419,0.06571132,0.6840855,-0.2730152
7.121867,-61.51142,0.1682849,0.07079165,0.6780432,-0.2737998
7.129302,-62.18391,0.1507426,0.07374278,0.6746352,-0.2742393
7.136738,-62.80929,0.135091,0.07679457,0.6711798,-0.2746836
7.144173,-63.38987,0.1212435,0.07994057,0.6676837,-0.2751323
7.151608,-63.92803,0.109062,0.08317426,0.6641533,-0.2755852
7.159043,-64.42629,0.09838275,0.08648917,0.6605943,-0.2760419
7.166479,-64.88726,0.08909019,0.08987892,0.6570122,-0.2765021
7.173914,-65.31343,0.08105506,0.09333731,0.6534119,-0.2769656
7.181349,-65.70718,0.07411612,0.09685832,0.649798,-0.2774321
7.189655,-66.11149,0.06745879,0.1008588,0.6457496,-0.2779565
7.197962,-66.48121,0.06183778,0.1049225,0.6416945,-0.2784841
7.206268,-66.81913,0.05712353,0.109042,0.6376375,-0.2790146
7.214574,-67.12779,0.05314619,0.1132104,0.6335829,-0.2795477
7.222471,-67.39622,0.04990822,0.1172124,0.6297343,-0.2800567
7.230367,-67.6422,0.04714775,0.1212473,0.6258943,-0.2805678
7.238263,-67.86745,0.04480144,0.1253103,0.6220656,-0.2810806
7.246159,-68.07352,0.04279079,0.1293967,0.6182507,-0.2815951
7.254387,-68.26942,0.04097821,0.1336754,0.6142922,-0.2821329
7.262616,-68.44753,0.0394265,0.13797,0.6103533,-0.2826722
7.270845,-68.6092,0.03810157,0.1422764,0.6064362,-0.2832128
7.279074,-68.75567,0.03695862,0.1465903,0.6025427,-0.2837547
7.288014,-68.89887,0.03587805,0.1512816,0.5983412,-0.2843446
7.296955,-69.02676,0.03495291,0.1559729,0.5941715,-0.2849357
7.305895,-69.14053,0.03416477,0.1606603,0.5900353,-0.2855279
7.314836,-69.24125,0.03348587,0.1653398,0.5859342,-0.286121
7.324879,-69.34004,0.03282415,0.1705825,0.5813711,-0.2867881
7.334921,-69.42486,0.03226522,0.1758063,0.5768557,-0.287456
7.344964,-69.49685,0.031799,0.1810071,0.5723895,-0.2881247
7.355006,-69.55701,0.03140646,0.1861811,0.5679738,-0.2887939
7.366582,-69.61289,0.03102442,0.1921072,0.5629483,-0.289566
7.378157,-69.65555,0.03071864,0.1979884,0.5579929,-0.2903385
7.389732,-69.68611,0.03048343,0.2038204,0.5531089,-0.2911113
7.401308,-69.70558,0.03030423,0.2095995,0.5482974,-0.2918843
7.41494,-69.71552,0.03014854,0.2163327,0.5427253,-0.2927948
7.428571,-69.71264,0.03005636,0.2229828,0.537256,-0.2937051
7.442203,-69.69811,0.03002424,0.2295458,0.5318903,-0.2946152
7.455835,-69.67295,0.03003984,0.2360177,0.5266289,-0.295525
7.472176,-69.63006,0.03010711,0.2436516,0.5204599,-0.2966148
7.488517,-69.5746,0.03023356,0.2511456,0.5144417,-0.2977036
7.504858,-69.50777,0.03041743,0.2584959,0.5085743,-0.2987912
7.521198,-69.43067,0.03064663,0.2656994,0.5028574,-0.2998775
7.540738,-69.32627,0.03096397,0.2741167,0.4962184,-0.3011744
7.560278,-69.20993,0.03134301,0.2823172,0.4897927,-0.302469
7.579817,-69.08288,0.03178703,0.2902985,0.4835789,-0.3037608
7.599357,-68.9462,0.03227674,0.2980589,0.4775751,-0.3050499
7.62015,-68.79124,0.03282211,0.3060736,0.4714145,-0.3064183
7.640943,-68.62747,0.03342944,0.3138366,0.4654867,-0.3077832
7.661737,-68.45582,0.0341134,0.3213482,0.4597888,-0.3091443
7.68253,-68.27707,0.03483563,0.328609,0.4543177,-0.3105014
7.701637,-68.10715,0.03550133,0.3350607,0.4494875,-0.3117449
7.720744,-67.93235,0.03621736,0.3413026,0.4448435,-0.3129849
7.73985,-67.75314,0.0369977,0.347336,0.4403831,-0.3142212
7.758957,-67.56993,0.03780795,0.3531624,0.4361035,-0.3154539
7.776869,-67.39485,0.03856847,0.3584379,0.4322533,-0.316606
7.794781,-67.21689,0.03936875,0.3635344,0.4285574,-0.3177548
7.812693,-67.03633,0.04021801,0.3684533,0.4250134,-0.3189001
7.830605,-66.85339,0.04109422,0.3731962,0.4216189,-0.320042
7.849034,-66.66292,0.04200191,0.3778942,0.41828,-0.3212132
7.867462,-66.47044,0.04294883,0.3824094,0.4150945,-0.3223807
7.885891,-66.27617,0.04394549,0.3867438,0.4120597,-0.3235443
7.90432,-66.0803,0.04496962,0.3908991,0.4091729,-0.3247042
7.923479,-65.87515,0.04603906,0.3950314,0.4063262,-0.3259059
7.942638,-65.66869,0.04715076,0.3989744,0.4036339,-0.3271035
7.961796,-65.46113,0.04831789,0.4027303,0.4010931,-0.3282968
7.980955,-65.25261,0.04951361,0.4063013,0.3987009,-0.329486
8.000481,-65.0392,0.05073398,0.409753,0.3964128,-0.3306936
8.020008,-64.82514,0.05199835,0.413017,0.394273,-0.3318968
8.039534,-64.6106,0.05332096,0.4160959,0.3922787,-0.3330956
8.05906,-64.39565,0.05467291,0.4189918,0.3904267,-0.3342899
8.079012,-64.17568,0.05605479,0.4217641,0.3886783,-0.3355057
8.098963,-63.95556,0.05748227,0.4243503,0.3870723,-0.3367168
8.118914,-63.73545,0.05897045,0.4267525,0.3856056,-0.3379233
8.138865,-63.51538,0.060489,0.4289733,0.3842749,-0.3391251
8.159422,-63.28866,0.06205346,0.4310744,0.3830429,-0.3403587
8.17998,-63.06221,0.06366614,0.4329879,0.3819488,-0.3415873
8.200537,-62.83614,0.06534361,0.4347162,0.3809894,-0.342811
8.221095,-62.61042,0.06705304,0.4362621,0.3801612,-0.3440299
8.242346,-62.3774,0.06881876,0.4376711,0.3794397,-0.3452847
8.263598,-62.14494,0.07063626,0.4388905,0.3788515,-0.3465344
8.28485,-61.91313,0.072524,0.4399228,0.3783934,-0.3477788
8.306102,-61.68189,0.0744459,0.440771,0.3780618,-0.3490181
8.328096,-61.44301,0.07643227,0.4414578,0.3778482,-0.3502952
8.35009,-61.20484,0.07847508,0.4419531,0.3777629,-0.3515668
8.372084,-60.96749,0.08059503,0.4422596,0.3778025,-0.3528328
8.394078,-60.73075,0.08275229,0.4423804,0.3779633,-0.3540934
8.416859,-60.48593,0.08498342,0.4423131,0.3782538,-0.3553933
8.43964,-60.24183,0.08727744,0.4420526,0.3786671,-0.3566874
8.462421,-59.99853,0.08965776,0.4416017,0.3791998,-0.3579755
8.485202,-59.75571,0.09208026,0.4409639,0.379848,-0.3592579
8.508797,-59.50432,0.09458653,0.4401098,0.3806374,-0.36058
8.532392,-59.25343,0.097165,0.4390613,0.3815437,-0.3618958
8.555987,-59.00314,0.0998426,0.4378214,0.3825637,-0.3632054
8.579583,-58.75295,0.1025701,0.4363936,0.3836935,-0.3645088
8.603987,-58.49368,0.105391,0.4347231,0.3849739,-0.3658503
8.628391,-58.23443,0.1082979,0.4328577,0.3863653,-0.3671852
8.652796,-57.97528,0.1113225,0.4308001,0.3878648,-0.3685134
8.6772,-57.7155,0.1144095,0.4285541,0.3894688,-0.369835
8.702365,-57.44606,0.1175992,0.4260447,0.3912288,-0.3711908
8.727531,-57.17576,0.1208962,0.4233403,0.3930945,-0.3725395
8.752697,-56.90467,0.1243383,0.4204431,0.3950638,-0.3738811
8.777862,-56.63169,0.1278632,0.4173567,0.3971336,-0.3752154
8.803687,-56.3483,0.1315009,0.4139967,0.3993589,-0.3765772
8.829512,-56.06254,0.1352788,0.4104411,0.4016865,-0.3779313
8.855337,-55.77445,0.1392441,0.4066909,0.4041155,-0.3792776
8.881161,-55.48236,0.1433267,0.4027492,0.4066435,-0.380616
8.907479,-55.17868,0.1475348,0.3985383,0.4093196,-0.3819719
8.933797,-54.8701,0.1519368,0.3941287,0.4120985,-0.3833194
8.960115,-54.55649,0.1565939,0.3895188,0.4149812,-0.3846582
8.986433,-54.23529,0.1614285,0.3847103,0.4179671,-0.3859884
9.013008,-53.90027,0.1664113,0.3796543,0.4210866,-0.3873226
9.039584,-53.5559,0.1716793,0.374389,0.4243166,-0.3886474
9.066159,-53.20158,0.177318,0.3689082,0.427662,-0.3899625
9.092734,-52.83311,0.183246,0.36321,0.4311251,-0.3912676
9.119265,-52.44619,0.189373,0.3573013,0.4347029,-0.3925603
9.145796,-52.04149,0.1959532,0.3511558,0.4384134,-0.3938422
9.172328,-51.61712,0.2031178,0.3447582,0.4422683,-0.3951126
9.198859,-51.16552,0.2107969,0.3380982,0.446276,-0.3963711
9.224989,-50.6851,0.2188007,0.33127,0.4503829,-0.3975982
9.251118,-50.16926,0.2275976,0.32414,0.4546734,-0.398812
9.277248,-49.61247,0.2374184,0.3166734,0.4591732,-0.4000113
9.303378,-48.99925,0.2482538,0.3088408,0.4639055,-0.401195
9.328716,-48.33188,0.2597451,0.3008608,0.468744,-0.4023266
9.354054,-47.58752,0.2727984,0.292429,0.4738809,-0.4034401
9.379392,-46.74948,0.287893,0.2834656,0.4793759,-0.404533
9.40473,-45.78089,0.3052378,0.2738932,0.4852904,-0.4056027
9.428934,-44.68829,0.3241909,0.2640906,0.4914049,-0.4065999
9.453139,-43.40654,0.3466445,0.2534816,0.4980977,-0.4075682
9.477343,-41.88442,0.3737029,0.2418892,0.5055189,-0.4085021
9.501547,-40.02703,0.4061729,0.2291391,0.513839,-0.4093948
9.524767,-37.82917,0.4433581,0.215643,0.5228647,-0.4102048
9.547987,-35.12766,0.488625,0.2006378,0.5332407,-0.4109578
9.571207,-31.84373,0.5430768,0.1840475,0.5453095,-0.4116406
9.594427,-27.94333,0.6061379,0.1660944,0.5593836,-0.41224
9.617907,-23.46807,0.6767336,0.1470835,0.5759317,-0.4127475
9.641387,-18.9415,0.747534,0.1282303,0.5947738,-0.4131478
9.664867,-15.00724,0.8108222,0.1105066,0.6153689,-0.4134473
9.688347,-12.39237,0.8605576,0.09459227,0.6366854,-0.4136688
9.701454,-11.74854,0.8810339,0.08663766,0.6483805,-0.4137719
9.714561,-11.70337,0.8964053,0.07936128,0.6596215,-0.4138706
9.727668,-12.23622,0.9069837,0.07275735,0.6701999,-0.4139728
9.740775,-13.3042,0.9132475,0.06680946,0.679957,-0.4140855
9.753882,-14.83614,0.9155572,0.06149856,0.6887708,-0.4142152
9.766989,-16.74901,0.9142472,0.05680086,0.6965606,-0.4143676
9.780097,-18.96252,0.9095296,0.05269443,0.7032862,-0.414547
9.793204,-21.39235,0.9011482,0.04917024,0.7089331,-0.4147568
9.808853,-24.46907,0.8857557,0.04571459,0.7142789,-0.4150507
9.824503,-27.65263,0.8645297,0.04304298,0.7181698,-0.4153936
9.840152,-30.86806,0.8371649,0.04112738,0.72069,-0.4157864
9.855802,-34.05137,0.8027925,0.03995147,0.7219278,-0.4162292
9.871832,-37.24389,0.7600995,0.03948663,0.7219751,-0.4167336
9.887861,-40.34824,0.7096101,0.03974389,0.7208855,-0.4172885
9.903891,-43.34486,0.6513216,0.04070902,0.7187501,-0.4178927
9.919921,-46.23379,0.5869974,0.04235804,0.7156733,-0.4185442
9.934022,-48.68506,0.5273402,0.04436008,0.7122668,-0.4191544
9.948124,-51.02846,0.4657576,0.04688482,0.7082584,-0.4197984
9.962225,-53.24397,0.4038666,0.04993093,0.7037065,-0.4204745
9.976327,-55.31207,0.3440062,0.0534888,0.6986749,-0.4211809
9.989364,-57.07612,0.2924275,0.05722109,0.693652,-0.4218587
10.0024,-58.68627,0.2455586,0.06136311,0.6883229,-0.4225584
10.01544,-60.13804,0.2042783,0.0658921,0.6827361,-0.423278
10.02848,-61.43304,0.1689682,0.07078039,0.6769373,-0.4240155
10.03584,-62.09812,0.1516347,0.07368981,0.6735829,-0.4244393
10.04321,-62.71736,0.1361363,0.07669765,0.6701815,-0.4248678
10.05058,-63.29294,0.1223918,0.0797977,0.6667398,-0.4253007
10.05795,-63.82712,0.1102712,0.08298371,0.6632638,-0.4257377
10.06531,-64.32231,0.09962023,0.08624946,0.6597594,-0.4261784
10.07268,-64.781,0.09032785,0.08958879,0.6562317,-0.4266226
10.08005,-65.20558,0.08227011,0.09299573,0.6526856,-0.4270701
10.08742,-65.59833,0.07529305,0.09646447,0.6491254,-0.4275205
10.09579,-66.00885,0.06847448,0.100475,0.645067,-0.4280357
10.10417,-66.38417,0.0627177,0.1045502,0.641001,-0.4285542
10.11254,-66.72713,0.05789082,0.1086826,0.6369325,-0.4290757
10.12091,-67.04032,0.05381963,0.1128652,0.6328658,-0.4295998
10.12885,-67.3117,0.05051698,0.1168674,0.6290188,-0.4300986
10.13678,-67.5604,0.04770096,0.1209032,0.6251801,-0.4305994
10.14471,-67.78816,0.04530727,0.1249676,0.6213524,-0.4311021
10.15264,-67.99655,0.04325598,0.129056,0.6175381,-0.4316064
10.1609,-68.19439,0.04140924,0.1333312,0.6135856,-0.4321329
10.16915,-68.3743,0.03982805,0.1376229,0.6096524,-0.4326609
10.17741,-68.53765,0.03847777,0.1419267,0.6057408,-0.4331903
10.18566,-68.68568,0.03731284,0.1462384,0.6018525,-0.4337209
10.19462,-68.8303,0.03621257,0.1509227,0.597661,-0.434298
10.20358,-68.95952,0.03527033,0.1556074,0.593501,-0.4348763
10.21254,-69.07452,0.03446739,0.1602885,0.5893743,-0.4354557
10.2215,-69.1764,0.03377557,0.1649621,0.5852825,-0.436036
10.23155,-69.27632,0.03310165,0.1701938,0.5807335,-0.4366881
10.24161,-69.3622,0.03253209,0.1754072,0.5762319,-0.4373412
10.25166,-69.43518,0.03205664,0.1805979,0.5717792,-0.437995
10.26172,-69.49628,0.03165602,0.1857621,0.5673768,-0.4386494
10.2733,-69.55311,0.03126604,0.191673,0.56237,-0.4394037
10.28488,-69.59667,0.03095335,0.1975394,0.5574329,-0.4401585
10.29646,-69.62809,0.03071216,0.2033571,0.5525668,-0.4409136
10.30804,-69.64837,0.03052774,0.2091224,0.5477728,-0.441669
10.32167,-69.65919,0.03036675,0.2158356,0.5422242,-0.442558
10.3353,-69.65714,0.03027,0.2224666,0.5367779,-0.4434471
10.34893,-69.64339,0.03023401,0.2290109,0.5314346,-0.4443359
10.36256,-69.61898,0.03024628,0.235465,0.526195,-0.4452243
10.37889,-69.57695,0.03031014,0.2430752,0.5200539,-0.4462881
10.39522,-69.52229,0.03043374,0.2505466,0.5140625,-0.447351
10.41155,-69.45623,0.0306153,0.2578752,0.5082212,-0.4484127
10.42788,-69.37985,0.03084264,0.2650579,0.5025296,-0.4494731
10.44742,-69.2762,0.03115858,0.273457,0.4959155,-0.4507399
10.46696,-69.16052,0.03153675,0.2816401,0.4895139,-0.4520044
10.48651,-69.03409,0.03198029,0.2896049,0.4833235,-0.4532662
10.50605,-68.89797,0.03247002,0.2973495,0.4773424,-0.4545252
10.52691,-68.74307,0.03301778,0.3053722,0.4711868,-0.4558658
10.54777,-68.57926,0.03362821,0.3131424,0.4652647,-0.4572028
10.56862,-68.40748,0.03431595,0.3206603,0.4595733,-0.4585359
10.58948,-68.22852,0.03504255,0.3279265,0.4541093,-0.4598652
10.60867,-68.05818,0.03571332,0.3343892,0.4492813,-0.4610844
10.62786,-67.88289,0.03643512,0.3406408,0.4446405,-0.4623
10.64705,-67.70315,0.0372221,0.3466826,0.4401842,-0.463512
10.66623,-67.51935,0.03803939,0.3525162,0.4359098,-0.4647202
10.6842,-67.34395,0.03880543,0.35779,0.4320706,-0.4658479
10.70216,-67.16563,0.03961168,0.3628841,0.428386,-0.4669722
10.72012,-66.9847,0.04046744,0.3678,0.4248537,-0.4680931
10.73808,-66.80138,0.04135043,0.3725393,0.4214714,-0.4692105
10.75655,-66.61069,0.04226429,0.3772284,0.4181486,-0.4703554
10.77501,-66.41798,0.04321768,0.3817344,0.4149792,-0.4714965
10.79347,-66.22348,0.04422114,0.3860592,0.4119605,-0.4726339
10.81194,-66.02737,0.04525231,0.3902047,0.4090902,-0.4737674
10.83114,-65.8219,0.04632955,0.3943276,0.4062596,-0.4749422
10.85034,-65.61513,0.04744935,0.3982608,0.4035836,-0.4761127
10.86954,-65.40725,0.04862496,0.4020064,0.4010593,-0.4772791
10.88874,-65.1984,0.04982939,0.4055666,0.3986838,-0.4784412
10.90832,-64.98462,0.05105899,0.4090074,0.3964124,-0.4796215
10.92789,-64.77019,0.05233291,0.4122601,0.3942896,-0.4807974
10.94746,-64.55527,0.05366549,0.415327,0.3923124,-0.4819689
10.96704,-64.33996,0.05502763,0.4182103,0.3904778,-0.4831359
10.98704,-64.11961,0.05641992,0.4209691,0.3887474,-0.4843237
11.00704,-63.89913,0.05785814,0.4235412,0.3871595,-0.4855069
11.02704,-63.67866,0.05935749,0.4259287,0.385711,-0.4866854
11.04703,-63.45823,0.06088742,0.4281343,0.3843988,-0.4878593
11.06764,-63.23115,0.06246361,0.4302191,0.3831858,-0.489064
11.08825,-63.00434,0.06408835,0.4321157,0.382111,-0.4902637
11.10885,-62.77792,0.06577832,0.4338266,0.3811709,-0.4914585
11.12946,-62.55185,0.06750047,0.4353545,0.3803622,-0.4926484
11.15076,-62.31846,0.0692794,0.4367444,0.3796607,-0.4938734
11.17207,-62.08563,0.07111049,0.4379441,0.3790928,-0.4950932
11.19337,-61.85346,0.0730123,0.4389562,0.378655,-0.4963078
11.21468,-61.62185,0.07494853,0.4397836,0.3783437,-0.4975171
11.23672,-61.38258,0.07694976,0.4404485,0.3781511,-0.4987633
11.25877,-61.14403,0.07900787,0.4409212,0.3780869,-0.5000039
11.28082,-60.90629,0.08114369,0.4412045,0.3781475,-0.501239
11.30287,-60.66916,0.08331714,0.4413017,0.3783294,-0.5024686
11.3257,-60.42392,0.08556502,0.4412094,0.3786418,-0.5037363
11.34854,-60.17939,0.08787633,0.4409234,0.3790769,-0.5049982
11.37137,-59.93566,0.09027467,0.4404465,0.3796313,-0.5062542
11.39421,-59.6924,0.09271561,0.4397823,0.3803013,-0.5075044
11.41786,-59.44053,0.09524089,0.4389004,0.3811131,-0.508793
11.44151,-59.18916,0.0978391,0.4378236,0.3820418,-0.5100754
11.46516,-58.93836,0.1005374,0.436555,0.383084,-0.5113515
11.48881,-58.68763,0.1032862,0.435098,0.3842361,-0.5126214
11.51327,-58.42779,0.106129,0.4333972,0.3855392,-0.5139281
11.53773,-58.16793,0.1090589,0.4315011,0.3869532,-0.5152281
11.56219,-57.90815,0.1121077,0.4294124,0.3884753,-0.5165214
11.58665,-57.64768,0.1152199,0.4271349,0.3901019,-0.5178081
11.61186,-57.37753,0.1184354,0.4245932,0.3918847,-0.5191276
11.63708,-57.10645,0.1217596,0.4218562,0.3937731,-0.5204399
11.6623,-56.83452,0.125231,0.418926,0.3957652,-0.5217451
11.68751,-56.56062,0.1287866,0.4158063,0.3978577,-0.523043
11.71338,-56.27626,0.1324556,0.4124128,0.4001056,-0.524367
11.73925,-55.98944,0.1362671,0.4088234,0.4024559,-0.5256833
11.76511,-55.70018,0.1402691,0.4050389,0.4049077,-0.5269917
11.79098,-55.40679,0.1443907,0.4010625,0.4074587,-0.5282922
11.81733,-55.10173,0.1486386,0.3968178,0.4101573,-0.5296088
11.84368,-54.7916,0.1530842,0.3923738,0.4129589,-0.530917
11.87003,-54.47626,0.1577896,0.3877288,0.4158648,-0.5322165
11.89638,-54.1531,0.1626769,0.3828845,0.4188744,-0.5335072
11.92297,-53.81596,0.1677138,0.3777945,0.4220165,-0.5348008
11.94956,-53.46917,0.1730424,0.3724943,0.4252701,-0.5360849
11.97616,-53.1121,0.1787498,0.3669774,0.42864,-0.5373593
12.00275,-52.74042,0.1847548,0.3612415,0.4321289,-0.5386236
12.02928,-52.34998,0.190962,0.3552977,0.4357312,-0.5398746
12.05581,-51.94116,0.1976347,0.3491151,0.4394681,-0.5411147
12.08233,-51.512,0.2049072,0.3426776,0.4433515,-0.5423432
12.10886,-51.05465,0.2127109,0.3359747,0.4473904,-0.5435597
12.13497,-50.56775,0.2208482,0.329106,0.4515277,-0.5447443
12.16108,-50.04415,0.2298038,0.3219311,0.4558524,-0.5459154
12.18718,-49.47803,0.2398161,0.3144138,0.4603912,-0.5470718
12.21329,-48.85331,0.2508807,0.3065231,0.4651683,-0.5482124
12.23858,-48.17253,0.2626262,0.2984857,0.4700528,-0.5493009
12.26387,-47.41164,0.2759918,0.2899862,0.4752441,-0.550371
12.28917,-46.55305,0.291476,0.2809418,0.4808045,-0.5514201
12.31446,-45.55822,0.3093047,0.2712719,0.4867982,-0.5524455
12.3386,-44.43398,0.3288157,0.2613637,0.493001,-0.5533991
12.36275,-43.11197,0.3519722,0.2506259,0.4998029,-0.5543231
12.3869,-41.53864,0.379917,0.2388768,0.5073609,-0.5552115
12.41104,-39.61577,0.4134831,0.2259404,0.5158528,-0.5560576
12.43424,-37.33662,0.4520018,0.2122173,0.5250988,-0.5568225
12.45744,-34.53605,0.4988151,0.1969688,0.5357507,-0.5575282
12.48064,-31.14387,0.554848,0.1801568,0.548154,-0.5581614
12.50384,-27.15293,0.6191688,0.1620707,0.5626075,-0.558709
12.52736,-22.63069,0.6902868,0.143049,0.5796002,-0.5591635
12.55088,-18.18434,0.7601417,0.1243835,0.598808,-0.5595111
12.5744,-14.48974,0.8210448,0.107015,0.6195821,-0.5597616
12.59793,-12.22789,0.8675451,0.09154591,0.6408203,-0.5599407
12.61213,-11.78842,0.8875039,0.0832421,0.6532795,-0.5600307
12.62634,-12.04273,0.9016717,0.07572897,0.6650999,-0.5601195
12.64055,-12.94488,0.9105001,0.06899308,0.6760398,-0.5602169
12.65476,-14.42505,0.9145354,0.06301156,0.6859289,-0.5603313
12.66897,-16.38191,0.9140686,0.05776191,0.6946474,-0.5604702
12.68318,-18.71046,0.9094719,0.05321298,0.7021283,-0.5606396
12.69739,-21.31415,0.900921,0.04933763,0.7083538,-0.5608439
12.7116,-24.09218,0.8878403,0.04612984,0.7133316,-0.5610865
12.72671,-27.14203,0.8682715,0.04344259,0.7172978,-0.5613886
12.74181,-30.22975,0.8427981,0.04146779,0.7199732,-0.5617372
12.75692,-33.3019,0.8110526,0.04018189,0.7214403,-0.5621322
12.77203,-36.31998,0.7725871,0.03956445,0.7217855,-0.5625732
12.78499,-38.85109,0.7341886,0.03954957,0.7212571,-0.5629873
12.79795,-41.32106,0.6908827,0.03999693,0.7200216,-0.5634337
12.81091,-43.72256,0.6428918,0.0408989,0.7181274,-0.5639119
12.82386,-46.05359,0.5910463,0.04224603,0.7156263,-0.5644206
12.83682,-48.31104,0.5364915,0.04403141,0.7125681,-0.5649589
12.84978,-50.48052,0.4801198,0.04625723,0.7089946,-0.5655258
12.86274,-52.54701,0.4231909,0.04892256,0.7049513,-0.5661202
12.8757,-54.49527,0.3674352,0.05202153,0.7004867,-0.5667406
12.88899,-56.35392,0.3132899,0.05564088,0.6955219,-0.567402
12.90228,-58.05709,0.2635204,0.05969312,0.690218,-0.5680869
12.91557,-59.59718,0.2192011,0.06415676,0.6846267,-0.5687934
12.92886,-60.97349,0.1809701,0.06900451,0.6787977,-0.5695191
12.93706,-61.74315,0.1604905,0.07217293,0.6751034,-0.5699755
12.94526,-62.45493,0.1423248,0.07546697,0.6713464,-0.5704379
12.95346,-63.11166,0.126384,0.07887816,0.6675363,-0.570906
12.96165,-63.71637,0.1124939,0.08239793,0.6636816,-0.5713791
12.96985,-64.27229,0.1004365,0.08601768,0.6597903,-0.571857
12.97805,-64.78289,0.0900732,0.08972895,0.6558698,-0.5723392
12.98625,-65.25146,0.08124133,0.09352351,0.6519266,-0.5728253
12.99445,-65.6811,0.07372034,0.09739341,0.6479667,-0.5733151
13.00276,-66.07965,0.06721206,0.1013825,0.6439442,-0.5738147
13.01106,-66.44426,0.06171029,0.1054334,0.6399154,-0.5743174
13.01937,-66.77766,0.0570894,0.109539,0.635885,-0.5748229
13.02767,-67.08233,0.05318524,0.1136925,0.6318571,-0.5753311
13.03562,-67.34913,0.04998248,0.1177069,0.6280078,-0.5758196
13.04357,-67.59356,0.04725106,0.1217539,0.6241673,-0.5763102
13.05152,-67.81733,0.04492863,0.1258285,0.6203384,-0.5768026
13.05947,-68.02199,0.04293758,0.1299262,0.6165236,-0.5772967
13.06776,-68.21662,0.04114039,0.1342197,0.6125621,-0.5778136
13.07605,-68.39348,0.03960138,0.1385288,0.6086207,-0.578332
13.08434,-68.55392,0.03828698,0.1428492,0.6047014,-0.5788518
13.09264,-68.69918,0.03715283,0.1471767,0.600806,-0.5793728
13.10165,-68.84122,0.0360793,0.1518869,0.5965987,-0.5799406
13.11067,-68.96793,0.03516026,0.1565967,0.5924237,-0.5805096
13.11969,-69.0805,0.03437756,0.1613018,0.5882827,-0.5810797
13.1287,-69.18002,0.03370359,0.1659986,0.5841773,-0.5816506
13.13884,-69.27751,0.03304655,0.1712632,0.5796071,-0.5822933
13.14897,-69.36099,0.03249216,0.1765082,0.5750853,-0.5829368
13.15911,-69.43161,0.03203047,0.1817293,0.5706135,-0.5835811
13.16925,-69.49038,0.03164248,0.1869228,0.5661929,-0.5842259
13.18093,-69.54464,0.03126554,0.1928733,0.56116,-0.5849702
13.19262,-69.58564,0.03096514,0.1987777,0.5561984,-0.5857149
13.20431,-69.61451,0.03073561,0.2046315,0.5513094,-0.5864599
13.216,-69.63226,0.03056238,0.2104311,0.5464939,-0.5872052
13.22977,-69.64012,0.03041397,0.2171904,0.5409154,-0.5880833
13.24355,-69.63511,0.0303296,0.2238647,0.5354415,-0.5889614
13.25732,-69.6184,0.03030584,0.2304497,0.5300729,-0.5898392
13.27109,-69.59103,0.03033026,0.2369416,0.5248103,-0.5907166
13.28761,-69.54541,0.03040867,0.2446009,0.5186386,-0.5917681
13.30413,-69.48716,0.03054706,0.2521172,0.5126203,-0.5928187
13.32065,-69.41751,0.03074372,0.2594867,0.5067553,-0.5938679
13.33717,-69.33753,0.03098638,0.2667062,0.5010434,-0.5949158
13.35689,-69.22981,0.03131975,0.2751273,0.4944223,-0.5961651
13.37662,-69.11013,0.03171592,0.2833277,0.4880175,-0.5974118
13.39635,-68.97975,0.0321786,0.2913052,0.4818274,-0.5986559
13.41607,-68.83975,0.03268763,0.2990581,0.47585,-0.599897
13.4369,-68.6825,0.03324883,0.3070005,0.4697665,-0.6012043
13.45774,-68.5166,0.0338726,0.3146912,0.4639151,-0.6025079
13.47857,-68.34294,0.0345741,0.3221302,0.458293,-0.6038078
13.4994,-68.16229,0.03531403,0.3293185,0.4528971,-0.6051037
13.51849,-67.99122,0.03599378,0.3356855,0.4481488,-0.6062874
13.53757,-67.81538,0.03672397,0.3418439,0.4435851,-0.6074677
13.55666,-67.63524,0.0375184,0.3477952,0.4392033,-0.6086443
13.57575,-67.45118,0.03834302,0.3535406,0.4350008,-0.6098172
13.59371,-67.27466,0.03912066,0.3587622,0.4312064,-0.6109178
13.61168,-67.09531,0.0399384,0.3638044,0.4275661,-0.612015
13.62964,-66.91341,0.0408055,0.3686687,0.4240776,-0.6131088
13.64761,-66.72917,0.04169995,0.3733566,0.4207385,-0.6141991
13.66614,-66.53693,0.04262902,0.3780091,0.4174484,-0.61532
13.68467,-66.34271,0.04359799,0.3824777,0.4143122,-0.6164371
13.70321,-66.14674,0.04461763,0.386764,0.4113273,-0.6175504
13.72174,-65.9492,0.04566524,0.3908702,0.408491,-0.6186598
13.74098,-65.74259,0.0467579,0.3949454,0.4057003,-0.6198078
13.76023,-65.53472,0.04789348,0.3988306,0.4030641,-0.6209516
13.77947,-65.32579,0.04908538,0.4025278,0.4005797,-0.6220911
13.79871,-65.11593,0.05030634,0.4060393,0.398244,-0.6232264
13.81832,-64.90124,0.0515523,0.4094288,0.3960138,-0.6243789
13.83793,-64.68594,0.0528429,0.41263,0.393932,-0.625527
13.85754,-64.4702,0.05419255,0.4156452,0.3919957,-0.6266706
13.87715,-64.25408,0.05557201,0.4184767,0.3902016,-0.6278097
13.8972,-64.03281,0.05698302,0.4211841,0.3885113,-0.6289698
13.91725,-63.81143,0.05844033,0.4237044,0.3869634,-0.6301252
13.9373,-63.5901,0.05995927,0.4260397,0.3855549,-0.6312759
13.95735,-63.36882,0.0615091,0.4281927,0.3842825,-0.632422
13.97802,-63.14081,0.06310649,0.4302237,0.38311,-0.6335984
13.99869,-62.91308,0.06475291,0.4320659,0.3820755,-0.63477
14.01936,-62.68577,0.06646521,0.4337219,0.3811756,-0.6359365
14.04002,-62.45884,0.06821004,0.4351944,0.3804071,-0.6370982
14.06139,-62.22454,0.07001273,0.4365268,0.379747,-0.6382941
14.08276,-61.9908,0.07186814,0.4376683,0.3792204,-0.6394848
14.10413,-61.75774,0.07379507,0.4386216,0.3788237,-0.6406702
14.1255,-61.52525,0.07575685,0.4393897,0.3785534,-0.6418504
14.14762,-61.28505,0.07778484,0.4399928,0.3784031,-0.6430665
14.16974,-61.04556,0.07987045,0.4404031,0.378381,-0.644277
14.19185,-60.80689,0.08203475,0.4406235,0.3784837,-0.6454819
14.21397,-60.56881,0.08423728,0.4406572,0.3787074,-0.6466814
14.23688,-60.32256,0.08651561,0.4404985,0.3790629,-0.6479179
14.25979,-60.07701,0.08885837,0.4401456,0.379541,-0.6491486
14.28271,-59.83224,0.09128949,0.4396013,0.3801382,-0.6503733
14.30562,-59.5879,0.09376406,0.438869,0.3808508,-0.6515921
14.32934,-59.33488,0.09632445,0.4379161,0.3817065,-0.6528482
14.35307,-59.08231,0.09895918,0.4367679,0.3826789,-0.654098
14.3768,-58.83028,0.1016959,0.4354272,0.3837647,-0.6553415
14.40052,-58.57825,0.1044844,0.4338976,0.3849602,-0.6565787
14.42506,-58.31703,0.1073684,0.4321215,0.3863077,-0.6578514
14.44959,-58.05571,0.1103417,0.4301495,0.3877661,-0.6591173
14.47412,-57.79438,0.1134366,0.4279844,0.3893324,-0.6603765
14.49865,-57.53225,0.1165969,0.4256299,0.3910031,-0.661629
14.52394,-57.26033,0.1198623,0.4230091,0.3928307,-0.6629127
14.54922,-56.98734,0.1232397,0.4201925,0.394764,-0.6641892
14.5745,-56.71336,0.1267683,0.4171819,0.3968009,-0.6654585
14.59979,-56.43721,0.1303845,0.4139811,0.3989385,-0.6667204
14.62571,-56.15046,0.1341162,0.4105056,0.4012315,-0.6680067
14.65163,-55.86101,0.1379956,0.4068334,0.4036273,-0.6692851
14.67755,-55.56886,0.142072,0.4029651,0.406125,-0.6705557
14.70347,-55.27225,0.1462738,0.3989036,0.4087227,-0.6718183
14.72985,-54.96373,0.1506049,0.3945745,0.4114672,-0.6730951
14.75624,-54.64972,0.1551422,0.3900447,0.4143157,-0.6743633
14.78262,-54.33006,0.1599504,0.385312,0.4172699,-0.6756228
14.809,-54.00196,0.1649508,0.3803777,0.4203293,-0.6768734
14.8356,-53.65945,0.170106,0.3752002,0.42352,-0.6781249
14.86219,-53.30651,0.1755686,0.3698094,0.4268243,-0.6793669
14.88879,-52.94243,0.1814295,0.3641981,0.4302479,-0.6805989
14.91538,-52.56259,0.1876079,0.3583634,0.4337938,-0.6818207
14.94188,-52.16306,0.194,0.3523244,0.4374519,-0.6830274
14.96837,-51.74362,0.2008877,0.3460403,0.4412493,-0.6842229
14.99487,-51.30201,0.2084137,0.3394935,0.4451991,-0.6854066
15.02136,-50.82976,0.2165135,0.3326716,0.4493117,-0.6865778
15.04739,-50.32585,0.2249743,0.3256868,0.4535227,-0.6877156
15.07342,-49.78182,0.2343181,0.3183823,0.4579312,-0.6888396
15.09945,-49.19101,0.2448034,0.3107181,0.4625668,-0.6899483
15.12548,-48.5357,0.2564415,0.3026595,0.4674566,-0.6910404
15.15065,-47.81896,0.2688332,0.2944506,0.4724593,-0.6920794
15.17582,-47.0134,0.2830015,0.285749,0.477792,-0.6930989
15.20099,-46.09885,0.2994972,0.2764633,0.483524,-0.6940964
15.22617,-45.03202,0.3185976,0.2665031,0.4897281,-0.6950686
15.25017,-43.8199,0.3396011,0.2562734,0.4961701,-0.6959686
15.27417,-42.38497,0.3646582,0.2451434,0.503271,-0.6968368
15.29817,-40.66656,0.3950192,0.2329175,0.511207,-0.6976667
15.32217,-38.55689,0.4315962,0.2194132,0.5201786,-0.6984503
15.34537,-36.03985,0.4739166,0.2049728,0.5300667,-0.6991551
15.36857,-32.94751,0.5251209,0.188955,0.5415295,-0.6997942
15.39177,-29.23656,0.58555,0.1714362,0.5549208,-0.7003539
15.41498,-24.98603,0.6532217,0.1528964,0.570496,-0.7008212
15.43905,-20.28821,0.7267809,0.1334513,0.589122,-0.7011964
15.46312,-16.04661,0.794647,0.114911,0.6097645,-0.701463
15.48719,-13.0151,0.8490326,0.09814371,0.6314152,-0.7016417
15.51127,-11.77349,0.8866529,0.08356795,0.6527669,-0.7017673
15.52859,-12.14944,0.9033715,0.07447894,0.6671185,-0.7018512
15.54591,-13.47068,0.9124972,0.06653233,0.680114,-0.7019501
15.56324,-15.58324,0.9150218,0.05967941,0.6914499,-0.7020794
15.58056,-18.30786,0.9110693,0.0538904,0.7009768,-0.7022508
15.59788,-21.44357,0.9000329,0.04914495,0.7086394,-0.7024735
15.61521,-24.84241,0.8826556,0.04537789,0.7144598,-0.7027528
15.63253,-28.38118,0.8589705,0.04254199,0.7185247,-0.7030915
15.64985,-31.93057,0.8270586,0.04063725,0.720929,-0.7034916
15.66451,-34.88112,0.792671,0.03974234,0.7217604,-0.703878
15.67917,-37.77277,0.7518696,0.03946389,0.7215807,-0.7043072
15.69382,-40.58624,0.704518,0.03978586,0.720464,-0.7047784
15.70848,-43.3175,0.6513101,0.04068873,0.7184902,-0.7052902
15.72408,-46.1348,0.5897345,0.04226806,0.715535,-0.7058777
15.73968,-48.83954,0.5237841,0.0444895,0.711768,-0.7065083
15.75528,-51.40848,0.4550401,0.04735457,0.7072647,-0.7071803
15.77087,-53.81916,0.386742,0.05085133,0.7021127,-0.707891
15.78368,-55.66109,0.3334367,0.05418254,0.6974617,-0.7085013
15.79648,-57.36267,0.2836913,0.05792144,0.6924771,-0.7091342
15.80928,-58.91486,0.2385996,0.06205116,0.687206,-0.7097878
15.82208,-60.31453,0.1989521,0.06654943,0.6816936,-0.7104603
15.83097,-61.19724,0.1748338,0.06987336,0.6777496,-0.710937
15.83985,-62.01,0.1534872,0.07335159,0.6737238,-0.7114211
15.84874,-62.75604,0.134845,0.07697354,0.6696287,-0.7119121
15.85762,-63.43895,0.1187088,0.08072842,0.6654758,-0.7124095
15.8665,-64.06276,0.1048057,0.08460524,0.6612758,-0.7129126
15.87539,-64.6319,0.09297865,0.08859314,0.6570383,-0.7134209
15.88427,-65.15061,0.08303056,0.09268157,0.652772,-0.713934
15.89316,-65.62282,0.07466605,0.09686033,0.6484848,-0.7144515
15.90147,-66.02582,0.06801416,0.1008423,0.6444618,-0.7149392
15.90978,-66.39449,0.06239047,0.104887,0.6404318,-0.71543
15.91809,-66.73159,0.05766714,0.1089873,0.6363998,-0.7159237
15.9264,-67.03963,0.0536771,0.1131363,0.6323698,-0.71642
15.93435,-67.30927,0.05040604,0.1171456,0.6285195,-0.7168972
15.9423,-67.55631,0.04761716,0.1211881,0.6246777,-0.7173763
15.95025,-67.78248,0.04524668,0.1252589,0.6208471,-0.7178573
15.9582,-67.98933,0.04321528,0.1293533,0.6170303,-0.71834
15.96648,-68.18567,0.04138596,0.1336352,0.6130745,-0.7188441
15.97475,-68.36413,0.03981972,0.1379332,0.6091384,-0.7193496
15.98303,-68.52607,0.03848229,0.1422429,0.605224,-0.7198565
15.99131,-68.67273,0.03732851,0.1465602,0.6013333,-0.7203647
16.0003,-68.81605,0.03623779,0.1512548,0.5971352,-0.720918
16.00929,-68.94398,0.03530405,0.1559494,0.592969,-0.7214725
16.01828,-69.05771,0.03450874,0.1606398,0.5888365,-0.7220281
16.02727,-69.15832,0.03382385,0.1653223,0.5847392,-0.7225845
16.03737,-69.2569,0.03315662,0.1705672,0.5801813,-0.7232104
16.04747,-69.34143,0.03259335,0.175793,0.5756714,-0.7238371
16.05757,-69.41305,0.03212386,0.1809955,0.5712109,-0.7244646
16.06766,-69.4728,0.03172895,0.186171,0.5668012,-0.7250926
16.0793,-69.52811,0.03134507,0.1920981,0.5617831,-0.7258171
16.09094,-69.57013,0.03103843,0.1979799,0.5568355,-0.7265421
16.10258,-69.59998,0.03080327,0.203812,0.5519597,-0.7272674
16.11422,-69.61869,0.03062487,0.2095907,0.5471569,-0.727993
16.12793,-69.62765,0.03047091,0.2163238,0.5415945,-0.7288476
16.14164,-69.62371,0.03038139,0.2229732,0.5361357,-0.7297021
16.15535,-69.60805,0.0303528,0.2295344,0.5307812,-0.7305564
16.16906,-69.5817,0.03037267,0.2360038,0.5255317,-0.7314103
16.1855,-69.53728,0.03044595,0.243637,0.519375,-0.7324337
16.20194,-69.48019,0.03057942,0.2511289,0.5133702,-0.733456
16.21838,-69.41167,0.03077131,0.2584756,0.5075175,-0.7344771
16.23482,-69.3328,0.03100937,0.2656739,0.5018165,-0.7354969
16.25449,-69.22621,0.03133815,0.2740838,0.4951975,-0.7367143
16.27415,-69.10759,0.03172988,0.2822746,0.4887936,-0.7379293
16.29381,-68.9782,0.03218804,0.2902439,0.4826032,-0.7391416
16.31347,-68.83914,0.03269282,0.29799,0.4766247,-0.7403511
16.33433,-68.68208,0.03325288,0.3059633,0.4705109,-0.7416309
16.35519,-68.51623,0.03387597,0.3136839,0.4646305,-0.742907
16.37605,-68.3425,0.03457711,0.321152,0.4589804,-0.7441794
16.39691,-68.16169,0.0353172,0.3283683,0.4535576,-0.7454478
16.41605,-67.99016,0.03599843,0.3347687,0.4487793,-0.746608
16.43519,-67.81379,0.03673065,0.3409591,0.4441871,-0.7477646
16.45433,-67.63304,0.03752787,0.3469407,0.4397782,-0.7489175
16.47347,-67.44831,0.0383556,0.3527152,0.43555,-0.7500668
16.49145,-67.2715,0.0391344,0.3579514,0.4317409,-0.7511427
16.50942,-67.09183,0.03995363,0.3630077,0.4280865,-0.7522153
16.5274,-66.90957,0.04082257,0.3678856,0.4245843,-0.7532844
16.54537,-66.72497,0.04171906,0.3725867,0.4212322,-0.75435
16.56389,-66.53257,0.0426491,0.3772462,0.4179334,-0.755444
16.58241,-66.33817,0.04361918,0.3817215,0.4147887,-0.7565342
16.60093,-66.14202,0.04464004,0.3860147,0.4117954,-0.7576206
16.61944,-65.94428,0.04568901,0.3901276,0.4089509,-0.7587032
16.63868,-65.73735,0.04678385,0.3942118,0.4061505,-0.7598238
16.65792,-65.52913,0.04792176,0.3981055,0.403505,-0.7609403
16.67716,-65.31984,0.04911616,0.4018111,0.4010115,-0.7620524
16.6964,-65.10962,0.0503398,0.4053306,0.3986671,-0.7631604
16.71601,-64.8945,0.05158897,0.4087287,0.396428,-0.7642853
16.73562,-64.67875,0.05288298,0.4119382,0.3943376,-0.7654057
16.75523,-64.46255,0.05423628,0.4149612,0.3923931,-0.7665217
16.77484,-64.24598,0.05561957,0.4178001,0.3905912,-0.7676333
16.79488,-64.02425,0.05703453,0.4205146,0.3888935,-0.768765
16.81493,-63.8024,0.05849601,0.4230413,0.3873387,-0.7698921
16.83498,-63.5806,0.06001934,0.4253829,0.3859236,-0.7710145
16.85503,-63.35885,0.06157377,0.4275416,0.3846449,-0.7721322
16.87569,-63.13036,0.06317601,0.4295781,0.3834665,-0.7732794
16.89636,-62.90214,0.06482749,0.4314255,0.3824264,-0.7744217
16.91702,-62.67435,0.06654508,0.4330862,0.3815214,-0.775559
16.93768,-62.44692,0.06829544,0.434563,0.380748,-0.7766914
16.95905,-62.21209,0.0701041,0.4358994,0.3800833,-0.7778571
16.98042,-61.97783,0.07196573,0.4370446,0.3795524,-0.7790175
17.00178,-61.74425,0.07389915,0.4380012,0.3791519,-0.7801727
17.02315,-61.51124,0.07586766,0.4387721,0.3788782,-0.7813226
17.04527,-61.27047,0.07790295,0.4393776,0.3787246,-0.7825075
17.06738,-61.03042,0.07999615,0.4397899,0.3786998,-0.7836868
17.0895,-60.79118,0.08216838,0.4400119,0.3788001,-0.7848604
17.11162,-60.55253,0.08437913,0.4400466,0.3790218,-0.7860286
17.13453,-60.30567,0.08666634,0.4398886,0.3793756,-0.7872328
17.15744,-60.0595,0.08901835,0.4395357,0.3798525,-0.7884311
17.18035,-59.81411,0.09145914,0.4389909,0.380449,-0.7896235
17.20326,-59.56914,0.09394375,0.4382576,0.3811612,-0.79081
17.22699,-59.31545,0.096515,0.4373032,0.3820169,-0.7920327
17.25071,-59.06219,0.09916108,0.4361527,0.3829898,-0.793249
17.27444,-58.80946,0.1019097,0.4348092,0.3840765,-0.794459
17.29817,-58.55671,0.1047106,0.4332763,0.3852733,-0.7956628
17.3227,-58.29471,0.1076081,0.4314961,0.3866227,-0.7969009
17.34724,-58.03259,0.1105955,0.4295193,0.3880834,-0.7981322
17.37177,-57.77044,0.1137054,0.4273487,0.3896525,-0.7993568
17.3963,-57.50746,0.1168815,0.424988,0.3913265,-0.8005746
17.42159,-57.23461,0.1201639,0.4223602,0.3931579,-0.8018227
17.44687,-56.96066,0.1235593,0.4195358,0.3950956,-0.8030635
17.47216,-56.68566,0.1271073,0.4165166,0.3971374,-0.804297
17.49744,-56.40843,0.1307441,0.4133064,0.3992804,-0.8055232
17.52336,-56.12051,0.134498,0.4098205,0.4015795,-0.8067728
17.54929,-55.82981,0.1384014,0.4061371,0.4039819,-0.8080145
17.57521,-55.53632,0.1425038,0.4022564,0.406487,-0.8092483
17.60113,-55.23826,0.1467338,0.3981816,0.4090927,-0.8104741
17.62751,-54.92815,0.1510952,0.3938383,0.4118459,-0.8117133
17.65389,-54.61242,0.155666,0.3892931,0.4147039,-0.8129438
17.68027,-54.29085,0.1605114,0.3845435,0.4176684,-0.8141656
17.70665,-53.96065,0.1655527,0.3795909,0.4207392,-0.8153785
17.73324,-53.6158,0.1707522,0.3743944,0.4239419,-0.8165917
17.75982,-53.26026,0.1762647,0.3689828,0.4272595,-0.8177953
17.78641,-52.89324,0.1821826,0.3633485,0.4306978,-0.8189888
17.813,-52.51002,0.1884257,0.3574883,0.4342601,-0.8201721
17.83948,-52.10671,0.1948882,0.3514232,0.4379352,-0.8213399
17.86595,-51.68291,0.2018576,0.34511,0.4417518,-0.8224965
17.89243,-51.23622,0.2094799,0.3385302,0.4457235,-0.8236411
17.91891,-50.75796,0.2176924,0.3316709,0.4498611,-0.8247732
17.94491,-50.24716,0.2262781,0.3246477,0.4540981,-0.8258718
17.97091,-49.69489,0.2357721,0.3172988,0.458537,-0.8269564
17.99691,-49.09415,0.2464404,0.3095827,0.4632082,-0.8280255
18.02291,-48.42656,0.2583012,0.3014631,0.4681403,-0.8290779
18.04804,-47.69535,0.2709465,0.2931895,0.4731884,-0.8300774
18.07316,-46.87181,0.2854307,0.2844104,0.4785762,-0.8310573
18.09829,-45.93468,0.3023257,0.2750305,0.4843755,-0.8320144
18.12342,-44.83873,0.3219304,0.2649555,0.4906627,-0.8329458
18.14737,-43.59085,0.3435322,0.2545957,0.4972011,-0.833806
18.17132,-42.10975,0.3693539,0.2433057,0.5044231,-0.8346335
18.19528,-40.33181,0.4006877,0.2308847,0.5125129,-0.8354213
18.21923,-38.14558,0.4384754,0.2171483,0.5216805,-0.8361615
18.24246,-35.52933,0.4823677,0.2024046,0.5318403,-0.8368243
18.26568,-32.31636,0.5353535,0.1860679,0.5436466,-0.8374189
18.2889,-28.4768,0.597486,0.1682662,0.557454,-0.837931
18.31213,-24.13072,0.666325,0.1495579,0.5734949,-0.8383481
18.33133,-20.37922,0.7249903,0.134038,0.588503,-0.838614
18.35053,-16.88759,0.7802825,0.1190839,0.6048398,-0.8388098
18.36973,-14.05735,0.8279314,0.1051667,0.6220214,-0.8389447
18.38893,-12.25233,0.8654103,0.092568,0.6394023,-0.8390345
18.40212,-11.74738,0.8847626,0.08473815,0.6510641,-0.8390813
18.41532,-11.84624,0.8990359,0.07759297,0.6622149,-0.8391255
18.42851,-12.5197,0.908582,0.07112369,0.6726519,-0.839175
18.44171,-13.71738,0.9138634,0.0653128,0.6822238,-0.839237
18.4549,-15.36271,0.9151983,0.06014126,0.6908172,-0.8393177
18.46809,-17.37101,0.9129069,0.05558478,0.6983612,-0.8394227
18.48129,-19.66139,0.9071699,0.05162151,0.7048239,-0.8395559
18.49448,-22.1496,0.8976771,0.04824318,0.7101977,-0.8397206
18.50997,-25.2206,0.8811483,0.04501396,0.7151399,-0.8399573
18.52545,-28.37652,0.8587691,0.04254672,0.7186762,-0.8402423
18.54094,-31.54903,0.8302079,0.04081496,0.7208908,-0.840576
18.55643,-34.68221,0.7947228,0.0398008,0.7218717,-0.8409586
18.57291,-37.94484,0.7493067,0.0394789,0.7216746,-0.8414184
18.5894,-41.11136,0.6956799,0.03991489,0.7202992,-0.8419312
18.60589,-44.16084,0.6338923,0.04109614,0.7178417,-0.8424958
18.62238,-47.09346,0.5661724,0.04299705,0.7144156,-0.8431097
18.63618,-49.45557,0.5070624,0.04512748,0.7108821,-0.8436595
18.64998,-51.70876,0.4466802,0.04775677,0.7067916,-0.8442411
18.66377,-53.83367,0.3866279,0.05088251,0.7021995,-0.8448529
18.67757,-55.81198,0.329059,0.05449461,0.6971653,-0.845493
18.69069,-57.54149,0.2784401,0.05836679,0.6920232,-0.8461258
18.70381,-59.11344,0.2328846,0.06264707,0.6865857,-0.8467803
18.71693,-60.52527,0.1931748,0.06731057,0.6809013,-0.8474542
18.73006,-61.78021,0.1595264,0.07232789,0.6750159,-0.8481455
18.73801,-62.46853,0.1419702,0.07552971,0.6713659,-0.8485724
18.74597,-63.10499,0.126488,0.0788416,0.6676659,-0.8490047
18.75393,-63.69248,0.1129635,0.08225571,0.6639241,-0.8494417
18.76189,-64.23393,0.1012133,0.0857642,0.6601476,-0.8498832
18.76985,-64.73236,0.09102711,0.08935932,0.6563432,-0.8503288
18.77781,-65.19087,0.08227382,0.0930335,0.652517,-0.8507781
18.78577,-65.61238,0.07480568,0.09677943,0.6486745,-0.851231
18.79373,-65.9996,0.06843196,0.1005901,0.6448208,-0.851687
18.80192,-66.36491,0.0628202,0.1045709,0.6408494,-0.8521592
18.81011,-66.69933,0.05806892,0.1086062,0.6368756,-0.8526342
18.81829,-67.00533,0.0540685,0.1126892,0.6329034,-0.8531118
18.82648,-67.28513,0.05067827,0.1168139,0.6289368,-0.8535917
18.83446,-67.53459,0.04784042,0.1208687,0.6250787,-0.8540617
18.84245,-67.76288,0.04541801,0.1249524,0.6212318,-0.8545334
18.85043,-67.97159,0.04335593,0.12906,0.6173986,-0.8550069
18.85841,-68.16219,0.04158527,0.1331871,0.6135815,-0.8554819
18.86682,-68.34489,0.03996856,0.1375521,0.6095793,-0.855984
18.87523,-68.51041,0.03858376,0.1419294,0.6055994,-0.8564875
18.88364,-68.66006,0.03740107,0.1463147,0.6016439,-0.8569922
18.89205,-68.79503,0.03638033,0.1507041,0.5977145,-0.8574981
18.90126,-68.92732,0.03540708,0.1555131,0.5934418,-0.8580535
18.91047,-69.04459,0.03457531,0.160318,0.5892043,-0.85861
18.91969,-69.14802,0.0338689,0.1651147,0.5850037,-0.8591675
18.9289,-69.23867,0.03326237,0.1698994,0.5808416,-0.8597258
18.93932,-69.32698,0.0326697,0.1752899,0.5761841,-0.8603579
18.94973,-69.40144,0.03217319,0.1806559,0.5715791,-0.8609908
18.96015,-69.4632,0.03176396,0.1859932,0.5670281,-0.8616243
18.97056,-69.51326,0.0314241,0.1912981,0.5625325,-0.8622583
18.98264,-69.55786,0.0310971,0.1974009,0.5573929,-0.8629936
18.99471,-69.58927,0.03084354,0.2034506,0.5523305,-0.8637292
19.00678,-69.60862,0.0306583,0.2094429,0.5473466,-0.8644651
19.01885,-69.61694,0.03052735,0.2153739,0.5424421,-0.8652011
19.03314,-69.61376,0.03042654,0.2223103,0.5367407,-0.8660721
19.04743,-69.59773,0.03038867,0.2291512,0.5311526,-0.8669429
19.06172,-69.57003,0.0304106,0.2358924,0.5256788,-0.8678132
19.07601,-69.53171,0.03048012,0.2425303,0.5203195,-0.868683
19.09319,-69.47283,0.03061245,0.2503739,0.5140249,-0.8697282
19.11038,-69.40134,0.03080522,0.258059,0.5078965,-0.8707722
19.12757,-69.31847,0.03105728,0.2655819,0.5019342,-0.8718146
19.14476,-69.22533,0.03135579,0.2729396,0.4961374,-0.8728554
19.16505,-69.10346,0.03174961,0.2814095,0.4895064,-0.8740816
19.18534,-68.96999,0.03220771,0.2896435,0.4831034,-0.8753049
19.20563,-68.82615,0.03273618,0.2976396,0.4769262,-0.8765252
19.22592,-68.67301,0.03331078,0.3053968,0.4709726,-0.8777422
19.24652,-68.50902,0.03391222,0.3130248,0.4651565,-0.8789738
19.26711,-68.33729,0.03457487,0.3204065,0.4595653,-0.8802017
19.2877,-68.15862,0.03531509,0.3275424,0.4541961,-0.8814257
19.30829,-67.97368,0.03609189,0.3344335,0.4490458,-0.8826457
19.327,-67.80076,0.03679777,0.3404828,0.444554,-0.8837505
19.34571,-67.62362,0.03755156,0.3463325,0.4402378,-0.8848518
19.36442,-67.44269,0.03836567,0.3519839,0.4360945,-0.8859496
19.38312,-67.25829,0.03920942,0.3574384,0.4321216,-0.8870437
19.40112,-67.07792,0.04002426,0.3625014,0.4284583,-0.8880927
19.41912,-66.89495,0.04087881,0.3673852,0.4249479,-0.8891383
19.43711,-66.70963,0.04178231,0.3720916,0.4215882,-0.8901804
19.45511,-66.52218,0.04271343,0.3766221,0.4183766,-0.8912189
19.47384,-66.325,0.04368958,0.3811533,0.4151884,-0.8922962
19.49258,-66.12599,0.04470675,0.3854977,0.4121554,-0.8933696
19.51131,-65.92539,0.04577646,0.3896572,0.4092752,-0.8944391
19.53004,-65.72336,0.04687482,0.3936339,0.4065449,-0.8955046
19.54939,-65.5134,0.04801343,0.3975509,0.4038798,-0.8966008
19.56874,-65.30232,0.04919589,0.4012772,0.4013687,-0.8976926
19.58808,-65.09034,0.05043602,0.4048149,0.3990088,-0.8987802
19.60743,-64.87757,0.05170579,0.4081664,0.3967971,-0.8998635
19.62713,-64.66019,0.0530006,0.4113904,0.3946939,-0.9009622
19.64684,-64.44232,0.05434082,0.4144259,0.3927383,-0.9020564
19.66654,-64.22413,0.05574114,0.417275,0.3909271,-0.9031461
19.68624,-64.00569,0.05717191,0.4199403,0.3892572,-0.9042313
19.70643,-63.78162,0.05863897,0.4224834,0.3876894,-0.9053387
19.72662,-63.55755,0.06015339,0.4248382,0.3862636,-0.9064413
19.74682,-63.33362,0.06173088,0.4270071,0.3849767,-0.9075392
19.76701,-63.10984,0.06334007,0.4289927,0.3838253,-0.9086324
19.78785,-62.87903,0.06500078,0.4308524,0.3827758,-0.9097557
19.80868,-62.64859,0.06671188,0.4325219,0.381864,-0.9108739
19.82952,-62.41865,0.06849073,0.4340039,0.3810865,-0.911987
19.85036,-62.18914,0.07030315,0.4353011,0.3804398,-0.9130952
19.87192,-61.9521,0.07217662,0.4364512,0.379905,-0.9142362
19.89347,-61.71569,0.07410451,0.4374092,0.3795032,-0.9153719
19.91503,-61.48,0.07610624,0.4381775,0.3792309,-0.9165022
19.93658,-61.24489,0.07814414,0.4387593,0.3790844,-0.9176272
19.9589,-61.00188,0.08025194,0.4391682,0.3790616,-0.9187865
19.98122,-60.7596,0.08241959,0.439383,0.3791665,-0.9199401
20.00354,-60.51813,0.08466893,0.4394063,0.3793955,-0.9210881
20.02586,-60.27722,0.08695833,0.4392416,0.379745,-0.9222304
20.04898,-60.02793,0.08932772,0.438876,0.3802301,-0.9234079
20.07211,-59.77927,0.09176462,0.4383146,0.3808373,-0.9245794
20.09523,-59.53133,0.094294,0.4375603,0.381563,-0.9257449
20.11835,-59.28373,0.09686953,0.4366167,0.3824034,-0.9269044
20.14229,-59.0272,0.09953535,0.4354438,0.3833906,-0.9280986
20.16624,-58.77099,0.10228,0.4340741,0.3844938,-0.9292865
20.19018,-58.51516,0.1051325,0.4325103,0.3857099,-0.9304679
20.21412,-58.25913,0.108041,0.4307563,0.3870352,-0.9316429
20.23886,-57.99362,0.1110498,0.4287479,0.3885155,-0.9328503
20.2636,-57.72775,0.1141546,0.4265422,0.3901062,-0.9340508
20.28834,-57.4616,0.1173898,0.4241417,0.3918046,-0.9352444
20.31308,-57.19427,0.120697,0.4215501,0.3936072,-0.9364312
20.33854,-56.9168,0.1241148,0.4186868,0.3955683,-0.9376456
20.36401,-56.63779,0.1276551,0.4156257,0.3976353,-0.9388526
20.38948,-56.35731,0.13136,0.4123686,0.3998063,-0.9400521
20.41494,-56.07401,0.1351637,0.4089189,0.4020786,-0.9412441
20.44101,-55.77961,0.1390896,0.4051927,0.4045062,-0.9424562
20.46707,-55.4817,0.1431804,0.401267,0.4070378,-0.9436603
20.49313,-55.18025,0.1474896,0.3971417,0.4096732,-0.9448562
20.51919,-54.87321,0.1519435,0.3928193,0.4124109,-0.9460439
20.54565,-54.55342,0.156537,0.3882322,0.4152932,-0.947241
20.5721,-54.22674,0.1613659,0.3834393,0.418283,-0.9484292
20.59856,-53.89283,0.1665021,0.3784368,0.4213832,-0.9496084
20.62501,-53.54844,0.1718661,0.3732251,0.4245941,-0.9507782
20.65159,-53.18805,0.177404,0.3677779,0.4279326,-0.9519438
20.67817,-52.81459,0.1833023,0.3621069,0.4313926,-0.9530994
20.70475,-52.42692,0.1896663,0.3562021,0.4349821,-0.9542445
20.73133,-52.01942,0.1964183,0.3500579,0.4387057,-0.9553787
20.75769,-51.58891,0.2034258,0.3437195,0.4425383,-0.9564927
20.78406,-51.133,0.2110349,0.3371138,0.446527,-0.9575946
20.81042,-50.64836,0.2194187,0.3302171,0.4506895,-0.9586837
20.83679,-50.12416,0.22853,0.3230111,0.4550403,-0.9597593
20.86255,-49.56054,0.238105,0.3156475,0.4594922,-0.9607964
20.88832,-48.94415,0.2487986,0.3079155,0.464178,-0.961818
20.91409,-48.26512,0.2609436,0.2997614,0.4691375,-0.9628226
20.93986,-47.4994,0.274615,0.2911357,0.4744093,-0.9638082
20.96464,-46.65161,0.2893224,0.282337,0.4798199,-0.9647363
20.98942,-45.68175,0.3063921,0.2729337,0.4856463,-0.9656417
21.0142,-44.55933,0.3265722,0.2628018,0.4919845,-0.9665207
21.03898,-43.22279,0.3503372,0.2518159,0.4989405,-0.967369
21.06258,-41.67775,0.3768963,0.2404195,0.5062646,-0.9681433
21.08618,-39.81219,0.4090267,0.2278685,0.5144782,-0.9688774
21.10978,-37.54297,0.4482534,0.2139454,0.5238281,-0.9695622
21.13339,-34.7439,0.4955274,0.1985027,0.5345902,-0.970187
21.15707,-31.31781,0.5522047,0.1814059,0.5471255,-0.9707413
21.18076,-27.21505,0.6180264,0.1629152,0.5618568,-0.9712051
21.20445,-22.60202,0.6895617,0.1436592,0.579018,-0.971565
21.22813,-18.02901,0.7605881,0.1246789,0.5984649,-0.971816
21.2408,-15.87626,0.7954386,0.1150582,0.6096171,-0.9719072
21.25347,-14.06957,0.826456,0.1059396,0.6210664,-0.9719733
21.26614,-12.71057,0.8528464,0.09739966,0.6326063,-0.9720194
21.27881,-11.87651,0.8743433,0.08947942,0.6440239,-0.9720515
21.29148,-11.60989,0.8910365,0.08219219,0.6551028,-0.9720764
21.30415,-11.89856,0.9031617,0.07553621,0.665638,-0.9721016
21.31682,-12.70677,0.9110798,0.0694999,0.675462,-0.9721338
21.32949,-13.98184,0.9151681,0.06406693,0.6844503,-0.9721793
21.34297,-15.77008,0.9155531,0.05893019,0.6929954,-0.9722485
21.35645,-17.91522,0.9121963,0.0544315,0.7004279,-0.9723442
21.36993,-20.33176,0.9052607,0.05054767,0.7067239,-0.9724706
21.38341,-22.93119,0.8943466,0.0472712,0.7118832,-0.9726308
21.39871,-26.00363,0.8765247,0.04428011,0.7163925,-0.9728562
21.414,-29.13727,0.8528436,0.04202803,0.7195468,-0.973129
21.42929,-32.27072,0.8229476,0.04048986,0.7214304,-0.9734497
21.44458,-35.35643,0.7862247,0.03964634,0.7221312,-0.9738179
21.45802,-38.00869,0.7481581,0.03945959,0.7218465,-0.9741799
21.47146,-40.59611,0.7047217,0.03977505,0.7207815,-0.9745772
21.4849,-43.10971,0.656072,0.04058326,0.718991,-0.9750088
21.49834,-45.548,0.6030756,0.0418723,0.7165342,-0.9754737
21.51178,-47.90888,0.5469687,0.04363318,0.7134676,-0.9759706
21.52522,-50.17682,0.4886472,0.04586861,0.7098377,-0.9764985
21.53866,-52.33551,0.4294573,0.04857788,0.7056949,-0.9770563
21.5521,-54.36837,0.3713558,0.05175437,0.7010936,-0.9776421
21.56527,-56.22185,0.3173731,0.05531202,0.6961917,-0.9782418
21.57844,-57.92288,0.2676017,0.05929639,0.6909529,-0.9788649
21.59161,-59.46362,0.2231189,0.06368697,0.6854278,-0.9795092
21.60479,-60.84286,0.1845952,0.06845753,0.6796651,-0.9801727
21.61314,-61.63609,0.1633415,0.07166639,0.6759076,-0.9806025
21.6215,-62.36872,0.1445072,0.07500685,0.6720837,-0.9810387
21.62985,-63.04371,0.1280051,0.07846995,0.6682036,-0.9814807
21.63821,-63.66423,0.1136532,0.08204662,0.6642764,-0.981928
21.64656,-64.23373,0.1012203,0.08572771,0.6603107,-0.9823803
21.65492,-64.75586,0.09056252,0.08950425,0.6563143,-0.9828372
21.66327,-65.23414,0.08150896,0.09336749,0.6522941,-0.9832981
21.67163,-65.67185,0.07382323,0.097309,0.6482567,-0.9837629
21.67993,-66.06967,0.06730833,0.1012946,0.644234,-0.984228
21.68823,-66.43353,0.06180121,0.1053418,0.6402052,-0.9846963
21.69654,-66.76616,0.05717601,0.1094434,0.6361748,-0.9851675
21.70484,-67.07004,0.05326854,0.1135927,0.6321471,-0.9856412
21.71279,-67.33628,0.05006108,0.1176062,0.6282949,-0.9860972
21.72074,-67.58011,0.04732633,0.1216521,0.6244516,-0.9865553
21.72869,-67.80324,0.04500169,0.1257256,0.6206201,-0.9870151
21.73665,-68.00722,0.04300934,0.1298219,0.6168027,-0.9874766
21.74494,-68.20111,0.04121148,0.134114,0.6128386,-0.9879596
21.75323,-68.37721,0.03967246,0.1384215,0.6088946,-0.988444
21.76153,-68.53687,0.03835859,0.1427399,0.6049729,-0.9889299
21.76982,-68.68131,0.03722538,0.1470654,0.6010753,-0.9894169
21.77885,-68.82248,0.03615299,0.1517744,0.5968646,-0.989948
21.78787,-68.94829,0.0352355,0.1564827,0.5926864,-0.9904802
21.79689,-69.05995,0.03445468,0.1611862,0.5885424,-0.9910134
21.80592,-69.15852,0.03378285,0.1658809,0.5844343,-0.9915476
21.81606,-69.25495,0.03312824,0.1711451,0.5798593,-0.9921491
21.82621,-69.33736,0.03257659,0.1763892,0.5753331,-0.9927515
21.83635,-69.40686,0.0321179,0.1816091,0.5708572,-0.9933546
21.8465,-69.4645,0.03173313,0.1868009,0.5664328,-0.9939583
21.85821,-69.51746,0.03135994,0.1927527,0.5613928,-0.9946555
21.86992,-69.55712,0.0310636,0.1986578,0.5564246,-0.9953532
21.88162,-69.58461,0.03083841,0.2045118,0.5515294,-0.9960512
21.89333,-69.60094,0.03066977,0.2103109,0.5467083,-0.9967494
21.90714,-69.60711,0.03052698,0.2170753,0.5411187,-0.9975728
21.92095,-69.60036,0.03044864,0.2237536,0.5356345,-0.9983962
21.93476,-69.58186,0.03043126,0.2303416,0.5302565,-0.9992193
21.94857,-69.55266,0.03046243,0.2368356,0.5249854,-1.000042
21.96515,-69.50473,0.03054955,0.2445055,0.518797,-1.001029
21.98174,-69.4441,0.03069726,0.2520306,0.5127636,-1.002015
21.99832,-69.372,0.03090385,0.259407,0.5068852,-1.003
22.0149,-69.28952,0.03115698,0.2666316,0.5011615,-1.003983
22.03471,-69.17873,0.03150349,0.2750593,0.4945262,-1.005156
22.05452,-69.05592,0.03191375,0.2832636,0.4881097,-1.006326
22.07433,-68.92236,0.03239173,0.2912421,0.4819101,-1.007493
22.09414,-68.77914,0.03291674,0.2989933,0.4759258,-1.008657
22.11497,-68.61919,0.03349236,0.3068968,0.4698635,-1.009878
22.1358,-68.45063,0.03413123,0.3145478,0.4640339,-1.011095
22.15663,-68.27436,0.03484885,0.3219466,0.4584341,-1.012308
22.17746,-68.09115,0.03560535,0.3290938,0.453061,-1.013517
22.1965,-67.9181,0.0362991,0.3354107,0.4483429,-1.014619
22.21555,-67.74034,0.03704359,0.3415193,0.4438091,-1.015718
22.2346,-67.55833,0.03785252,0.347421,0.4394569,-1.016813
22.25365,-67.37244,0.03869216,0.3531171,0.4352837,-1.017904
22.27163,-67.19375,0.0394867,0.3583066,0.4315065,-1.018931
22.2896,-67.01224,0.04032183,0.3633158,0.427884,-1.019954
22.30758,-66.82821,0.04120686,0.3681465,0.4244139,-1.020974
22.32556,-66.64186,0.04211979,0.3728001,0.4210938,-1.02199
22.34413,-66.44717,0.04306982,0.3774234,0.417819,-1.023036
22.36271,-66.25052,0.04406051,0.3818613,0.4146991,-1.024078
22.38128,-66.05214,0.04510283,0.3861158,0.4117316,-1.025116
22.39985,-65.85223,0.04617377,0.3901887,0.4089137,-1.026151
22.41912,-65.64335,0.04729,0.3942247,0.4061455,-1.02722
22.43839,-65.43325,0.04844993,0.3980695,0.4035326,-1.028285
22.45766,-65.22211,0.04966712,0.4017254,0.4010722,-1.029345
22.47693,-65.01007,0.05091405,0.4051945,0.3987612,-1.030402
22.49657,-64.79317,0.05218705,0.4085403,0.3965567,-1.031474
22.5162,-64.57569,0.05350549,0.4116966,0.3945013,-1.032541
22.53584,-64.35779,0.05488392,0.4146658,0.392592,-1.033604
22.55548,-64.13955,0.0562929,0.4174503,0.3908256,-1.034663
22.57557,-63.91597,0.05773563,0.4201106,0.3891632,-1.035741
22.59566,-63.69232,0.05922558,0.4225822,0.387644,-1.036815
22.61576,-63.46874,0.06077827,0.4248677,0.386265,-1.037884
22.63585,-63.24524,0.06236268,0.4269695,0.3850228,-1.038949
22.65657,-63.01485,0.06399696,0.4289472,0.3838819,-1.040041
22.67729,-62.78478,0.06568134,0.4307347,0.3828797,-1.041129
22.69801,-62.55515,0.06743292,0.4323344,0.3820131,-1.042212
22.71873,-62.32591,0.069218,0.4337492,0.3812787,-1.043289
22.74016,-62.08916,0.07106338,0.4350206,0.3806544,-1.044399
22.76159,-61.85299,0.07296277,0.4360996,0.3801645,-1.045503
22.78302,-61.61752,0.07493525,0.4369888,0.3798053,-1.046602
22.80445,-61.38262,0.07694373,0.4376911,0.3795734,-1.047695
22.82664,-61.13985,0.07902134,0.4382245,0.3794635,-1.048822
22.84883,-60.89778,0.08115817,0.4385635,0.3794827,-1.049943
22.87102,-60.65653,0.08337568,0.4387107,0.3796275,-1.051059
22.89321,-60.41585,0.08563288,0.4386695,0.3798942,-1.052168
22.91619,-60.16681,0.0879693,0.4384315,0.380295,-1.053312
22.93918,-59.91843,0.09037226,0.4379972,0.3808194,-1.05445
22.96217,-59.6708,0.09286623,0.4373696,0.3814637,-1.055582
22.98516,-59.42354,0.09540567,0.4365521,0.3822242,-1.056709
23.00897,-59.16738,0.09803485,0.4355091,0.3831305,-1.057869
23.03277,-58.91159,0.1007414,0.4342685,0.3841543,-1.059022
23.05658,-58.65625,0.1035536,0.4328334,0.3852925,-1.060169
23.08039,-58.40079,0.1064205,0.4312074,0.3865412,-1.06131
23.10501,-58.13587,0.1093875,0.4293296,0.3879446,-1.062483
23.12962,-57.87069,0.1124482,0.4272537,0.3894599,-1.063649
23.15423,-57.60534,0.1156361,0.4249823,0.3910843,-1.064808
23.17885,-57.33896,0.1188939,0.422519,0.3928143,-1.065961
23.2042,-57.06245,0.1222623,0.4197849,0.3947034,-1.067141
23.22956,-56.78459,0.1257495,0.4168522,0.3966995,-1.068313
23.25491,-56.50543,0.1293964,0.4137227,0.398801,-1.069479
23.28027,-56.22369,0.1331386,0.4103998,0.4010047,-1.070636
23.30624,-55.9309,0.137003,0.4067989,0.4033656,-1.071815
23.33222,-55.63489,0.1410264,0.4029978,0.4058312,-1.072985
23.3582,-55.33563,0.1452607,0.3989966,0.4084014,-1.074148
23.38417,-55.03118,0.1496334,0.3947979,0.4110742,-1.075302
23.41057,-54.71413,0.1541451,0.3903302,0.4138947,-1.076467
23.43698,-54.39066,0.1588823,0.3856566,0.4168228,-1.077623
23.46338,-54.06049,0.1639144,0.3807738,0.4198607,-1.07877
23.48978,-53.72053,0.1691626,0.3756825,0.4230087,-1.079908
23.51635,-53.36497,0.1745817,0.370349,0.4262882,-1.081043
23.54292,-52.99721,0.1803436,0.3647933,0.4296877,-1.082169
23.56948,-52.61624,0.1865486,0.3590061,0.4332143,-1.083284
23.59605,-52.21678,0.1931186,0.3529828,0.4368722,-1.084389
23.62245,-51.79529,0.1999338,0.3467575,0.4406427,-1.085475
23.64885,-51.35019,0.2073158,0.3402702,0.4445649,-1.08655
23.67525,-50.8785,0.2154273,0.333499,0.4486548,-1.087612
23.70165,-50.37018,0.224216,0.3264278,0.4529257,-1.088662
23.7275,-49.82489,0.2334382,0.3191929,0.4572988,-1.089675
23.75335,-49.23095,0.2437017,0.3116033,0.4618951,-1.090674
23.7792,-48.57956,0.2553147,0.3036098,0.4667506,-1.091656
23.80505,-47.8488,0.2683314,0.2951674,0.4719005,-1.09262
23.82995,-47.04266,0.2822946,0.2865561,0.4771821,-1.09353
23.85486,-46.12535,0.2984286,0.2773739,0.4828523,-1.094418
23.87976,-45.06974,0.317418,0.2675068,0.4889986,-1.095282
23.90467,-43.82015,0.3396758,0.2568398,0.4957161,-1.096116
23.92839,-42.38258,0.3644395,0.2458058,0.5027585,-1.096879
23.95212,-40.65586,0.3942975,0.2336915,0.5106161,-1.097605
23.97584,-38.56235,0.4307211,0.2202785,0.5195148,-1.098284
23.99956,-35.97702,0.4747177,0.2053933,0.5297101,-1.098909
24.02304,-32.83605,0.5269085,0.18909,0.5413679,-1.09946
24.04651,-29.02005,0.5886354,0.171247,0.5550412,-1.099929
24.06999,-24.60714,0.6579019,0.1523079,0.5710378,-1.1003
24.09346,-19.98443,0.7297338,0.1331916,0.589387,-1.100566
24.10722,-17.43026,0.7700184,0.1223746,0.601124,-1.100671
24.12098,-15.17909,0.8067401,0.112055,0.6133705,-1.100744
24.13474,-13.37908,0.8385514,0.1023653,0.62589,-1.100788
24.1485,-12.15427,0.8647757,0.09338401,0.638419,-1.100812
24.16226,-11.58909,0.8852752,0.08514496,0.6506752,-1.100823
24.17602,-11.68624,0.9002166,0.07765486,0.6623783,-1.100831
24.18978,-12.41142,0.9099948,0.07090367,0.6732951,-1.100844
24.20354,-13.70687,0.915155,0.06487061,0.6832561,-1.100872
24.21632,-15.34382,0.916156,0.05989094,0.6915418,-1.100917
24.2291,-17.31721,0.9137639,0.05548933,0.6988329,-1.100984
24.24188,-19.55258,0.9081272,0.0516461,0.7051025,-1.101079
24.25466,-21.97334,0.8989784,0.048353,0.7103447,-1.101203
24.27017,-25.06168,0.8825827,0.04508456,0.7153517,-1.101397
24.28568,-28.23578,0.8603327,0.0425832,0.7189401,-1.10164
24.30119,-31.42629,0.8318966,0.04082204,0.7211954,-1.101932
24.3167,-34.57634,0.7965095,0.03978325,0.7222069,-1.102272
24.33311,-37.83443,0.7514512,0.03944007,0.7220378,-1.102685
24.34952,-40.99593,0.6982361,0.0398496,0.7206964,-1.103151
24.36593,-44.0404,0.636904,0.0409988,0.7182788,-1.103668
24.38234,-46.96838,0.5696184,0.04286207,0.7148972,-1.104234
24.39615,-49.34126,0.5104463,0.04497074,0.7113812,-1.104747
24.40997,-51.60523,0.4499129,0.04758009,0.7073038,-1.105292
24.42378,-53.74095,0.3896191,0.05068783,0.7027206,-1.105867
24.4376,-55.73007,0.3317375,0.05428392,0.6976917,-1.10647
24.4507,-57.46471,0.280927,0.05813082,0.6925671,-1.107067
24.46379,-59.04221,0.2351269,0.06238561,0.6871458,-1.107685
24.47689,-60.45971,0.195135,0.06702373,0.6814764,-1.108323
24.48999,-61.72021,0.1611945,0.07201604,0.6756047,-1.108978
24.4979,-62.4091,0.1435356,0.07518995,0.671977,-1.109381
24.50582,-63.04638,0.1279414,0.07847334,0.6682994,-1.10979
24.51373,-63.63488,0.1142994,0.08185846,0.6645797,-1.110203
24.52164,-64.17748,0.102431,0.08533759,0.6608251,-1.110621
24.52956,-64.67717,0.09213068,0.08890307,0.6570424,-1.111043
24.53747,-65.13701,0.08326816,0.09254744,0.6532375,-1.111469
24.54538,-65.55988,0.07569679,0.09626345,0.6494161,-1.111898
24.5533,-65.94849,0.06922794,0.1000442,0.6455832,-1.11233
24.5615,-66.31809,0.06348505,0.1040267,0.6416005,-1.112782
24.56971,-66.65631,0.05862503,0.1080645,0.6376149,-1.113236
24.57792,-66.96565,0.05453557,0.112151,0.6336307,-1.113693
24.58613,-67.24839,0.05107233,0.1162798,0.6296517,-1.114153
24.5941,-67.49963,0.04818366,0.120327,0.6257932,-1.114601
24.60208,-67.72951,0.04571873,0.1244033,0.6219456,-1.115051
24.61005,-67.93964,0.04362128,0.128504,0.6181116,-1.115504
24.61803,-68.13151,0.0418211,0.1326245,0.6142934,-1.115957
24.62642,-68.31519,0.04018017,0.1369776,0.6102946,-1.116436
24.63482,-68.48158,0.03877515,0.1413434,0.6063179,-1.116917
24.64321,-68.632,0.03757566,0.1457175,0.6023654,-1.117398
24.65161,-68.76766,0.03654087,0.150096,0.5984389,-1.117881
24.66079,-68.90052,0.03555546,0.1548895,0.5941724,-1.118411
24.66998,-69.01829,0.03471359,0.1596791,0.5899408,-1.118942
24.67917,-69.12216,0.03399878,0.1644609,0.585746,-1.119474
24.68836,-69.21319,0.03338524,0.1692309,0.5815894,-1.120006
24.69874,-69.30183,0.03278619,0.1746028,0.5769398,-1.120609
24.70913,-69.37658,0.03228442,0.1799506,0.5723424,-1.121213
24.71951,-69.43858,0.03187084,0.1852701,0.5677988,-1.121817
24.7299,-69.48885,0.03152739,0.1905574,0.5633101,-1.122422
24.74193,-69.53363,0.03119703,0.1966398,0.5581787,-1.123123
24.75396,-69.56517,0.03094078,0.2026696,0.5531242,-1.123825
24.766,-69.58462,0.03075342,0.2086423,0.5481477,-1.124527
24.77803,-69.593,0.03062082,0.2145543,0.5432503,-1.125229
24.79228,-69.58984,0.03051859,0.2214705,0.5375553,-1.12606
24.80652,-69.57378,0.03047979,0.2282918,0.5319733,-1.126891
24.82077,-69.54601,0.03050122,0.235014,0.526505,-1.127721
24.83502,-69.50757,0.03057063,0.2416333,0.5211509,-1.128551
24.85217,-69.44846,0.03070345,0.2494612,0.5148573,-1.129549
24.86932,-69.37666,0.0308972,0.257131,0.5087296,-1.130546
24.88647,-69.29344,0.03115064,0.2646391,0.5027678,-1.131541
24.90362,-69.19988,0.03145097,0.2719825,0.4969713,-1.132535
24.92391,-69.07723,0.0318483,0.2804509,0.4903287,-1.133707
24.94419,-68.94289,0.03231055,0.2886829,0.4839146,-1.134877
24.96447,-68.79809,0.03284373,0.2966768,0.477727,-1.136043
24.98475,-68.64392,0.03342366,0.3044313,0.4717636,-1.137207
25.00537,-68.47857,0.03403209,0.3120674,0.4659295,-1.138386
25.02599,-68.3054,0.03470245,0.3194558,0.4603218,-1.139561
25.0466,-68.12523,0.0354512,0.3265972,0.4549374,-1.140732
25.06722,-67.93874,0.03623717,0.3334926,0.4497731,-1.141899
25.08594,-67.76437,0.03695168,0.339544,0.4452703,-1.142956
25.10467,-67.58577,0.03771469,0.3453948,0.440944,-1.144009
25.1234,-67.40333,0.03853872,0.3510462,0.4367917,-1.145059
25.14212,-67.21741,0.03939289,0.3564998,0.4328109,-1.146105
25.16013,-67.03566,0.04021763,0.3615583,0.4291426,-1.147107
25.17813,-66.85128,0.04108257,0.3664369,0.4256281,-1.148106
25.19614,-66.66455,0.04199701,0.3711373,0.4222649,-1.149101
25.21414,-66.47568,0.04293953,0.375661,0.4190507,-1.150092
25.23288,-66.27707,0.04392764,0.3801833,0.4158612,-1.151121
25.25162,-66.07663,0.04495728,0.3845181,0.4128278,-1.152145
25.27036,-65.87459,0.04604003,0.3886672,0.4099478,-1.153165
25.2891,-65.67113,0.04715191,0.3926327,0.4072183,-1.154181
25.30845,-65.45968,0.0483049,0.3965377,0.4045547,-1.155227
25.3278,-65.24712,0.0495023,0.4002511,0.4020459,-1.156268
25.34715,-65.03366,0.05075796,0.4037752,0.3996889,-1.157305
25.36651,-64.81942,0.05204379,0.4071123,0.3974808,-1.158337
25.38622,-64.60048,0.05335574,0.4103217,0.3953814,-1.159384
25.40593,-64.38106,0.0547137,0.4133416,0.3934303,-1.160427
25.42565,-64.16134,0.05613243,0.4161743,0.3916244,-1.161465
25.44536,-63.94137,0.05758218,0.4188223,0.3899605,-1.162499
25.46557,-63.71568,0.05906951,0.4213474,0.3883992,-1.163554
25.48578,-63.49,0.06060488,0.4236832,0.3869808,-1.164604
25.50599,-63.26447,0.06220409,0.425832,0.3857019,-1.165649
25.5262,-63.0391,0.06383563,0.4277966,0.3845595,-1.16669
25.54706,-62.80662,0.06552017,0.4296338,0.3835197,-1.167759
25.56792,-62.57452,0.06725585,0.4312797,0.3826185,-1.168823
25.58878,-62.34292,0.0690602,0.4327369,0.3818524,-1.169882
25.60964,-62.11176,0.07089882,0.4340082,0.3812179,-1.170936
25.63122,-61.87297,0.07280025,0.4351307,0.3806964,-1.172021
25.6528,-61.6348,0.07475701,0.4360597,0.3803086,-1.1731
25.67438,-61.39737,0.07678869,0.4367979,0.3800512,-1.174175
25.69596,-61.16052,0.07885738,0.4373483,0.3799204,-1.175244
25.71832,-60.91565,0.0809981,0.4377235,0.3799146,-1.176345
25.74067,-60.67149,0.08319978,0.4379032,0.3800374,-1.177441
25.76302,-60.42814,0.08548454,0.4378901,0.3802852,-1.178531
25.78537,-60.18534,0.08781045,0.4376877,0.3806541,-1.179615
25.80853,-59.93401,0.09021881,0.4372815,0.3811604,-1.180733
25.83169,-59.68329,0.0926962,0.436678,0.3817895,-1.181845
25.85485,-59.43326,0.09526791,0.4358802,0.382538,-1.18295
25.87801,-59.18352,0.09788727,0.4348916,0.3834021,-1.18405
25.90199,-58.92469,0.1005998,0.4336705,0.3844147,-1.185182
25.92597,-58.66611,0.1033933,0.4322509,0.3855442,-1.186307
25.94995,-58.40786,0.1062973,0.4306357,0.3867876,-1.187427
25.97393,-58.1493,0.1092595,0.4288286,0.388141,-1.188539
25.99871,-57.88108,0.1123254,0.4267637,0.3896513,-1.189682
26.02349,-57.61237,0.1154906,0.4244997,0.391273,-1.190818
26.04827,-57.34325,0.1187901,0.422039,0.3930034,-1.191947
26.07305,-57.07278,0.1221651,0.4193852,0.3948393,-1.193069
26.09855,-56.79192,0.1256548,0.4164566,0.3968353,-1.194217
26.12405,-56.5093,0.1292721,0.4133281,0.3989385,-1.195357
26.14955,-56.22498,0.1330603,0.4100011,0.4011471,-1.196489
26.17505,-55.93752,0.136953,0.4064791,0.4034587,-1.197614
26.20113,-55.63862,0.1409734,0.4026781,0.4059268,-1.198756
26.22722,-55.33581,0.1451671,0.3986748,0.4085007,-1.199891
26.2533,-55.02903,0.1495896,0.3944685,0.4111808,-1.201017
26.27938,-54.7161,0.154167,0.3900617,0.4139654,-1.202135
26.30584,-54.38988,0.1588918,0.3853889,0.4168954,-1.20326
26.33229,-54.05603,0.1638668,0.3805059,0.4199361,-1.204376
26.35875,-53.71413,0.1691678,0.3754083,0.4230906,-1.205483
26.3852,-53.36067,0.1747156,0.3700956,0.4263599,-1.20658
26.41175,-52.99025,0.1804506,0.3645475,0.4297574,-1.207671
26.43829,-52.60532,0.1865742,0.3587683,0.4332818,-1.208752
26.46484,-52.20451,0.1931992,0.3527461,0.4369419,-1.209822
26.49138,-51.78164,0.200251,0.3464742,0.4407437,-1.210881
26.51767,-51.3338,0.2075851,0.3400084,0.4446556,-1.211918
26.54396,-50.8575,0.2155794,0.3332613,0.4487338,-1.212943
26.57024,-50.34871,0.2244239,0.3262056,0.4529983,-1.213954
26.59653,-49.79529,0.2340833,0.3188197,0.4574663,-1.214951
26.62216,-49.19782,0.2442702,0.3112728,0.4620401,-1.215908
26.6478,-48.54023,0.2557107,0.3033282,0.4668692,-1.21685
26.67343,-47.81057,0.268782,0.294924,0.4719994,-1.217773
26.69907,-46.98102,0.2835997,0.2860018,0.4774761,-1.218675
26.72367,-46.05665,0.2996306,0.2768848,0.4831116,-1.21952
26.74827,-44.98993,0.3183728,0.267096,0.4892139,-1.220341
26.77286,-43.74379,0.3406904,0.2564929,0.4958958,-1.221132
26.79746,-42.24569,0.3671762,0.2449304,0.5032836,-1.221889
26.82092,-40.49836,0.3970438,0.2328521,0.5111356,-1.222574
26.84438,-38.36995,0.4333641,0.2194767,0.5200211,-1.223214
26.86783,-35.76886,0.4777012,0.2045995,0.5302264,-1.223797
26.89129,-32.57519,0.5307973,0.1881439,0.5420615,-1.224312
26.91512,-28.67876,0.5944733,0.1698829,0.5560962,-1.224752
26.93895,-24.1849,0.6654962,0.150627,0.5725544,-1.22509
26.96278,-19.4345,0.73799,0.1312706,0.5914675,-1.225317
26.98661,-15.20413,0.8045396,0.1128921,0.6123569,-1.225437
26.99818,-13.62867,0.8322059,0.1046364,0.622921,-1.225461
27.00974,-12.44488,0.8559104,0.09687494,0.6335293,-1.22547
27.02131,-11.70356,0.8754094,0.08963664,0.6440098,-1.225467
27.03288,-11.43412,0.8908066,0.08293162,0.6542013,-1.225459
27.04445,-11.63871,0.9023728,0.07675684,0.6639517,-1.22545
27.05602,-12.28797,0.9103863,0.07110313,0.6731269,-1.225446
27.06759,-13.34082,0.9151568,0.0659573,0.681622,-1.225453
27.07916,-14.74662,0.9169068,0.06130634,0.6893605,-1.225473
27.09453,-17.05428,0.9145511,0.05587672,0.6983803,-1.225529
27.1099,-19.74918,0.907453,0.05125967,0.7059186,-1.225623
27.12527,-22.71417,0.8958196,0.0474192,0.7119779,-1.225761
27.14064,-25.82505,0.8786419,0.044354,0.716587,-1.225945
27.15538,-28.8539,0.8561108,0.04213681,0.7197043,-1.226167
27.17011,-31.88313,0.8276696,0.0405889,0.7216306,-1.226434
27.18485,-34.87143,0.7929522,0.03968874,0.7224465,-1.226745
27.19958,-37.79351,0.7517588,0.0394149,0.7222362,-1.2271
27.21086,-39.97748,0.7159379,0.03961449,0.7214351,-1.2274
27.22213,-42.11193,0.6765058,0.04016102,0.7201159,-1.227724
27.23341,-44.19301,0.6337031,0.04104968,0.7183106,-1.228072
27.24468,-46.21884,0.588085,0.04227529,0.7160525,-1.228443
27.25596,-48.18659,0.5403851,0.0438341,0.7133738,-1.228837
27.26723,-50.08755,0.4912638,0.04572668,0.7103032,-1.229253
27.27851,-51.91221,0.4415769,0.04795224,0.7068707,-1.229689
27.28978,-53.65059,0.3924142,0.05050774,0.7031081,-1.230146
27.30334,-55.61268,0.3355615,0.05401317,0.6981888,-1.23072
27.31691,-57.417,0.2826902,0.0579771,0.6928939,-1.23132
27.33047,-59.05271,0.2350849,0.06237937,0.6872791,-1.231943
27.34404,-60.51655,0.1936747,0.06719295,0.6813984,-1.232587
27.35285,-61.37692,0.1702877,0.0705248,0.6774601,-1.233015
27.36166,-62.16879,0.1496256,0.07400626,0.6734442,-1.233451
27.37047,-62.8955,0.1316074,0.07762686,0.6693628,-1.233893
27.37929,-63.56065,0.1160271,0.08137599,0.6652269,-1.234342
27.3881,-64.16826,0.1026107,0.08524288,0.6610468,-1.234796
27.39691,-64.72266,0.09120053,0.08921694,0.6568316,-1.235255
27.40572,-65.22801,0.0816018,0.09328786,0.6525897,-1.235719
27.41453,-65.68815,0.07352781,0.09744573,0.6483288,-1.236186
27.42281,-66.08236,0.06708051,0.1014209,0.6443161,-1.236629
27.43108,-66.44293,0.06162888,0.1054567,0.6402977,-1.237075
27.43936,-66.77255,0.05704832,0.1095463,0.6362781,-1.237524
27.44763,-67.07367,0.05317712,0.1136827,0.6322615,-1.237976
27.45559,-67.33841,0.04998783,0.1176978,0.6284061,-1.238412
27.46354,-67.58076,0.04726913,0.121745,0.6245599,-1.23885
27.4715,-67.80245,0.04495861,0.1258194,0.6207256,-1.23929
27.47945,-68.00502,0.04297875,0.1299163,0.6169057,-1.239731
27.48775,-68.19755,0.04119175,0.1342106,0.6129375,-1.240194
27.49606,-68.37231,0.03966247,0.1385199,0.6089896,-1.240658
27.50436,-68.53064,0.03835735,0.1428399,0.6050643,-1.241123
27.51266,-68.67377,0.03723209,0.1471665,0.6011633,-1.241589
27.5217,-68.81363,0.03616693,0.1518797,0.5969461,-1.242099
27.53073,-68.93812,0.03525619,0.1565917,0.5927618,-1.242609
27.53977,-69.04846,0.03448168,0.1612985,0.588612,-1.24312
27.54881,-69.14572,0.03381584,0.1659961,0.5844984,-1.243632
27.55898,-69.24074,0.03316725,0.1712666,0.5799146,-1.244209
27.56915,-69.32171,0.03262146,0.1765165,0.57538,-1.244787
27.57931,-69.38978,0.03216847,0.1817416,0.5708961,-1.245366
27.58948,-69.44596,0.03178931,0.186938,0.5664643,-1.245945
27.60123,-69.49728,0.03142228,0.1928994,0.5614122,-1.246615
27.61297,-69.53527,0.03113214,0.1988131,0.5564325,-1.247285
27.62472,-69.56107,0.03091321,0.2046748,0.5515267,-1.247955
27.63646,-69.57569,0.03075088,0.2104808,0.5466957,-1.248625
27.65033,-69.57983,0.03061558,0.2172594,0.5410893,-1.249417
27.66419,-69.571,0.03054498,0.2239505,0.5355896,-1.250208
27.67806,-69.55038,0.03053559,0.2305498,0.5301974,-1.250999
27.69193,-69.51903,0.03057498,0.2370537,0.5249133,-1.25179
27.7086,-69.46843,0.03067246,0.2447432,0.5187032,-1.25274
27.72527,-69.40506,0.03083107,0.2522855,0.5126503,-1.253689
27.74195,-69.33018,0.0310491,0.2596766,0.5067544,-1.254636
27.75862,-69.24489,0.03131416,0.2669135,0.5010153,-1.255582
27.77853,-69.13072,0.03167511,0.2753503,0.4943664,-1.25671
27.79844,-69.00452,0.03210069,0.2835605,0.4879388,-1.257835
27.81835,-68.86754,0.0325952,0.2915417,0.4817311,-1.258957
27.83826,-68.7209,0.03313729,0.2992925,0.4757411,-1.260076
27.85907,-68.55834,0.03372714,0.3071461,0.469711,-1.261242
27.87988,-68.38727,0.0343807,0.3147469,0.4639136,-1.262404
27.90069,-68.20858,0.03511381,0.3220952,0.458346,-1.263563
27.9215,-68.02303,0.03588607,0.3291918,0.453005,-1.264717
27.9405,-67.84828,0.03659281,0.3354497,0.4483257,-1.265767
27.95949,-67.66888,0.03735037,0.3415001,0.4438298,-1.266813
27.97848,-67.4853,0.0381723,0.3473443,0.4395149,-1.267856
27.99747,-67.29792,0.0390253,0.3529838,0.4353782,-1.268895
28.01546,-67.11723,0.03983591,0.3581383,0.4316217,-1.269876
28.03345,-66.93376,0.04068748,0.363112,0.4280204,-1.270853
28.05144,-66.74778,0.04158936,0.3679066,0.424572,-1.271827
28.06943,-66.55954,0.0425196,0.3725235,0.4212739,-1.272797
28.08805,-66.36257,0.04348959,0.3771161,0.4180168,-1.273797
28.10666,-66.16367,0.04450093,0.3815221,0.4149156,-1.274794
28.12528,-65.96307,0.04556477,0.3857434,0.4119676,-1.275786
28.1439,-65.76095,0.04665781,0.3897821,0.4091702,-1.276775
28.16319,-65.55005,0.04779606,0.3937772,0.4064269,-1.277795
28.18249,-65.33795,0.0489787,0.3975803,0.4038396,-1.278811
28.20178,-65.12485,0.05021943,0.4011937,0.4014052,-1.279823
28.22108,-64.91088,0.0514905,0.4046194,0.3991208,-1.28083
28.24074,-64.69203,0.05278855,0.4079203,0.3969438,-1.281853
28.26041,-64.47262,0.05413274,0.4110309,0.3949164,-1.282871
28.28007,-64.25284,0.05553776,0.4139536,0.3930356,-1.283884
28.29974,-64.03275,0.05697396,0.4166907,0.3912983,-1.284893
28.31987,-63.80714,0.058446,0.4193033,0.389665,-1.285921
28.34001,-63.58149,0.05996608,0.4217261,0.3881756,-1.286944
28.36014,-63.35593,0.06154989,0.4239617,0.386827,-1.287963
28.38028,-63.1305,0.06316615,0.4260125,0.3856159,-1.288977
28.40105,-62.89802,0.06483442,0.4279372,0.3845071,-1.290018
28.42182,-62.66589,0.06655374,0.4296704,0.3835378,-1.291054
28.4426,-62.43423,0.06834145,0.4312145,0.3827048,-1.292085
28.46337,-62.20298,0.07016349,0.4325724,0.3820045,-1.293111
28.48486,-61.96409,0.07204808,0.433784,0.3814162,-1.294168
28.50635,-61.72581,0.07398782,0.4348017,0.3809627,-1.295218
28.52784,-61.48823,0.07600209,0.4356282,0.3806408,-1.296264
28.54933,-61.25123,0.07805337,0.4362664,0.3804467,-1.297304
28.57159,-61.00621,0.08017644,0.4367322,0.3803766,-1.298376
28.59384,-60.76189,0.08236017,0.437002,0.3804363,-1.299442
28.6161,-60.51838,0.0846264,0.4370785,0.3806223,-1.300502
28.63836,-60.27543,0.08693366,0.4369651,0.3809307,-1.301557
28.66142,-60.02394,0.08932322,0.4366506,0.3813755,-1.302644
28.68448,-59.77308,0.09178127,0.4361382,0.3819445,-1.303724
28.70754,-59.52293,0.09433279,0.4354309,0.3826341,-1.304799
28.73061,-59.2731,0.09693165,0.4345321,0.3834406,-1.305868
28.75449,-59.01417,0.09962376,0.4334031,0.3843951,-1.306969
28.77838,-58.75553,0.102396,0.4320748,0.385468,-1.308063
28.80227,-58.49725,0.1052774,0.4305502,0.3866559,-1.309151
28.82615,-58.23873,0.1082164,0.4288328,0.3879552,-1.310232
28.85084,-57.97052,0.1112595,0.4268591,0.3894114,-1.311343
28.87553,-57.70189,0.1144004,0.4246853,0.3909804,-1.312447
28.90022,-57.43292,0.1176738,0.4223138,0.3926593,-1.313544
28.92491,-57.1627,0.1210215,0.4197485,0.3944449,-1.314635
28.95034,-56.88206,0.1244846,0.4169083,0.3963915,-1.31575
28.97576,-56.59978,0.1280731,0.4138672,0.3984463,-1.316858
29.00119,-56.31589,0.1318296,0.4106266,0.4006078,-1.317958
29.02661,-56.02902,0.1356887,0.4071901,0.4028732,-1.319051
29.05263,-55.73069,0.1396762,0.4034729,0.4052969,-1.320162
29.07866,-55.42864,0.1438336,0.3995522,0.4078273,-1.321265
29.10468,-55.12279,0.1482153,0.3954279,0.4104646,-1.322359
29.13071,-54.81102,0.1527483,0.3911021,0.4132071,-1.323446
29.15712,-54.486,0.1574292,0.3865067,0.4160976,-1.32454
29.18354,-54.15365,0.1623548,0.3817004,0.4190991,-1.325625
29.20996,-53.81355,0.1675989,0.3766791,0.4222146,-1.3267
29.23638,-53.4623,0.173083,0.3714427,0.4254449,-1.327767
29.26292,-53.09428,0.1787536,0.3659655,0.4288063,-1.328828
29.28945,-52.71226,0.1848026,0.3602574,0.4322942,-1.329879
29.31599,-52.31495,0.1913396,0.3543072,0.4359168,-1.33092
29.34252,-51.89639,0.1982899,0.3481086,0.4396797,-1.331949
29.36883,-51.45339,0.2055175,0.3417103,0.4435556,-1.332958
29.39513,-50.98298,0.2133847,0.335033,0.4475954,-1.333955
29.42144,-50.48136,0.2220753,0.3280508,0.4518184,-1.334938
29.44775,-49.93687,0.2315509,0.3207432,0.4562407,-1.335908
29.47343,-49.34977,0.2415366,0.3132701,0.4607701,-1.33684
29.49911,-48.70503,0.2527299,0.3054068,0.4655486,-1.337756
29.52479,-47.99136,0.2654927,0.2970939,0.4706199,-1.338654
29.55047,-47.18225,0.279928,0.2882759,0.4760274,-1.339532
29.57514,-46.28242,0.2955222,0.2792652,0.4815891,-1.340355
29.5998,-45.24689,0.3137123,0.269602,0.4876017,-1.341153
29.62447,-44.04066,0.3353256,0.2591491,0.4941726,-1.341924
29.64914,-42.59461,0.3609203,0.2477667,0.5014217,-1.342662
29.67265,-40.91193,0.3897178,0.2358963,0.5091056,-1.343329
29.69617,-38.86665,0.4247017,0.2227664,0.5177783,-1.343952
29.71968,-36.3682,0.4674489,0.2081625,0.5277153,-1.344521
29.7432,-33.29125,0.5188153,0.1919769,0.5392196,-1.345025
29.76719,-29.49723,0.5811324,0.1738504,0.5529158,-1.345457
29.79118,-25.04745,0.6516807,0.1545551,0.5690321,-1.345788
29.81516,-20.23137,0.7250922,0.134939,0.5876775,-1.346008
29.83915,-15.80201,0.7940236,0.1161268,0.6084671,-1.346117
29.85086,-14.07685,0.823378,0.107589,0.6191249,-1.346134
29.86256,-12.72923,0.8488027,0.09954357,0.6298885,-1.346133
29.87427,-11.82112,0.8699441,0.09202809,0.6405804,-1.346118
29.88597,-11.39257,0.8868358,0.08505828,0.6510306,-1.346096
29.89768,-11.45496,0.8997177,0.0786341,0.6610753,-1.346072
29.90938,-11.98366,0.9088595,0.07274792,0.6705667,-1.346051
29.92109,-12.94003,0.914584,0.06738703,0.6793874,-1.346039
29.93279,-14.27448,0.9171534,0.06253775,0.6874505,-1.34604
29.94724,-16.35123,0.9160812,0.0572395,0.6962694,-1.346067
29.9617,-18.8008,0.910783,0.05266835,0.7037823,-1.346126
29.97615,-21.52088,0.9014355,0.04879489,0.7099787,-1.346223
29.9906,-24.40486,0.8873592,0.04561415,0.7148731,-1.346359
30.00555,-27.46701,0.8670861,0.04304464,0.718615,-1.346546
30.0205,-30.55262,0.8409436,0.0411741,0.7210933,-1.346778
30.03545,-33.612,0.8085554,0.03997953,0.7223911,-1.347057
30.0504,-36.61093,0.7695354,0.03943997,0.7225951,-1.34738
30.06306,-39.09184,0.7312803,0.03947786,0.7219793,-1.347689
30.07573,-41.51131,0.6883433,0.03995769,0.7206914,-1.348028
30.08839,-43.86305,0.6409616,0.04087225,0.7187772,-1.348398
30.10105,-46.14535,0.589927,0.04221282,0.7162853,-1.348798
30.11372,-48.35524,0.5363203,0.04397302,0.7132624,-1.349225
30.12638,-50.47952,0.4810056,0.0461546,0.7097481,-1.34968
30.13904,-52.50426,0.4251786,0.0487565,0.705785,-1.350162
30.15171,-54.41528,0.3704531,0.05177325,0.7014187,-1.350668
30.16501,-56.28446,0.3159154,0.05538089,0.696447,-1.351225
30.17832,-57.99711,0.2657386,0.05942348,0.6911336,-1.351805
30.19162,-59.54543,0.221018,0.06387949,0.6855308,-1.352407
30.20493,-60.92858,0.1824189,0.06872148,0.6796885,-1.353029
30.21322,-61.70894,0.1615494,0.07191843,0.6759492,-1.353425
30.2215,-62.42976,0.1430589,0.07524394,0.6721458,-1.353827
30.22979,-63.09399,0.1268565,0.07868918,0.668288,-1.354235
30.23808,-63.70477,0.1127612,0.08224528,0.6643848,-1.354649
30.24637,-64.26549,0.1005456,0.0859033,0.6604445,-1.355067
30.25466,-64.77975,0.09006701,0.08965444,0.6564746,-1.355489
30.26294,-65.25096,0.08115718,0.09349017,0.652482,-1.355916
30.27123,-65.68235,0.07358623,0.09740225,0.6484729,-1.356346
30.27953,-66.07735,0.06711882,0.1013867,0.6444491,-1.35678
30.28782,-66.43851,0.06165272,0.105432,0.6404194,-1.357217
30.29612,-66.76854,0.0570625,0.1095312,0.6363887,-1.357657
30.30442,-67.06992,0.05318498,0.1136774,0.632361,-1.3581
30.31237,-67.33412,0.0499993,0.1176916,0.628505,-1.358526
30.32033,-67.57595,0.0472838,0.1217378,0.6246584,-1.358955
30.32828,-67.79711,0.04497611,0.125811,0.6208237,-1.359385
30.33624,-67.99916,0.0429988,0.1299066,0.6170034,-1.359817
30.34454,-68.19125,0.04121344,0.1342015,0.613033,-1.36027
30.35285,-68.36554,0.03968583,0.1385113,0.609083,-1.360724
30.36116,-68.52339,0.0383824,0.1428316,0.6051556,-1.361179
30.36946,-68.66605,0.03725883,0.1471584,0.6012526,-1.361636
30.3785,-68.80539,0.03619538,0.1518723,0.597033,-1.362134
30.38755,-68.92935,0.0352864,0.1565849,0.5928462,-1.362634
30.39659,-69.03915,0.03451367,0.161292,0.5886942,-1.363135
30.40563,-69.13586,0.03384962,0.1659899,0.5845784,-1.363636
30.41581,-69.23028,0.03320294,0.1712618,0.5799912,-1.364201
30.42599,-69.31064,0.03265912,0.1765128,0.5754534,-1.364768
30.43617,-69.37808,0.03220818,0.1817388,0.5709665,-1.365334
30.44634,-69.43363,0.03183112,0.1869359,0.5665318,-1.365902
30.4581,-69.48422,0.03146647,0.1928997,0.561475,-1.366558
30.46986,-69.52145,0.03117884,0.1988155,0.5564909,-1.367214
30.48162,-69.54648,0.0309625,0.204679,0.551581,-1.367871
30.49338,-69.56033,0.03080289,0.2104863,0.5467462,-1.368528
30.50727,-69.56353,0.03067086,0.2172694,0.541133,-1.369304
30.52116,-69.55373,0.03060372,0.2239643,0.535627,-1.37008
30.53505,-69.53213,0.03059796,0.2305669,0.5302291,-1.370856
30.54894,-69.49978,0.03064116,0.2370735,0.5249398,-1.371631
30.56565,-69.44792,0.03074351,0.2447701,0.5187203,-1.372563
30.58236,-69.38325,0.03090729,0.2523184,0.512659,-1.373493
30.59908,-69.30705,0.03113081,0.2597145,0.5067557,-1.374423
30.61579,-69.22041,0.03140163,0.2669554,0.5010101,-1.375351
30.63574,-69.10462,0.03176966,0.2753951,0.4943548,-1.376456
30.6557,-68.97677,0.0322028,0.2836066,0.4879223,-1.377559
30.67566,-68.83813,0.03270549,0.2915878,0.4817108,-1.378659
30.69561,-68.68981,0.03325609,0.2993371,0.4757183,-1.379756
30.71642,-68.52594,0.03385325,0.3071675,0.4697023,-1.380897
30.73722,-68.3536,0.03451442,0.3147449,0.4639191,-1.382033
30.75803,-68.17366,0.03525557,0.3220695,0.4583658,-1.383166
30.77883,-67.9869,0.03603607,0.3291423,0.4530392,-1.384294
30.7978,-67.81122,0.03674978,0.3353732,0.4483769,-1.385319
30.81677,-67.63093,0.03751444,0.3413969,0.4438979,-1.386341
30.83574,-67.44648,0.0383435,0.3472145,0.4395995,-1.387359
30.85471,-67.25826,0.03920386,0.3528277,0.4354791,-1.388374
30.87271,-67.0765,0.04002307,0.3579656,0.431732,-1.389333
30.89071,-66.89198,0.04088347,0.3629224,0.4281404,-1.390288
30.9087,-66.70496,0.04179443,0.3676996,0.4247018,-1.39124
30.9267,-66.51569,0.04273403,0.3722988,0.421414,-1.392188
30.94534,-66.31753,0.04371461,0.3768759,0.4181655,-1.393167
30.96398,-66.11746,0.04473691,0.3812657,0.4150734,-1.394141
30.98262,-65.9157,0.04581219,0.3854703,0.4121351,-1.395112
31.00125,-65.71244,0.04691698,0.3894916,0.4093478,-1.396078
31.02056,-65.50046,0.04806704,0.3934662,0.4066167,-1.397075
31.03987,-65.28729,0.04926185,0.3972483,0.4040419,-1.398068
31.05918,-65.07315,0.0505152,0.4008402,0.4016204,-1.399056
31.07849,-64.85816,0.05179923,0.404244,0.3993492,-1.400041
31.09817,-64.63826,0.05311081,0.4075223,0.3971857,-1.401039
31.11785,-64.41782,0.0544689,0.4106099,0.3951723,-1.402033
31.13753,-64.19702,0.05588828,0.413509,0.3933057,-1.403023
31.15721,-63.97592,0.0573392,0.416222,0.391583,-1.404008
31.17737,-63.74922,0.05882707,0.4188104,0.3899642,-1.405012
31.19752,-63.5225,0.06036343,0.4212084,0.3884899,-1.406012
31.21768,-63.29588,0.06196406,0.4234184,0.3871566,-1.407006
31.23784,-63.0694,0.06359754,0.425443,0.3859613,-1.407996
31.25864,-62.83581,0.06528417,0.4273405,0.3848688,-1.409013
31.27944,-62.60257,0.06702237,0.4290457,0.3839164,-1.410024
31.30024,-62.36982,0.06882961,0.4305612,0.3831005,-1.411031
31.32104,-62.13748,0.07067165,0.4318896,0.3824178,-1.412032
31.34257,-61.89745,0.07257746,0.4330702,0.3818478,-1.413063
31.36409,-61.65802,0.07453904,0.4340561,0.3814133,-1.414088
31.38561,-61.41931,0.07657594,0.4348501,0.3811105,-1.415108
31.40714,-61.18117,0.07865042,0.4354551,0.380936,-1.416123
31.42943,-60.93493,0.08079813,0.4358856,0.3808865,-1.417168
31.45172,-60.6894,0.0830073,0.4361193,0.3809672,-1.418208
31.47401,-60.44467,0.08529997,0.4361589,0.3811745,-1.419242
31.4963,-60.20048,0.08763441,0.4360078,0.3815047,-1.42027
31.51941,-59.94767,0.09005283,0.4356533,0.3819724,-1.421329
31.54251,-59.69546,0.09254083,0.4351,0.3825647,-1.422383
31.56561,-59.44395,0.09512365,0.4343508,0.3832781,-1.42343
31.58871,-59.19271,0.09775484,0.4334093,0.3841087,-1.424472
31.61264,-58.93228,0.1004812,0.4322351,0.3850886,-1.425544
31.63657,-58.67208,0.1032893,0.4308607,0.3861872,-1.42661
31.6605,-58.4122,0.1062084,0.4292889,0.3874013,-1.427669
31.68442,-58.15201,0.1091867,0.4275234,0.3887272,-1.428722
31.70915,-57.882,0.1122714,0.4254991,0.3902113,-1.429803
31.73389,-57.61148,0.1154563,0.4232736,0.3918086,-1.430878
31.75862,-57.34053,0.1187765,0.4208493,0.3935164,-1.431945
31.78335,-57.06819,0.1221735,0.41823,0.3953315,-1.433006
31.80881,-56.78527,0.1256886,0.4153337,0.3973085,-1.43409
31.83427,-56.50055,0.129333,0.4122351,0.3993945,-1.435167
31.85972,-56.21404,0.1331498,0.4089357,0.401588,-1.436236
31.88518,-55.92434,0.1370734,0.4054388,0.4038862,-1.437298
31.91123,-55.62294,0.1411289,0.4016598,0.4063434,-1.438376
31.93728,-55.31752,0.1453606,0.3976757,0.4089085,-1.439446
31.96333,-55.00798,0.1498242,0.3934857,0.4115817,-1.440508
31.98938,-54.69212,0.1544465,0.3890921,0.4143616,-1.441561
32.0158,-54.36264,0.1592219,0.3844286,0.4172898,-1.442621
32.04223,-54.02528,0.1642529,0.3795513,0.420331,-1.443672
32.06865,-53.67958,0.1696161,0.3744558,0.4234884,-1.444714
32.09508,-53.32194,0.1752331,0.3691412,0.4267634,-1.445745
32.1216,-52.94684,0.1810458,0.3635867,0.4301694,-1.446771
32.14811,-52.55669,0.1872576,0.3577963,0.4337055,-1.447786
32.17463,-52.15002,0.1939837,0.3517576,0.4373809,-1.44879
32.20114,-51.72046,0.2011516,0.3454633,0.4412018,-1.449783
32.2274,-51.26503,0.2086159,0.3389703,0.4451361,-1.450754
32.25365,-50.77993,0.2167631,0.3321885,0.4492415,-1.451713
32.2799,-50.26086,0.2257896,0.3250894,0.4535392,-1.452658
32.30615,-49.69514,0.235666,0.3176498,0.4580471,-1.453588
32.33174,-49.0834,0.2460992,0.3100431,0.4626652,-1.45448
32.35732,-48.40851,0.2578405,0.3020248,0.4675481,-1.455356
32.38291,-47.65767,0.2712848,0.2935298,0.4727438,-1.456212
32.4085,-46.80147,0.2865663,0.2844959,0.4783009,-1.457048
32.43304,-45.84495,0.30314,0.2752531,0.4840274,-1.457828
32.45758,-44.73742,0.322571,0.2653084,0.4902427,-1.458582
32.48212,-43.43893,0.3457722,0.2545113,0.4970669,-1.459306
32.50666,-41.87221,0.3733882,0.2427084,0.504635,-1.459995
32.53008,-40.03773,0.4046602,0.2303353,0.5127147,-1.460613
32.55351,-37.79533,0.4427596,0.2166028,0.5218919,-1.461184
32.57694,-35.05054,0.4892424,0.2013162,0.53247,-1.461696
32.60036,-31.68974,0.5447209,0.1844377,0.5447719,-1.462136
32.62411,-27.62828,0.6106159,0.1658495,0.5593506,-1.462494
32.64786,-23.0338,0.6827761,0.1464652,0.5763943,-1.462748
32.6716,-18.3156,0.7545659,0.1272468,0.595835,-1.462891
32.69535,-14.29696,0.8185088,0.1092288,0.6170695,-1.46293
32.70666,-12.91351,0.8439521,0.1013391,0.6274958,-1.462918
32.71797,-11.93326,0.8654517,0.09393948,0.6378921,-1.462892
32.72929,-11.39312,0.8828959,0.08704915,0.6480961,-1.462858
32.7406,-11.31012,0.8964645,0.08067189,0.6579602,-1.462821
32.75191,-11.67646,0.9064569,0.07480149,0.6673483,-1.462785
32.76322,-12.45824,0.9131531,0.06942728,0.6761437,-1.462756
32.77454,-13.61258,0.9168423,0.06453579,0.6842569,-1.462737
32.78585,-15.0889,0.9177054,0.06011475,0.6916238,-1.462734
32.80242,-17.70675,0.9136515,0.05447397,0.7009773,-1.462763
32.81899,-20.73227,0.9041588,0.04976821,0.7085943,-1.462839
32.83557,-24.02699,0.889526,0.04594972,0.7145001,-1.462967
32.85214,-27.4392,0.8681403,0.04302524,0.7187457,-1.46315
32.86661,-30.42647,0.8428729,0.04119994,0.7211689,-1.463357
32.88108,-33.39115,0.8116984,0.0400102,0.7224828,-1.463607
32.89555,-36.30058,0.7742836,0.0394361,0.7227647,-1.4639
32.91002,-39.13801,0.7306303,0.03945647,0.7220949,-1.464234
32.92146,-41.32649,0.6919234,0.03987961,0.7209445,-1.464527
32.9329,-43.46179,0.6496766,0.04065635,0.719282,-1.464844
32.94434,-45.53974,0.6042371,0.04178292,0.71714,-1.465186
32.95578,-47.55741,0.5563038,0.04325492,0.7145528,-1.465551
32.96722,-49.51022,0.5067623,0.04506928,0.7115536,-1.465938
32.97866,-51.38753,0.4564082,0.04722663,0.7081726,-1.466348
32.9901,-53.17836,0.4062138,0.04972539,0.7044418,-1.466778
33.00154,-54.87187,0.3573438,0.05256106,0.7003946,-1.467229
33.01514,-56.74284,0.3025526,0.05635904,0.6952212,-1.467788
33.02873,-58.44759,0.2526731,0.06060567,0.6897057,-1.468371
33.04232,-59.97981,0.2087612,0.06527609,0.6839032,-1.468977
33.05592,-61.34061,0.1713391,0.07033943,0.6778661,-1.469602
33.06351,-62.0289,0.1532643,0.07332582,0.6744098,-1.469959
33.0711,-62.66819,0.1371508,0.07641684,0.6709033,-1.47032
33.0787,-63.26087,0.1229118,0.07960568,0.667354,-1.470687
33.08629,-63.80943,0.1104038,0.08288548,0.6637685,-1.471058
33.09388,-64.31652,0.0994552,0.08624937,0.6601532,-1.471433
33.10148,-64.78486,0.08994638,0.08969061,0.6565137,-1.471811
33.10907,-65.21709,0.08174267,0.09320264,0.6528553,-1.472193
33.11667,-65.61571,0.07467383,0.09677912,0.6491828,-1.472578
33.12502,-66.01827,0.06800146,0.100781,0.6451314,-1.473005
33.13337,-66.38609,0.06236779,0.1048457,0.6410734,-1.473435
33.14173,-66.72198,0.05764307,0.1089658,0.6370138,-1.473868
33.15008,-67.0285,0.05365712,0.1131343,0.6329568,-1.474303
33.15803,-67.29508,0.05040886,0.1171406,0.6291017,-1.47472
33.16599,-67.53909,0.04764056,0.1211794,0.6252554,-1.475139
33.17394,-67.76223,0.04528857,0.1252457,0.6214209,-1.475559
33.18189,-67.96609,0.04327399,0.1293349,0.6176006,-1.475982
33.19018,-68.1597,0.04145757,0.1336189,0.613634,-1.476424
33.19847,-68.3354,0.03990382,0.1379183,0.6096876,-1.476867
33.20676,-68.49454,0.03857842,0.1422286,0.6057636,-1.477312
33.21506,-68.63838,0.03743628,0.1465457,0.6018637,-1.477758
33.22408,-68.77875,0.03635681,0.1512441,0.5976519,-1.478244
33.23309,-68.90369,0.03543425,0.1559417,0.5934727,-1.478732
33.24211,-69.01438,0.03465,0.1606342,0.5893278,-1.47922
33.25113,-69.11194,0.03397609,0.1653178,0.5852189,-1.47971
33.26127,-69.20717,0.0333203,0.1705704,0.5806422,-1.480261
33.27142,-69.2883,0.03276867,0.1758027,0.5761144,-1.480813
33.28156,-69.35646,0.03231099,0.1810105,0.5716372,-1.481366
33.2917,-69.4127,0.03192806,0.1861898,0.5672118,-1.48192
33.30342,-69.46401,0.03155765,0.1921312,0.5621673,-1.48256
33.31513,-69.50193,0.03126498,0.1980252,0.5571951,-1.4832
33.32684,-69.52761,0.03104422,0.2038677,0.5522963,-1.48384
33.33856,-69.54208,0.03088067,0.2096546,0.5474721,-1.484481
33.35239,-69.54597,0.03074454,0.2164133,0.5418717,-1.485238
33.36622,-69.53683,0.03067376,0.2230848,0.5363776,-1.485994
33.38006,-69.51586,0.03066473,0.229665,0.5309908,-1.48675
33.39389,-69.48411,0.03070498,0.23615,0.5257119,-1.487506
33.41054,-69.43291,0.03080422,0.2438236,0.5195027,-1.488415
33.42719,-69.36887,0.0309652,0.2513502,0.5134505,-1.489322
33.44384,-69.29325,0.03118618,0.2587258,0.5075554,-1.490229
33.46049,-69.20716,0.03145472,0.2659474,0.5018171,-1.491133
33.4804,-69.09178,0.03182118,0.2743794,0.4951585,-1.492213
33.50032,-68.96425,0.03225309,0.2825842,0.4887221,-1.493291
33.52023,-68.82587,0.03275469,0.2905594,0.4825063,-1.494365
33.54014,-68.67774,0.03330463,0.2983035,0.4765091,-1.495437
33.56098,-68.5134,0.033904,0.3061569,0.4704665,-1.496554
33.58181,-68.34047,0.03456799,0.3137562,0.464658,-1.497668
33.60264,-68.15986,0.03531253,0.3211017,0.4590806,-1.498778
33.62348,-67.97233,0.03609701,0.3281941,0.4537313,-1.499883
33.64249,-67.79578,0.03681519,0.3344457,0.4490465,-1.500889
33.6615,-67.61455,0.0375849,0.3404886,0.4445462,-1.50189
33.68051,-67.42912,0.03841979,0.3463244,0.4402279,-1.502888
33.69952,-67.23986,0.03928637,0.3519543,0.4360889,-1.503883
33.71752,-67.05738,0.04011025,0.3570987,0.4323312,-1.504821
33.73553,-66.87212,0.0409757,0.3620614,0.4287297,-1.505755
33.75354,-66.68434,0.04189215,0.366844,0.4252818,-1.506687
33.77154,-66.49429,0.04283753,0.371448,0.4219852,-1.507614
33.79017,-66.29546,0.04382355,0.3760259,0.4187307,-1.50857
33.80881,-66.09471,0.04485158,0.3804163,0.415633,-1.509523
33.82744,-65.89226,0.04593288,0.384621,0.4126895,-1.510471
33.84607,-65.6883,0.04704397,0.3886421,0.4098974,-1.511415
33.86538,-65.47553,0.04820121,0.3926174,0.4071608,-1.51239
33.88469,-65.26156,0.04940353,0.3963997,0.4045811,-1.51336
33.904,-65.04661,0.05066473,0.3999913,0.4021551,-1.514325
33.9233,-64.83081,0.05195692,0.4033943,0.39988,-1.515287
33.94299,-64.61003,0.05327739,0.406672,0.3977126,-1.516262
33.96267,-64.38871,0.05464474,0.4097583,0.3956957,-1.517233
33.98236,-64.16703,0.05607377,0.4126555,0.3938263,-1.5182
34.00204,-63.94506,0.0575347,0.4153661,0.3921013,-1.519162
34.02221,-63.71745,0.05903317,0.4179515,0.3904806,-1.520143
34.04237,-63.48981,0.06058052,0.4203458,0.3890049,-1.521119
34.06254,-63.26228,0.06219259,0.4225516,0.3876709,-1.52209
34.0827,-63.03489,0.06383788,0.4245713,0.3864753,-1.523056
34.10351,-62.80036,0.06553709,0.4264632,0.3853831,-1.524048
34.12432,-62.56617,0.06728832,0.4281621,0.3844314,-1.525035
34.14513,-62.33247,0.06910908,0.4296705,0.3836169,-1.526017
34.16593,-62.0992,0.07096505,0.4309913,0.3829361,-1.526994
34.18747,-61.85817,0.07288579,0.4321634,0.3823686,-1.528
34.209,-61.61774,0.07486281,0.43314,0.381937,-1.529
34.23053,-61.37803,0.07691574,0.433924,0.3816379,-1.529995
34.25206,-61.1389,0.07900675,0.4345181,0.3814675,-1.530985
34.27437,-60.89159,0.08117218,0.4349368,0.3814229,-1.532004
34.29667,-60.64499,0.0833997,0.4351577,0.381509,-1.533017
34.31898,-60.39919,0.08571148,0.4351838,0.3817223,-1.534025
34.34128,-60.15392,0.08806564,0.4350183,0.382059,-1.535028
34.3644,-59.89995,0.09050519,0.434648,0.3825342,-1.53606
34.38752,-59.64656,0.09301515,0.434078,0.3831345,-1.537087
34.41064,-59.39386,0.09562093,0.4333113,0.3838564,-1.538107
34.43375,-59.14141,0.09827593,0.4323513,0.3846962,-1.539122
34.4577,-58.87967,0.1010278,0.431157,0.3856862,-1.540166
34.48164,-58.61813,0.1038625,0.4297614,0.3867956,-1.541204
34.50559,-58.35687,0.1068098,0.4281675,0.3880211,-1.542235
34.52953,-58.09525,0.1098174,0.4263788,0.3893591,-1.54326
34.55428,-57.8237,0.1129334,0.4243295,0.3908562,-1.544312
34.57903,-57.55158,0.1161513,0.422078,0.3924672,-1.545358
34.60378,-57.27895,0.1195068,0.4196264,0.3941896,-1.546396
34.62853,-57.00485,0.122941,0.4169787,0.3960198,-1.547427
34.654,-56.72002,0.1264958,0.4140522,0.3980131,-1.548482
34.67947,-56.43326,0.1301826,0.4109221,0.4001162,-1.549528
34.70495,-56.14459,0.1340454,0.4075898,0.4023277,-1.550567
34.73042,-55.85256,0.1380181,0.4040584,0.4046449,-1.551599
34.75648,-55.54862,0.1421261,0.4002435,0.4071219,-1.552646
34.78254,-55.24044,0.1464148,0.3962216,0.409708,-1.553685
34.8086,-54.9279,0.1509415,0.391992,0.4124035,-1.554715
34.83465,-54.60872,0.1556325,0.3875567,0.4152072,-1.555737
34.86108,-54.27561,0.1604813,0.3828505,0.4181598,-1.556764
34.8875,-53.9342,0.1655942,0.377928,0.4212272,-1.557782
34.91393,-53.58397,0.1710498,0.3727842,0.424413,-1.558791
34.94035,-53.22119,0.1767702,0.367418,0.4277186,-1.55979
34.96685,-52.84038,0.1826943,0.3618116,0.4311559,-1.560782
34.99334,-52.44369,0.1890339,0.3559649,0.4347263,-1.561763
35.01984,-52.0295,0.1959083,0.3498647,0.4384398,-1.562733
35.04634,-51.59113,0.2032474,0.3435027,0.4423032,-1.563692
35.07255,-51.12571,0.2108991,0.3369417,0.4462808,-1.564628
35.09876,-50.6288,0.2192682,0.3300837,0.4504356,-1.565552
35.12496,-50.09569,0.2285614,0.3228981,0.45479,-1.566461
35.15117,-49.51288,0.2387569,0.3153596,0.4593637,-1.567356
35.17669,-48.88122,0.2495482,0.3076512,0.4640507,-1.568211
35.2022,-48.18195,0.2617292,0.2995138,0.4690153,-1.56905
35.22772,-47.40093,0.275722,0.2908775,0.4743091,-1.569869
35.25324,-46.5064,0.2916868,0.2816745,0.4799849,-1.570666
35.27768,-45.50351,0.309056,0.2722472,0.4858437,-1.571407
35.30213,-44.33688,0.3294973,0.2620777,0.4922227,-1.572122
35.32657,-42.96244,0.3539932,0.2510046,0.4992521,-1.572805
35.35102,-41.29632,0.3832565,0.2388643,0.50708,-1.573451
35.37439,-39.33593,0.4165674,0.2260804,0.5154884,-1.574026
35.39777,-36.93042,0.4572119,0.211861,0.5250858,-1.574551
35.42115,-33.98469,0.5066755,0.1960373,0.5361962,-1.575013
35.44453,-30.40214,0.5652847,0.1786447,0.5491529,-1.575398
35.46819,-26.13375,0.6337807,0.1597088,0.5644956,-1.575695
35.49186,-21.46275,0.7066825,0.1402943,0.5823164,-1.575885
35.51553,-16.89664,0.7765494,0.1214196,0.6023874,-1.575965
35.53919,-13.27882,0.8360889,0.1040204,0.6239296,-1.575947
35.55059,-12.14898,0.8591313,0.09638567,0.6344577,-1.575912
35.56199,-11.45918,0.8780848,0.08926388,0.6448447,-1.575866
35.57339,-11.22935,0.8929866,0.08266432,0.6549282,-1.575816
35.58479,-11.46008,0.9041166,0.07658385,0.6645672,-1.575765
35.59619,-12.12826,0.9118138,0.07101217,0.6736376,-1.575719
35.60759,-13.18954,0.9163696,0.06593578,0.682038,-1.575684
35.61899,-14.59382,0.9180529,0.06133981,0.6896955,-1.575662
35.63038,-16.28523,0.916971,0.05721256,0.6965605,-1.575658
35.64457,-18.70022,0.9116602,0.05271824,0.7039533,-1.575683
35.65875,-21.36983,0.9022015,0.04890606,0.7100684,-1.575743
35.67294,-24.20727,0.8885667,0.04575185,0.7149309,-1.575843
35.68712,-27.12714,0.8700326,0.04324956,0.7185799,-1.575983
35.70131,-30.06431,0.8459727,0.04138893,0.7210766,-1.576165
35.71549,-32.98131,0.8162349,0.04014264,0.7224963,-1.576389
35.72968,-35.84655,0.7805021,0.03949159,0.7229127,-1.576653
35.74386,-38.64333,0.7387453,0.03941542,0.7224023,-1.576958
35.75539,-40.86214,0.7005527,0.03976302,0.7213572,-1.577235
35.76692,-43.02702,0.6586853,0.04047139,0.7197842,-1.577536
35.77845,-45.13385,0.6134641,0.04153625,0.717717,-1.577863
35.78998,-47.18014,0.5655738,0.04295262,0.7151911,-1.578213
35.80151,-49.16183,0.5158934,0.04471702,0.7122407,-1.578587
35.81304,-51.06843,0.4652047,0.04683016,0.7088966,-1.578982
35.82457,-52.88896,0.4144836,0.04929067,0.7051915,-1.5794
35.8361,-54.61237,0.3649251,0.05209422,0.7011595,-1.579837
35.84964,-56.49776,0.3097847,0.05581672,0.6960529,-1.580376
35.86319,-58.21937,0.2593378,0.05998737,0.690599,-1.580939
35.87673,-59.76993,0.2146851,0.0645825,0.6848529,-1.581524
35.89027,-61.1496,0.1764377,0.06957228,0.678867,-1.582129
35.89831,-61.88999,0.1568149,0.07270482,0.6752225,-1.582496
35.90634,-62.57499,0.1394076,0.07595599,0.6715202,-1.582869
35.91438,-63.20739,0.1241216,0.0793177,0.6677689,-1.583247
35.92241,-63.79012,0.1107871,0.08278183,0.6639765,-1.58363
35.93045,-64.32629,0.09919633,0.08634024,0.6601506,-1.584018
35.93848,-64.81915,0.08921426,0.08998494,0.6562979,-1.584409
35.94652,-65.27184,0.08068522,0.09370816,0.6524245,-1.584804
35.95455,-65.68728,0.07340343,0.09750243,0.6485362,-1.585203
35.96285,-66.08044,0.06696983,0.1014906,0.6445075,-1.585619
35.97116,-66.43978,0.06153374,0.1055393,0.6404733,-1.586037
35.97946,-66.76803,0.05696996,0.1096414,0.6364383,-1.586459
35.98776,-67.06766,0.05311561,0.1137901,0.6324067,-1.586882
35.99573,-67.33014,0.04995029,0.1178051,0.6285483,-1.587291
36.00369,-67.57029,0.04725252,0.1218517,0.6246994,-1.587702
36.01165,-67.78981,0.04496022,0.125925,0.6208629,-1.588114
36.01961,-67.99025,0.04299636,0.1300202,0.617041,-1.588528
36.02792,-68.18087,0.04122182,0.1343185,0.6130651,-1.588962
36.03624,-68.35371,0.039704,0.1386313,0.6091101,-1.589398
36.04456,-68.51011,0.03840943,0.1429543,0.6051779,-1.589835
36.05288,-68.65131,0.03729397,0.1472833,0.6012705,-1.590273
36.06194,-68.78917,0.03623802,0.1520024,0.5970435,-1.590752
36.07101,-68.91165,0.0353361,0.1567196,0.5928497,-1.591232
36.08007,-69.01995,0.03457005,0.1614309,0.5886911,-1.591713
36.08913,-69.11516,0.0339124,0.1661325,0.584569,-1.592194
36.09934,-69.20795,0.0332722,0.1714119,0.5799717,-1.592738
36.10955,-69.28666,0.03273479,0.1766699,0.5754244,-1.593282
36.11976,-69.35243,0.03229017,0.1819021,0.5709286,-1.593827
36.12997,-69.40629,0.03191939,0.1871047,0.5664856,-1.594373
36.14177,-69.45495,0.03156171,0.1930795,0.5614151,-1.595004
36.15358,-69.49023,0.03128119,0.1990053,0.5564184,-1.595636
36.16538,-69.51327,0.0310721,0.2048777,0.5514966,-1.596268
36.17719,-69.5251,0.03091987,0.2106929,0.5466509,-1.5969
36.19115,-69.52588,0.03079668,0.2174922,0.5410191,-1.597648
36.20511,-69.51361,0.03073875,0.2242017,0.5354959,-1.598395
36.21908,-69.4895,0.03074255,0.2308171,0.5300823,-1.599143
36.23304,-69.4546,0.03079566,0.2373348,0.5247789,-1.599889
36.24986,-69.39953,0.03091058,0.2450535,0.5185355,-1.600788
36.26668,-69.3316,0.03108763,0.252621,0.5124528,-1.601686
36.28351,-69.25206,0.03132515,0.2600333,0.5065306,-1.602582
36.30033,-69.16205,0.03161059,0.2672875,0.5007687,-1.603476
36.32041,-69.04225,0.03199623,0.2757341,0.4941014,-1.604542
36.34048,-68.91037,0.03244808,0.2839488,0.48766,-1.605604
36.36056,-68.76769,0.03297101,0.2919294,0.4814427,-1.606664
36.38064,-68.61533,0.03354255,0.2996745,0.4754475,-1.60772
36.40142,-68.44846,0.03415688,0.3074419,0.4694738,-1.60881
36.4222,-68.27324,0.03483579,0.3149561,0.4637328,-1.609896
36.44298,-68.09054,0.03559559,0.3222175,0.4582215,-1.610979
36.46375,-67.90111,0.03639507,0.329227,0.4529368,-1.612057
36.48267,-67.72342,0.03712481,0.3353887,0.448321,-1.613034
36.50158,-67.5412,0.03790562,0.3413439,0.4438877,-1.614008
36.52049,-67.35492,0.0387508,0.3470939,0.4396342,-1.614978
36.5394,-67.16493,0.03962772,0.3526403,0.4355579,-1.615945
36.55742,-66.98077,0.04046696,0.357737,0.4318362,-1.616862
36.57544,-66.79388,0.04134788,0.3626519,0.4282706,-1.617776
36.59346,-66.60453,0.04227995,0.3673863,0.4248587,-1.618686
36.61148,-66.41297,0.04324124,0.371942,0.4215981,-1.619593
36.63018,-66.21214,0.04424644,0.3764807,0.418373,-1.62053
36.64887,-66.00942,0.04529419,0.3808307,0.4153055,-1.621463
36.66756,-65.80505,0.04639602,0.384994,0.4123928,-1.622392
36.68626,-65.59922,0.04752805,0.3889726,0.4096322,-1.623316
36.7056,-65.38486,0.04870529,0.392897,0.4069328,-1.624269
36.72494,-65.16936,0.04992812,0.396628,0.4043904,-1.625217
36.74428,-64.95292,0.05121049,0.4001676,0.402002,-1.626161
36.76363,-64.73568,0.05252426,0.4035182,0.3997645,-1.627101
36.78335,-64.51347,0.05386687,0.4067419,0.3976356,-1.628054
36.80307,-64.29077,0.05525685,0.4097737,0.3956573,-1.629003
36.82279,-64.06775,0.05670914,0.412616,0.3938266,-1.629948
36.84251,-63.84447,0.05819376,0.4152711,0.3921403,-1.630887
36.86272,-63.61538,0.05971788,0.417801,0.3905583,-1.631846
36.88294,-63.3863,0.06129149,0.4201391,0.3891214,-1.632799
36.90315,-63.15737,0.0629306,0.4222879,0.3878264,-1.633748
36.92336,-62.9286,0.06460343,0.4242499,0.38667,-1.634692
36.94423,-62.69257,0.06633202,0.4260822,0.3856181,-1.635662
36.9651,-62.45692,0.06811335,0.4277207,0.3847069,-1.636626
36.98597,-62.22178,0.06996519,0.4291678,0.3839331,-1.637586
37.00684,-61.98708,0.07185285,0.4304263,0.3832932,-1.63854
37.02844,-61.74453,0.07380704,0.4315333,0.3827682,-1.639522
37.05004,-61.5026,0.07581844,0.4324439,0.3823793,-1.640499
37.07164,-61.26141,0.07790693,0.4331608,0.382123,-1.641471
37.09324,-61.02079,0.08003427,0.433687,0.3819956,-1.642436
37.11562,-60.77189,0.0822381,0.4340344,0.3819958,-1.643432
37.138,-60.52369,0.08450522,0.434183,0.3821269,-1.644421
37.16038,-60.27629,0.08685814,0.4341358,0.3823853,-1.645405
37.18276,-60.02939,0.08925451,0.4338959,0.3827673,-1.646382
37.20596,-59.77366,0.09173864,0.4334476,0.3832896,-1.64739
37.22915,-59.51849,0.09429484,0.4327985,0.3839372,-1.648391
37.25235,-59.26396,0.09694901,0.4319516,0.3847067,-1.649386
37.27555,-59.00962,0.09965396,0.4309103,0.3855941,-1.650375
37.29957,-58.74585,0.1024584,0.4296308,0.3866337,-1.651393
37.3236,-58.4822,0.1053482,0.4281489,0.3877928,-1.652405
37.34762,-58.21875,0.1083536,0.4264675,0.3890684,-1.653409
37.37165,-57.95481,0.1114218,0.4245902,0.3904566,-1.654408
37.39647,-57.68077,0.1146014,0.4224486,0.3920056,-1.655432
37.4213,-57.40601,0.1178867,0.4201035,0.3936688,-1.65645
37.44612,-57.13058,0.1213142,0.4175571,0.3954439,-1.65746
37.47095,-56.85347,0.1248245,0.4148131,0.3973273,-1.658463
37.49649,-56.56539,0.128459,0.4117877,0.3993749,-1.659488
37.52203,-56.27512,0.1322315,0.408557,0.401533,-1.660505
37.54757,-55.98265,0.1361875,0.4051223,0.4038003,-1.661514
37.57311,-55.68643,0.1402602,0.4014867,0.4061744,-1.662516
37.59921,-55.37798,0.1444728,0.3975664,0.4087086,-1.663531
37.62531,-55.06481,0.1488765,0.3934368,0.4113534,-1.664538
37.65142,-54.74674,0.1535306,0.3890967,0.4141093,-1.665537
37.67752,-54.42136,0.1583611,0.3845477,0.4169754,-1.666527
37.70396,-54.08146,0.163357,0.3797288,0.41999,-1.66752
37.7304,-53.73238,0.1686349,0.3746896,0.4231222,-1.668505
37.75683,-53.37348,0.1742782,0.3694241,0.4263763,-1.669479
37.78327,-53.0007,0.1802094,0.3639305,0.4297544,-1.670444
37.80974,-52.6088,0.1863585,0.3581994,0.4332633,-1.671399
37.8362,-52.19925,0.1929578,0.3522203,0.436911,-1.672344
37.86267,-51.77011,0.2001361,0.345978,0.4407089,-1.673277
37.88914,-51.314,0.2078275,0.3394625,0.4446651,-1.674198
37.91526,-50.82845,0.2158634,0.3327507,0.4487357,-1.675095
37.94138,-50.30751,0.2246903,0.3257258,0.4529954,-1.675978
37.96751,-49.74558,0.2345373,0.3183531,0.4574696,-1.676847
37.99363,-49.12734,0.2453994,0.3106027,0.4621813,-1.677701
38.019,-48.45426,0.2569392,0.3026789,0.4670122,-1.678513
38.04437,-47.70387,0.2700444,0.2942907,0.4721471,-1.679307
38.06974,-46.85918,0.2851959,0.2853575,0.4776456,-1.680081
38.09511,-45.88315,0.3026115,0.2758003,0.4835699,-1.680831
38.11936,-44.7812,0.321676,0.2659861,0.4897071,-1.681523
38.14362,-43.48761,0.3442769,0.2553455,0.4964315,-1.682187
38.16788,-41.94952,0.3715389,0.2436963,0.503896,-1.682815
38.19214,-40.06964,0.4043071,0.2308569,0.512276,-1.683402
38.21546,-37.83695,0.4420048,0.2172077,0.5214002,-1.683919
38.23877,-35.08261,0.4880111,0.2019921,0.5319118,-1.684378
38.26209,-31.72126,0.5434631,0.1851297,0.5441687,-1.684765
38.28541,-27.7185,0.6078013,0.1668539,0.5585016,-1.685066
38.30923,-23.07369,0.6807226,0.1472937,0.5755947,-1.68527
38.33305,-18.39378,0.7534053,0.1279486,0.5950987,-1.685362
38.35688,-14.37599,0.8174608,0.1098552,0.6163993,-1.685348
38.3807,-11.80318,0.8668607,0.09370515,0.6383692,-1.685256
38.39354,-11.25547,0.8862135,0.08593563,0.6499531,-1.685186
38.40638,-11.29462,0.9006323,0.07882666,0.6610582,-1.685114
38.41921,-11.89481,0.9104651,0.07236955,0.6714895,-1.685046
38.43205,-13.01061,0.9161869,0.06654698,0.6811002,-1.684989
38.44489,-14.57128,0.9181466,0.06133994,0.689779,-1.68495
38.45772,-16.49584,0.9166592,0.05672525,0.6974533,-1.684933
38.47056,-18.70665,0.9119179,0.05268181,0.7040882,-1.684942
38.4834,-21.12316,0.9036822,0.04920061,0.7096726,-1.684981
38.499,-24.23052,0.8883904,0.0457163,0.7150638,-1.685072
38.5146,-27.44047,0.8673169,0.04301644,0.7189919,-1.685212
38.5302,-30.67783,0.840151,0.04107271,0.7215434,-1.685402
38.5458,-33.87865,0.8060081,0.03986879,0.722809,-1.685643
38.56175,-37.08022,0.7636284,0.03937538,0.7228832,-1.68594
38.57771,-40.18994,0.7134832,0.03960104,0.7218229,-1.686287
38.59367,-43.18889,0.6555546,0.04053081,0.71972,-1.686684
38.60962,-46.07803,0.5915657,0.04214003,0.716679,-1.687127
38.62371,-48.53708,0.5319356,0.04411061,0.7132938,-1.687556
38.63779,-50.88749,0.4702906,0.04660319,0.7093049,-1.688018
38.65188,-53.1097,0.4082342,0.04961637,0.7047708,-1.688513
38.66597,-55.18449,0.3481095,0.05314042,0.6997553,-1.689038
38.67897,-56.95174,0.2963055,0.05683359,0.6947553,-1.689548
38.69197,-58.56548,0.249135,0.06093461,0.6894487,-1.690079
38.70496,-60.02097,0.2074923,0.06542101,0.6838838,-1.69063
38.71796,-61.31957,0.1717929,0.0702654,0.6781062,-1.691199
38.72672,-62.10933,0.1510682,0.07371522,0.6741154,-1.691592
38.73548,-62.8343,0.1329386,0.0773028,0.6700593,-1.691991
38.74424,-63.49824,0.1172741,0.08101762,0.6659491,-1.692396
38.753,-64.10499,0.1038296,0.08484919,0.6617946,-1.692806
38.76175,-64.6586,0.09231234,0.08878704,0.6576052,-1.693222
38.77051,-65.16328,0.08256459,0.09282096,0.653389,-1.693642
38.77927,-65.62298,0.07439785,0.09694117,0.6491535,-1.694067
38.78803,-66.04131,0.06754356,0.1011383,0.6449056,-1.694495
38.79615,-66.39528,0.06213469,0.1050917,0.64096,-1.694895
38.80427,-66.71922,0.05755142,0.1090968,0.6370133,-1.695298
38.8124,-67.01551,0.053688,0.1131472,0.6330694,-1.695703
38.82052,-67.2863,0.05041056,0.1172367,0.6291318,-1.696111
38.82853,-67.5302,0.04763633,0.1213009,0.6252595,-1.696515
38.83653,-67.75302,0.04527004,0.1253926,0.6213994,-1.696921
38.84454,-67.95637,0.04325737,0.129507,0.6175539,-1.697328
38.85255,-68.14169,0.04153047,0.1336394,0.6137254,-1.697737
38.861,-68.31924,0.03995222,0.1380166,0.6097048,-1.69817
38.86945,-68.47965,0.03860207,0.1424048,0.6057075,-1.698605
38.8779,-68.62423,0.03745068,0.1467995,0.6017356,-1.699041
38.88636,-68.75418,0.03645853,0.1511969,0.5977909,-1.699478
38.89564,-68.88134,0.03551176,0.1560262,0.5934909,-1.699959
38.90492,-68.99346,0.03470492,0.1608496,0.5892274,-1.700441
38.91421,-69.09172,0.03402204,0.165663,0.5850024,-1.700924
38.92349,-69.1772,0.03343799,0.1704626,0.5808171,-1.701408
38.93402,-69.25985,0.03286838,0.1758824,0.5761225,-1.701958
38.94454,-69.32859,0.03239453,0.1812753,0.5714825,-1.702508
38.95507,-69.38457,0.03200761,0.1866369,0.5668986,-1.703059
38.9656,-69.42881,0.03168987,0.1919636,0.5623722,-1.70361
38.97783,-69.46672,0.0313876,0.1981088,0.5571823,-1.704251
38.99007,-69.49132,0.03115919,0.2041971,0.552073,-1.704893
39.00231,-69.50377,0.03099949,0.2102241,0.5470454,-1.705535
39.01455,-69.50511,0.03089454,0.216186,0.5421005,-1.706177
39.0291,-69.4935,0.03082509,0.223184,0.5363308,-1.70694
39.04365,-69.46886,0.03081982,0.2300802,0.53068,-1.707702
39.0582,-69.4324,0.03087555,0.2368704,0.525149,-1.708464
39.07275,-69.3852,0.03098007,0.2435508,0.519738,-1.709226
39.09034,-69.31512,0.03115695,0.2514759,0.5133573,-1.710145
39.10793,-69.23219,0.03139677,0.2592317,0.5071524,-1.711062
39.12552,-69.13771,0.03169861,0.2668145,0.5011229,-1.711978
39.14311,-69.03279,0.03204904,0.2742215,0.4952682,-1.712892
39.16373,-68.89784,0.03250182,0.2826782,0.4886258,-1.713961
39.18435,-68.75133,0.03302229,0.2908877,0.4822205,-1.715027
39.20497,-68.59449,0.03361831,0.2988485,0.4760499,-1.716089
39.22559,-68.4284,0.03426233,0.3065598,0.4701117,-1.717148
39.24602,-68.25561,0.03491725,0.3139549,0.4644539,-1.718193
39.26646,-68.07552,0.03563461,0.3211051,0.4590188,-1.719235
39.28689,-67.88886,0.03643144,0.3280112,0.4538034,-1.720273
39.30732,-67.69629,0.03726586,0.3346744,0.4488047,-1.721306
39.32586,-67.51695,0.03802393,0.3405106,0.4444543,-1.72224
39.3444,-67.33366,0.03883028,0.3461493,0.4402771,-1.723171
39.36294,-67.1468,0.03969673,0.3515919,0.4362707,-1.724098
39.38148,-66.95671,0.04059428,0.3568399,0.4324324,-1.725021
39.39958,-66.76819,0.04147648,0.3617795,0.4288435,-1.72592
39.41769,-66.57718,0.04240023,0.3665365,0.4254101,-1.726814
39.4358,-66.38393,0.04337517,0.3711127,0.4221299,-1.727705
39.4539,-66.18867,0.04437969,0.3755097,0.4190005,-1.728593
39.4728,-65.98293,0.04543629,0.3799096,0.4158923,-1.729515
39.4917,-65.77549,0.04653664,0.3841183,0.4129429,-1.730433
39.5106,-65.56657,0.04769304,0.3881376,0.4101495,-1.731347
39.5295,-65.35635,0.04888034,0.3919697,0.4075091,-1.732257
39.54895,-65.13881,0.05010751,0.39572,0.4049488,-1.733189
39.5684,-64.9203,0.05138117,0.3992763,0.4025447,-1.734116
39.58784,-64.70102,0.05271565,0.4026411,0.4002936,-1.735039
39.60729,-64.48108,0.0540821,0.4058164,0.3981926,-1.735958
39.62713,-64.25621,0.05547871,0.4088619,0.3962014,-1.73689
39.64696,-64.03099,0.05692354,0.4117152,0.3943599,-1.737818
39.66679,-63.80557,0.05843179,0.4143785,0.3926649,-1.738741
39.68662,-63.58002,0.05997304,0.4168545,0.3911133,-1.739659
39.707,-63.34818,0.06155901,0.4192056,0.3896649,-1.740598
39.72738,-63.11645,0.06319562,0.4213639,0.3883613,-1.741531
39.74776,-62.88498,0.06489934,0.4233317,0.3871989,-1.74246
39.76813,-62.65375,0.06663766,0.4251117,0.3861745,-1.743384
39.78919,-62.41501,0.06843577,0.4267567,0.3852571,-1.744334
39.81025,-62.17672,0.07028814,0.4282064,0.3844801,-1.745278
39.83131,-61.93901,0.0722131,0.4294634,0.3838398,-1.746218
39.85237,-61.7018,0.07417502,0.4305306,0.3833329,-1.747152
39.87418,-61.45658,0.07620703,0.4314385,0.3829445,-1.748113
39.89598,-61.21201,0.07829819,0.4321486,0.3826917,-1.749069
39.91779,-60.96821,0.08046909,0.4326636,0.3825708,-1.75002
39.9396,-60.72498,0.0826804,0.4329866,0.3825781,-1.750965
39.9622,-60.47327,0.08497231,0.4331221,0.382717,-1.751939
39.98479,-60.22223,0.08733017,0.4330574,0.382986,-1.752907
40.00739,-59.97196,0.08977741,0.4327953,0.3833816,-1.753869
40.02999,-59.72214,0.09227038,0.4323394,0.3839,-1.754825
40.05342,-59.46324,0.09485568,0.4316656,0.3845628,-1.755809
40.07684,-59.20481,0.09751691,0.4307897,0.3853502,-1.756788
40.10027,-58.9469,0.1002812,0.4297144,0.3862586,-1.75776
40.12369,-58.68903,0.1030998,0.4284434,0.3872842,-1.758726
40.14794,-58.42145,0.1060228,0.4269252,0.3884656,-1.759719
40.1722,-58.15378,0.1090369,0.4252032,0.3897659,-1.760706
40.19645,-57.88609,0.1121742,0.4232801,0.3911819,-1.761686
40.2207,-57.6176,0.1153799,0.4211597,0.3927102,-1.762659
40.24574,-57.33868,0.1187025,0.4187676,0.3944017,-1.763657
40.27077,-57.05865,0.1221399,0.4161704,0.3962071,-1.764647
40.29581,-56.77754,0.1257311,0.41337,0.3981243,-1.76563
40.32084,-56.49419,0.1294144,0.4103701,0.4001499,-1.766606
40.34656,-56.19944,0.1332285,0.4070846,0.4023405,-1.767601
40.37227,-55.90182,0.1371952,0.4035917,0.4046421,-1.768587
40.39799,-55.60127,0.1413641,0.3998918,0.4070541,-1.769566
40.4237,-55.29601,0.1456658,0.3959879,0.4095742,-1.770537
40.44992,-54.97781,0.1501167,0.3917998,0.412253,-1.771518
40.47614,-54.65369,0.1547834,0.3873985,0.4150448,-1.772491
40.50236,-54.32337,0.1597318,0.3827815,0.4179511,-1.773455
40.52858,-53.98399,0.1648865,0.3779495,0.4209716,-1.774409
40.55505,-53.62881,0.1702222,0.3728536,0.4241372,-1.775364
40.58152,-53.26221,0.1758848,0.3675291,0.4274263,-1.776309
40.60799,-52.88325,0.1819695,0.3619677,0.4308453,-1.777243
40.63446,-52.48704,0.1884004,0.3561655,0.4343977,-1.778167
40.66085,-52.06903,0.1950825,0.3501359,0.4380766,-1.779077
40.68723,-51.62886,0.2023028,0.3438406,0.4419079,-1.779976
40.71362,-51.16374,0.2102148,0.3372594,0.4459063,-1.780862
40.74001,-50.66439,0.2187649,0.3303775,0.4500838,-1.781736
40.76592,-50.12941,0.2277405,0.3233078,0.4543751,-1.78258
40.79184,-49.54887,0.2376985,0.3158857,0.458885,-1.78341
40.81775,-48.91462,0.2489279,0.3080654,0.463647,-1.784224
40.84367,-48.20642,0.2614713,0.2998049,0.4686934,-1.78502
40.8687,-47.42714,0.2749129,0.2913597,0.4738756,-1.78577
40.89373,-46.54426,0.290389,0.2823592,0.4794305,-1.786499
40.91876,-45.53273,0.3085398,0.272696,0.4854393,-1.787205
40.94379,-44.34092,0.3297419,0.262261,0.4919903,-1.787882
40.96765,-42.97365,0.3532861,0.2514674,0.498847,-1.788498
40.99152,-41.33706,0.3816118,0.2396317,0.5064737,-1.789078
41.01538,-39.3563,0.4161566,0.2265333,0.5150832,-1.789615
41.03925,-36.90689,0.457976,0.2119794,0.5249202,-1.790098
41.06273,-33.93315,0.5075005,0.1960802,0.5360799,-1.790511
41.08621,-30.27877,0.5668351,0.1785229,0.5491646,-1.790845
41.10969,-25.96503,0.6348456,0.1596289,0.5645312,-1.791086
41.13317,-21.28116,0.7074738,0.1402273,0.5823217,-1.791221
41.1478,-18.40967,0.7520761,0.1283894,0.5945824,-1.791249
41.16242,-15.79627,0.7934483,0.1170308,0.6075429,-1.791236
41.17705,-13.63134,0.8297173,0.1063419,0.6209432,-1.791189
41.19168,-12.08509,0.8598026,0.09644127,0.6344746,-1.791114
41.20631,-11.28608,0.8833419,0.08738404,0.6477922,-1.791022
41.22094,-11.24972,0.9004137,0.07918551,0.6605388,-1.790924
41.23557,-11.9407,0.911442,0.07183659,0.6724156,-1.790831
41.2502,-13.29626,0.917184,0.06531042,0.6832123,-1.790753
41.26236,-14.85391,0.9183737,0.06049134,0.6912518,-1.790706
41.27451,-16.72493,0.9164865,0.05620122,0.6983807,-1.79068
41.28667,-18.84317,0.9116557,0.05242282,0.7045736,-1.790678
41.29882,-21.14116,0.9036909,0.04914771,0.7098235,-1.790703
41.31446,-24.263,0.8882877,0.04566319,0.7152114,-1.790778
41.33011,-27.48583,0.86706,0.04296735,0.719128,-1.790903
41.34575,-30.73429,0.8396951,0.04103159,0.7216613,-1.791078
41.36139,-33.94446,0.8053046,0.03983934,0.7229031,-1.791304
41.37737,-37.15055,0.762683,0.03936141,0.7229491,-1.791585
41.39335,-40.2637,0.7122727,0.03960432,0.7218595,-1.791917
41.40933,-43.26504,0.6540622,0.0405532,0.7197262,-1.792299
41.42531,-46.15567,0.5898096,0.04218328,0.7166545,-1.792727
41.43936,-48.60524,0.5302407,0.0441644,0.7132577,-1.793141
41.45341,-50.94606,0.4687203,0.04666462,0.7092622,-1.793588
41.46745,-53.15867,0.4068495,0.04968239,0.7047262,-1.794068
41.4815,-55.22402,0.3469505,0.05320797,0.6997129,-1.794577
41.49451,-56.98807,0.2952145,0.05691181,0.6947024,-1.795074
41.50751,-58.59822,0.2481434,0.06102318,0.6893863,-1.795592
41.52052,-60.04992,0.2066234,0.06551943,0.683813,-1.79613
41.53352,-61.34464,0.1710567,0.070373,0.6780281,-1.796686
41.54132,-62.04863,0.1525663,0.0734422,0.674475,-1.797027
41.54912,-62.70101,0.1361404,0.07662117,0.6708695,-1.797374
41.55692,-63.30437,0.1216841,0.07990249,0.6672196,-1.797725
41.56472,-63.86144,0.1090385,0.0832787,0.6635325,-1.79808
41.57252,-64.37508,0.09801395,0.08674239,0.6598149,-1.79844
41.58032,-64.84827,0.08848318,0.09028626,0.6560728,-1.798804
41.58812,-65.28385,0.08030214,0.09390322,0.6523119,-1.799171
41.59592,-65.68451,0.0732859,0.09758645,0.6485374,-1.799542
41.60424,-66.07611,0.06687883,0.1015794,0.6445029,-1.79994
41.61255,-66.43388,0.06146669,0.1056325,0.6404632,-1.800341
41.62087,-66.76055,0.05692432,0.1097387,0.6364229,-1.800745
41.62919,-67.0586,0.05308898,0.1138911,0.6323863,-1.801152
41.63715,-67.31944,0.0499413,0.1179073,0.6285254,-1.801544
41.64512,-67.55798,0.04725891,0.1219547,0.6246742,-1.801938
41.65309,-67.77591,0.04497999,0.1260283,0.6208356,-1.802333
41.66106,-67.9748,0.04302789,0.1301236,0.6170119,-1.802731
41.6694,-68.16399,0.04126271,0.1344255,0.6130306,-1.803148
41.67773,-68.33539,0.03975342,0.1387416,0.6090705,-1.803566
41.68607,-68.49035,0.03846668,0.1430674,0.6051336,-1.803986
41.6944,-68.63011,0.03735846,0.1473988,0.6012217,-1.804407
41.70349,-68.76648,0.03630924,0.1521232,0.5969873,-1.804868
41.71258,-68.88746,0.03541376,0.1568452,0.5927866,-1.805329
41.72167,-68.99424,0.03465391,0.1615608,0.5886215,-1.805792
41.73075,-69.08791,0.03400226,0.1662661,0.5844933,-1.806255
41.741,-69.17903,0.03336824,0.1715532,0.5798861,-1.806778
41.75124,-69.25603,0.032837,0.1768181,0.5753295,-1.807302
41.76148,-69.32007,0.03239858,0.1820564,0.570825,-1.807827
41.77173,-69.37219,0.03203404,0.1872645,0.5663739,-1.808352
41.78358,-69.41884,0.03168338,0.1932503,0.5612901,-1.80896
41.79544,-69.45207,0.0314101,0.199186,0.556281,-1.809569
41.8073,-69.47302,0.03120845,0.2050673,0.5513478,-1.810178
41.81916,-69.48274,0.03106389,0.2108902,0.5464915,-1.810787
41.8332,-69.48097,0.03094997,0.2177058,0.5408414,-1.811508
41.84724,-69.46609,0.03090177,0.2244298,0.5353016,-1.812229
41.86128,-69.43932,0.03091572,0.2310579,0.5298728,-1.81295
41.87532,-69.40172,0.03097941,0.2375863,0.5245558,-1.81367
41.89226,-69.34325,0.03110786,0.2453271,0.5182889,-1.814538
41.90921,-69.27183,0.03129924,0.2529134,0.5121855,-1.815405
41.92615,-69.18875,0.03155194,0.2603416,0.5062453,-1.816271
41.94309,-69.09514,0.03185328,0.2676085,0.5004681,-1.817134
41.9633,-68.97111,0.03225798,0.276059,0.4937916,-1.818162
41.9835,-68.83497,0.03273013,0.2842736,0.4873443,-1.819186
42.0037,-68.68802,0.03327506,0.2922503,0.4811244,-1.820208
42.02391,-68.53137,0.03386938,0.2999877,0.4751297,-1.821226
42.04466,-68.36139,0.03450229,0.3076861,0.4692038,-1.822269
42.06541,-68.18318,0.03520037,0.3151312,0.4635103,-1.823307
42.08617,-67.99761,0.03598032,0.3223235,0.4580461,-1.824342
42.10692,-67.80542,0.03680035,0.3292639,0.4528083,-1.825372
42.12578,-67.62558,0.03754775,0.3353532,0.4482421,-1.826305
42.14464,-67.44132,0.03834642,0.3412368,0.4438575,-1.827234
42.16349,-67.25306,0.03920946,0.346916,0.439652,-1.828159
42.18235,-67.06118,0.04010476,0.3523923,0.4356228,-1.829081
42.2004,-66.87442,0.04096622,0.3574457,0.4319289,-1.82996
42.21846,-66.68498,0.04186994,0.3623161,0.4283917,-1.830835
42.23651,-66.49312,0.04282551,0.3670052,0.4250089,-1.831706
42.25456,-66.29908,0.04381094,0.3715146,0.4217781,-1.832574
42.27331,-66.09541,0.04484322,0.376011,0.41858,-1.833472
42.29207,-65.88989,0.04591898,0.380317,0.4155406,-1.834365
42.31082,-65.68277,0.04705001,0.3844348,0.4126571,-1.835255
42.32957,-65.47422,0.04821201,0.3883664,0.4099268,-1.836141
42.34896,-65.25734,0.04941921,0.3922362,0.407263,-1.837052
42.36834,-65.03936,0.05067292,0.3959114,0.4047569,-1.837958
42.38772,-64.8205,0.05198727,0.3993942,0.4024054,-1.83886
42.40711,-64.60087,0.05333381,0.4026868,0.4002055,-1.839758
42.42687,-64.3762,0.05471072,0.4058512,0.398115,-1.840669
42.44664,-64.15109,0.05613596,0.4088225,0.3961759,-1.841576
42.46641,-63.9257,0.05762463,0.411603,0.394385,-1.842477
42.48617,-63.70009,0.05914649,0.4141951,0.3927392,-1.843375
42.50645,-63.46845,0.06071064,0.4166612,0.3911981,-1.84429
42.52673,-63.23687,0.06232539,0.418934,0.3898029,-1.845201
42.54701,-63.00547,0.06400699,0.4210159,0.3885505,-1.846107
42.56729,-62.77427,0.0657233,0.4229095,0.3874375,-1.847007
42.58824,-62.53563,0.06749817,0.4246704,0.3864306,-1.847933
42.60919,-62.29741,0.06932709,0.4262357,0.3855654,-1.848853
42.63014,-62.05973,0.07122814,0.427608,0.3848384,-1.849768
42.65109,-61.82251,0.07316616,0.42879,0.384246,-1.850678
42.67277,-61.57728,0.07517375,0.4298163,0.3837708,-1.851615
42.69446,-61.33268,0.07724013,0.4306444,0.3834326,-1.852546
42.71615,-61.08884,0.07938559,0.4312769,0.3832279,-1.853472
42.73784,-60.84556,0.08157132,0.4317169,0.3831528,-1.854392
42.76032,-60.59381,0.08383714,0.4319731,0.3832078,-1.85534
42.78279,-60.34275,0.0861683,0.4320286,0.3833947,-1.856282
42.80527,-60.09246,0.08858784,0.4318862,0.3837097,-1.857218
42.82775,-59.84264,0.09105275,0.4315493,0.3841489,-1.858148
42.85105,-59.58376,0.09360956,0.4309982,0.3847315,-1.859107
42.87435,-59.32538,0.0962413,0.4302442,0.3854402,-1.860059
42.89765,-59.06758,0.09897458,0.4292901,0.3862716,-1.861005
42.92095,-58.80986,0.1017614,0.4281397,0.3872218,-1.861944
42.94508,-58.54245,0.1046525,0.4267449,0.3883271,-1.862911
42.96922,-58.27503,0.1076331,0.4251455,0.3895529,-1.863871
42.99335,-58.00766,0.1107345,0.4233442,0.390896,-1.864824
43.01748,-57.7396,0.113903,0.4213446,0.3923529,-1.86577
43.04241,-57.46112,0.1171885,0.419075,0.3939732,-1.866741
43.06734,-57.18165,0.1205861,0.4165993,0.395709,-1.867704
43.09227,-56.90125,0.1241341,0.4139196,0.3975579,-1.868661
43.1172,-56.61878,0.1277716,0.4110393,0.3995167,-1.86961
43.14282,-56.32494,0.1315402,0.407873,0.4016416,-1.870578
43.16845,-56.02843,0.1354573,0.4044983,0.4038789,-1.871538
43.19407,-55.72922,0.1395708,0.4009159,0.4062275,-1.87249
43.2197,-55.4256,0.1438129,0.3971287,0.4086851,-1.873434
43.24586,-55.10912,0.1482042,0.3930544,0.411304,-1.87439
43.27202,-54.78707,0.1528042,0.3887662,0.4140365,-1.875337
43.29818,-54.45919,0.1576769,0.384262,0.4168838,-1.876275
43.32433,-54.12277,0.1627475,0.3795428,0.4198454,-1.877204
43.35078,-53.77079,0.1679979,0.3745542,0.4229555,-1.878134
43.37722,-53.40802,0.1735627,0.3693375,0.4261887,-1.879055
43.40366,-53.0336,0.1795334,0.363885,0.4295507,-1.879965
43.4301,-52.6429,0.1858342,0.3581934,0.4330446,-1.880865
43.4565,-52.23101,0.1923803,0.3522673,0.4366688,-1.881753
43.48291,-51.79822,0.1994401,0.3460785,0.4404428,-1.882629
43.50931,-51.34198,0.20716,0.3396082,0.4443801,-1.883493
43.53571,-50.85355,0.2154834,0.332843,0.4484918,-1.884345
43.56168,-50.33111,0.224213,0.3258835,0.4527198,-1.88517
43.58765,-49.76593,0.2338719,0.3185807,0.4571591,-1.88598
43.61362,-49.1506,0.2447321,0.3108915,0.4618411,-1.886775
43.63959,-48.46627,0.256823,0.3027777,0.4667954,-1.887552
43.66472,-47.71533,0.2697534,0.294479,0.4718824,-1.888286
43.68984,-46.86815,0.2845877,0.2856481,0.477324,-1.889001
43.71496,-45.90194,0.3019221,0.2761849,0.4831952,-1.889691
43.74009,-44.76916,0.3220896,0.2659882,0.4895772,-1.890356
43.76406,-43.47477,0.344407,0.2554593,0.4962389,-1.890961
43.78803,-41.93269,0.3711656,0.2439441,0.5036205,-1.891532
43.812,-40.07354,0.4037318,0.2312286,0.5119187,-1.892062
43.83597,-37.77828,0.4431348,0.2171159,0.5213607,-1.892542
43.85937,-35.00649,0.4894443,0.2018096,0.5319484,-1.892952
43.88278,-31.58543,0.5453843,0.1848199,0.5443191,-1.89329
43.90618,-27.49375,0.6106377,0.1663398,0.5588481,-1.893539
43.92959,-22.91255,0.682185,0.1470484,0.5757593,-1.893686
43.9458,-19.66333,0.7324913,0.1337557,0.5888833,-1.893724
43.962,-16.62532,0.7799754,0.1209223,0.6029741,-1.893711
43.97821,-14.05738,0.821909,0.1088409,0.6177234,-1.893652
43.99442,-12.20381,0.8565634,0.09769856,0.632733,-1.893557
44.00642,-11.40773,0.8770393,0.09010955,0.6437372,-1.89347
44.01842,-11.1267,0.8930716,0.0830994,0.6544248,-1.893378
44.03042,-11.35574,0.9048733,0.07666679,0.6646204,-1.893285
44.04242,-12.07053,0.9128353,0.07080048,0.6741823,-1.893198
44.05442,-13.22306,0.9173191,0.06548511,0.6829948,-1.893122
44.06642,-14.75028,0.9186305,0.06070234,0.6909736,-1.893063
44.07842,-16.58794,0.917001,0.05643435,0.698066,-1.893023
44.09042,-18.66803,0.9123834,0.05267049,0.7042429,-1.893007
44.10686,-21.78647,0.9006669,0.04832221,0.7112035,-1.893029
44.12329,-25.10547,0.8830629,0.04486146,0.7164832,-1.893103
44.13973,-28.5207,0.8594441,0.04225038,0.7201681,-1.893232
44.15617,-31.93064,0.8283728,0.04048159,0.7223505,-1.893418
44.1711,-34.97073,0.7929548,0.03958879,0.7231284,-1.893634
44.18602,-37.94067,0.7507886,0.03933973,0.722854,-1.893896
44.20095,-40.82143,0.7017283,0.0397171,0.7216075,-1.894201
44.21588,-43.6109,0.6466074,0.04069905,0.7194758,-1.894549
44.23112,-46.36636,0.5856093,0.04230536,0.7164733,-1.894945
44.24636,-49.00919,0.5205857,0.04452596,0.7127021,-1.895383
44.2616,-51.51797,0.4531017,0.04736149,0.7082339,-1.895861
44.27684,-53.87163,0.3861803,0.0508006,0.7031506,-1.896375
44.28962,-55.70894,0.3327928,0.05414111,0.6984715,-1.896833
44.30241,-57.4043,0.2830317,0.05788784,0.6934621,-1.897314
44.31519,-58.949,0.237982,0.06202345,0.6881693,-1.897816
44.32798,-60.34024,0.1984186,0.06652522,0.6826383,-1.898336
44.33684,-61.21589,0.1743966,0.06984653,0.6786872,-1.898706
44.34571,-62.02155,0.1531472,0.0733204,0.6746559,-1.899084
44.35457,-62.76049,0.1345989,0.0769362,0.6705567,-1.899469
44.36344,-63.43637,0.1185503,0.08068308,0.6664012,-1.89986
44.3723,-64.05327,0.1047275,0.08455004,0.6621999,-1.900256
44.38116,-64.61561,0.09297137,0.08852622,0.6579622,-1.900658
44.39003,-65.12766,0.08308394,0.09260108,0.6536968,-1.901065
44.39889,-65.59338,0.07477141,0.09676443,0.6494116,-1.901476
44.40721,-65.99159,0.06814315,0.1007427,0.6453789,-1.901865
44.41552,-66.35541,0.06254272,0.1047827,0.6413401,-1.902257
44.42384,-66.6876,0.05784168,0.1088769,0.6373,-1.902652
44.43216,-66.99068,0.05387299,0.1130186,0.6332627,-1.90305
44.44013,-67.25598,0.05061665,0.1170264,0.6293997,-1.903433
44.4481,-67.49858,0.04784297,0.1210664,0.6255459,-1.903818
44.45607,-67.72024,0.04548784,0.1251336,0.6217042,-1.904205
44.46404,-67.92252,0.04347184,0.1292232,0.6178769,-1.904594
44.47235,-68.11435,0.04165585,0.133506,0.6139046,-1.905001
44.48066,-68.2882,0.04010357,0.1378036,0.6099528,-1.90541
44.48897,-68.44546,0.03878052,0.1421116,0.6060238,-1.90582
44.49728,-68.58736,0.03764143,0.146426,0.6021193,-1.906231
44.50633,-68.72568,0.03656512,0.1511246,0.5978994,-1.906679
44.51538,-68.8485,0.03564652,0.1558218,0.5937127,-1.907129
44.52442,-68.95703,0.0348669,0.1605132,0.5895608,-1.90758
44.53347,-69.05236,0.03419818,0.165195,0.5854454,-1.908031
44.54365,-69.14513,0.03354824,0.1704497,0.5808578,-1.908541
44.55383,-69.22371,0.03300315,0.1756832,0.5763199,-1.909051
44.56402,-69.28927,0.03255261,0.1808911,0.5718333,-1.909562
44.5742,-69.34284,0.03217734,0.1860696,0.5673994,-1.910073
44.58598,-69.39108,0.03181592,0.1920172,0.5623389,-1.910665
44.59775,-69.42583,0.03153301,0.1979159,0.5573519,-1.911257
44.60953,-69.44827,0.03132268,0.2037616,0.5524397,-1.91185
44.6213,-69.45942,0.03117019,0.2095502,0.5476034,-1.912443
44.63524,-69.45931,0.03104774,0.2163231,0.5419785,-1.913144
44.64918,-69.44604,0.03099164,0.2230064,0.5364623,-1.913845
44.66312,-69.42084,0.03099823,0.2295957,0.5310556,-1.914546
44.67705,-69.38476,0.031055,0.2360873,0.525759,-1.915247
44.69387,-69.32808,0.03117565,0.2437863,0.5195146,-1.916091
44.71069,-69.2584,0.0313596,0.2513337,0.5134313,-1.916934
44.72751,-69.17701,0.03160509,0.2587255,0.5075092,-1.917776
44.74433,-69.08504,0.03189952,0.2659586,0.501748,-1.918616
44.76445,-68.96251,0.03229804,0.2743978,0.4950677,-1.919619
44.78457,-68.82774,0.03276433,0.2826034,0.4886152,-1.920618
44.80468,-68.68203,0.0333033,0.2905729,0.4823889,-1.921615
44.8248,-68.52653,0.03389224,0.2983049,0.4763866,-1.922608
44.84561,-68.35636,0.03452544,0.3060547,0.4704091,-1.923633
44.86643,-68.17776,0.03522474,0.3135494,0.4646664,-1.924653
44.88724,-67.99162,0.03600672,0.3207893,0.4591552,-1.92567
44.90806,-67.7987,0.03682964,0.3277752,0.4538725,-1.926682
44.92699,-67.61791,0.03758095,0.3339098,0.4492632,-1.927599
44.94593,-67.43259,0.03838445,0.3398366,0.4448377,-1.928513
44.96486,-67.24317,0.03925354,0.3455567,0.4405934,-1.929422
44.98379,-67.05005,0.04015545,0.3510718,0.4365276,-1.930328
45.00185,-66.86272,0.04102012,0.3561424,0.4328135,-1.931189
45.01991,-66.67265,0.04192755,0.3610294,0.429257,-1.932046
45.03797,-66.48013,0.04288736,0.3657344,0.4258557,-1.932899
45.05602,-66.2854,0.04387739,0.3702589,0.4226071,-1.933748
45.07476,-66.08125,0.04491334,0.3747645,0.4193954,-1.934626
45.0935,-65.87523,0.04599306,0.3790795,0.4163428,-1.9355
45.11223,-65.66758,0.04712828,0.3832061,0.4134465,-1.936369
45.13097,-65.45848,0.04829479,0.3871461,0.4107038,-1.937235
45.15035,-65.24086,0.04950795,0.3910273,0.4080256,-1.938126
45.16973,-65.02212,0.05076796,0.3947132,0.4055057,-1.939012
45.18911,-64.80248,0.05208898,0.3982061,0.4031412,-1.939894
45.20849,-64.58205,0.05344254,0.4015082,0.4009289,-1.940772
45.22825,-64.35652,0.05482728,0.4046825,0.3988259,-1.941663
45.24802,-64.13052,0.05626075,0.4076629,0.3968751,-1.942549
45.26779,-63.90424,0.05775809,0.4104518,0.3950732,-1.94343
45.28756,-63.67773,0.05928901,0.4130516,0.3934171,-1.944307
45.30784,-63.44519,0.06086263,0.4155246,0.3918663,-1.945202
45.32812,-63.21269,0.06248726,0.4178036,0.3904622,-1.946091
45.3484,-62.98038,0.06417921,0.419891,0.3892015,-1.946976
45.36868,-62.74826,0.06590626,0.4217893,0.3880809,-1.947856
45.38963,-62.50867,0.06769258,0.4235545,0.3870668,-1.94876
45.41057,-62.2695,0.06953342,0.4251232,0.3861951,-1.949658
45.43152,-62.03086,0.07144688,0.4264982,0.3854624,-1.950552
45.45247,-61.79269,0.07339775,0.4276821,0.3848649,-1.95144
45.47416,-61.54644,0.07541921,0.4287098,0.3843851,-1.952354
45.49585,-61.30083,0.07749999,0.4295383,0.3840431,-1.953263
45.51754,-61.05597,0.07966045,0.4301704,0.3838352,-1.954166
45.53923,-60.81167,0.08186169,0.4306093,0.3837576,-1.955064
45.56171,-60.55883,0.08414426,0.4308635,0.3838108,-1.955989
45.58419,-60.30667,0.08649281,0.430916,0.3839965,-1.956907
45.60667,-60.05527,0.08893049,0.4307697,0.3843111,-1.95782
45.62915,-59.80434,0.09141418,0.430428,0.3847507,-1.958727
45.65246,-59.54427,0.09399127,0.4298709,0.3853344,-1.959661
45.67577,-59.28468,0.09664413,0.42911,0.386045,-1.960589
45.69908,-59.02564,0.09939953,0.428148,0.386879,-1.961511
45.72238,-58.76668,0.1022094,0.4269886,0.3878326,-1.962427
45.74653,-58.49791,0.1051253,0.4255834,0.3889422,-1.963368
45.77067,-58.2291,0.1081318,0.4239724,0.3901731,-1.964303
45.79481,-57.9603,0.1112608,0.4221584,0.3915222,-1.965231
45.81895,-57.69077,0.114458,0.420145,0.3929858,-1.966153
45.84389,-57.41068,0.1177745,0.41786,0.394614,-1.967097
45.86883,-57.12955,0.121205,0.4153675,0.3963584,-1.968035
45.89376,-56.8474,0.124788,0.4126696,0.3982169,-1.968965
45.9187,-56.56309,0.1284628,0.4097699,0.4001862,-1.969888
45.94433,-56.26723,0.1322714,0.4065824,0.4023227,-1.970829
45.96997,-55.96859,0.1362315,0.4031849,0.4045726,-1.971762
45.9956,-55.66709,0.1403918,0.3995781,0.406935,-1.972688
46.02124,-55.361,0.1446842,0.3957648,0.4094076,-1.973605
46.0474,-55.04181,0.1491296,0.3916628,0.4120425,-1.974533
46.07356,-54.7168,0.153789,0.3873449,0.4147923,-1.975452
46.09972,-54.3857,0.1587275,0.3828087,0.4176586,-1.976362
46.12588,-54.04568,0.1638707,0.378055,0.420641,-1.977263
46.15231,-53.68972,0.1691993,0.3730308,0.4237726,-1.978164
46.17875,-53.32249,0.1748521,0.3677754,0.4270296,-1.979056
46.20518,-52.94306,0.180923,0.3622806,0.4304179,-1.979937
46.23162,-52.54659,0.1873373,0.3565428,0.4339409,-1.980808
46.25799,-52.12825,0.1940068,0.3505697,0.4375952,-1.981666
46.28437,-51.68798,0.2012099,0.3443286,0.4414029,-1.982512
46.31075,-51.22302,0.2090985,0.3377997,0.4453786,-1.983347
46.33713,-50.72423,0.2176194,0.3309684,0.4495339,-1.984168
46.36305,-50.18991,0.2265677,0.3239414,0.4538073,-1.984962
46.38898,-49.61049,0.2364898,0.3165608,0.4582994,-1.985741
46.4149,-48.97792,0.2476714,0.3087812,0.4630434,-1.986504
46.44083,-48.27219,0.2601542,0.3005611,0.4680712,-1.987249
46.46588,-47.49592,0.2735315,0.29215,0.4732375,-1.987952
46.49093,-46.61711,0.2889242,0.2831843,0.478775,-1.988633
46.51599,-45.61098,0.3069663,0.2735574,0.4847641,-1.98929
46.54104,-44.42647,0.32803,0.2631608,0.4912921,-1.98992
46.56494,-43.06806,0.3514183,0.2524031,0.4981251,-1.99049
46.58883,-41.44287,0.3795474,0.2406065,0.5057228,-1.991025
46.61273,-39.47635,0.4138512,0.2275498,0.5142965,-1.991517
46.63663,-37.04396,0.4553941,0.2130375,0.5240899,-1.991956
46.66013,-34.08983,0.5046097,0.1971797,0.535194,-1.992325
46.68363,-30.45293,0.5636854,0.1796437,0.5482152,-1.992616
46.70713,-26.14665,0.6315966,0.1607342,0.5635174,-1.992814
46.73063,-21.44808,0.7044117,0.1412689,0.581259,-1.992905
46.74537,-18.53115,0.7496264,0.1292849,0.5935952,-1.992906
46.76012,-15.86452,0.7916702,0.1177757,0.60666,-1.992865
46.77486,-13.64484,0.8285896,0.1069412,0.6201908,-1.992788
46.7896,-12.04961,0.859241,0.09690607,0.6338721,-1.992683
46.80435,-11.2147,0.8832271,0.08772911,0.64735,-1.992559
46.81909,-11.15746,0.900609,0.07942696,0.6602549,-1.992429
46.83384,-11.84239,0.9118143,0.07199067,0.6722778,-1.992305
46.84858,-13.2062,0.9176392,0.06539228,0.6832023,-1.992195
46.86063,-14.75152,0.9188595,0.06059865,0.6912059,-1.992123
46.87268,-16.60652,0.9170552,0.05632607,0.698312,-1.992072
46.88473,-18.70631,0.9123578,0.05255767,0.7044954,-1.992044
46.89679,-20.98483,0.904588,0.049285,0.7097491,-1.992043
46.91245,-24.11344,0.8893593,0.04576173,0.7152069,-1.992084
46.92811,-27.34558,0.8683149,0.04303086,0.7191837,-1.992175
46.94377,-30.6048,0.8411463,0.04106343,0.7217681,-1.992317
46.95943,-33.82592,0.8069426,0.03984313,0.7230525,-1.992509
46.97534,-37.02415,0.7647373,0.03934124,0.7231367,-1.992756
46.99125,-40.12976,0.7148057,0.03955505,0.7220909,-1.993052
47.00716,-43.12413,0.6571271,0.04046937,0.7200066,-1.993398
47.02307,-46.00843,0.5933973,0.04205949,0.7169879,-1.99379
47.03716,-48.4711,0.5337813,0.0440172,0.7136132,-1.994175
47.05125,-50.82487,0.4721106,0.04649712,0.7096332,-1.994594
47.06534,-53.05032,0.4099835,0.04949778,0.7051067,-1.995045
47.07943,-55.12836,0.3497471,0.05300942,0.7000973,-1.995526
47.09242,-56.89671,0.297867,0.05668694,0.6951077,-1.995994
47.10541,-58.51176,0.2505873,0.06077159,0.6898112,-1.996485
47.1184,-59.96867,0.208808,0.06524103,0.6842559,-1.996995
47.13139,-61.26867,0.1729586,0.07006798,0.6784875,-1.997523
47.14018,-62.0627,0.1520449,0.07352156,0.6744846,-1.99789
47.14897,-62.79128,0.1337508,0.07711393,0.6704159,-1.998263
47.15776,-63.45821,0.1179468,0.08083446,0.6662923,-1.998642
47.16655,-64.06737,0.104386,0.0846725,0.6621241,-1.999027
47.17534,-64.62285,0.09277267,0.08861747,0.6579207,-1.999417
47.18413,-65.12893,0.08294783,0.09265904,0.6536903,-1.999811
47.19292,-65.58959,0.074721,0.09678728,0.6494406,-2.00021
47.20171,-66.00851,0.06782013,0.1009927,0.6451784,-2.000613
47.20985,-66.362,0.062388,0.1049455,0.6412282,-2.000988
47.21798,-66.68533,0.05778611,0.1089498,0.6372769,-2.001367
47.22612,-66.98089,0.05390807,0.1129992,0.6333285,-2.001748
47.23425,-67.25085,0.05061925,0.1170876,0.6293866,-2.002131
47.24227,-67.49386,0.04783625,0.1211506,0.6255102,-2.002511
47.25029,-67.7157,0.0454634,0.1252408,0.6216461,-2.002892
47.25831,-67.91799,0.04344604,0.1293534,0.6177968,-2.003275
47.26633,-68.1022,0.04171595,0.1334839,0.6139646,-2.00366
47.2748,-68.27856,0.04013533,0.1378597,0.6099395,-2.004068
47.28327,-68.43771,0.03878404,0.1422461,0.605938,-2.004477
47.29174,-68.58097,0.03763257,0.1466387,0.6019622,-2.004887
47.3002,-68.70955,0.03664116,0.1510336,0.5980138,-2.005299
47.30951,-68.83522,0.03569564,0.1558618,0.5937082,-2.005752
47.31881,-68.94578,0.03489085,0.1606836,0.5894395,-2.006207
47.32812,-69.04243,0.03421073,0.165495,0.5852097,-2.006662
47.33743,-69.12625,0.03363,0.170292,0.58102,-2.007118
47.34798,-69.20702,0.03306439,0.1757121,0.5763176,-2.007636
47.35854,-69.27382,0.03259522,0.1811045,0.5716705,-2.008155
47.3691,-69.32781,0.03221355,0.1864649,0.5670801,-2.008675
47.37965,-69.37,0.03190156,0.1917895,0.5625477,-2.009195
47.39194,-69.40552,0.03160629,0.1979383,0.557346,-2.009801
47.40423,-69.42764,0.03138557,0.2040289,0.5522258,-2.010407
47.41652,-69.43754,0.03123418,0.2100571,0.5471885,-2.011013
47.42881,-69.43627,0.03113813,0.2160189,0.5422349,-2.011619
47.44344,-69.42145,0.03107993,0.2230272,0.5364463,-2.012341
47.45808,-69.3935,0.03108685,0.2299316,0.5307786,-2.013062
47.47271,-69.35364,0.0311556,0.2367278,0.5252325,-2.013783
47.48735,-69.30296,0.03127396,0.243412,0.5198084,-2.014502
47.50508,-69.2284,0.03146905,0.251357,0.5133999,-2.015373
47.52281,-69.14086,0.03172851,0.2591286,0.5071707,-2.016243
47.54055,-69.04165,0.03205147,0.2667233,0.5011205,-2.01711
47.55828,-68.93192,0.03242424,0.2741381,0.4952486,-2.017976
47.57902,-68.79157,0.03290281,0.282579,0.488606,-2.018986
47.59976,-68.63964,0.03345087,0.2907687,0.4822041,-2.019992
47.6205,-68.47736,0.03407697,0.2987055,0.4760404,-2.020995
47.64124,-68.30583,0.03475222,0.3063887,0.4701126,-2.021994
47.66163,-68.1291,0.03543264,0.3136946,0.4645121,-2.022972
47.68201,-67.94517,0.03617643,0.3207558,0.4591341,-2.023947
47.7024,-67.7548,0.03700083,0.3275729,0.4539754,-2.024918
47.72279,-67.55863,0.03786366,0.3341473,0.4490331,-2.025884
47.7413,-67.37602,0.03864847,0.3399054,0.4447319,-2.026758
47.7598,-67.18955,0.03948216,0.345466,0.4406039,-2.027628
47.77831,-66.99957,0.04037641,0.3508304,0.4366465,-2.028494
47.79681,-66.80643,0.04130267,0.3560003,0.4328573,-2.029357
47.81498,-66.61398,0.0422188,0.360889,0.4292975,-2.0302
47.83316,-66.41906,0.0431776,0.3655933,0.4258949,-2.03104
47.85133,-66.22195,0.04418896,0.3701148,0.4226471,-2.031876
47.8695,-66.02287,0.04523097,0.3744551,0.4195514,-2.032708
47.88847,-65.81315,0.04632767,0.3787951,0.4164794,-2.033573
47.90744,-65.60176,0.04746951,0.3829416,0.4135677,-2.034433
47.92641,-65.38896,0.04866915,0.3868966,0.4108135,-2.03529
47.94538,-65.1749,0.04990086,0.3906623,0.408214,-2.036142
47.96488,-64.95369,0.05117312,0.3943386,0.4056996,-2.037014
47.98439,-64.73156,0.05249325,0.3978192,0.4033427,-2.037881
48.00389,-64.50873,0.05387582,0.4011064,0.4011399,-2.038744
48.02339,-64.28529,0.05529162,0.4042025,0.3990883,-2.039602
48.0433,-64.05672,0.05674056,0.4071678,0.397147,-2.040473
48.06321,-63.82785,0.05823923,0.4099388,0.3953567,-2.04134
48.08311,-63.59885,0.05980311,0.4125179,0.3937142,-2.042202
48.10302,-63.36977,0.06140134,0.4149075,0.3922162,-2.043059
48.12349,-63.1341,0.06304842,0.4171702,0.3908228,-2.043935
48.14396,-62.89859,0.06474788,0.4192375,0.3895754,-2.044807
48.16444,-62.66339,0.06651658,0.4211119,0.3884708,-2.045674
48.18491,-62.42848,0.06832143,0.4227961,0.3875055,-2.046535
48.20608,-62.18581,0.07019029,0.4243404,0.38665,-2.047421
48.22725,-61.94364,0.07211547,0.4256867,0.3859362,-2.048301
48.24842,-61.70208,0.0741158,0.4268376,0.3853607,-2.049177
48.26959,-61.46104,0.0761549,0.427796,0.3849196,-2.050046
48.29153,-61.21173,0.0782689,0.428589,0.3846008,-2.050942
48.31346,-60.96309,0.08044458,0.4291811,0.3844189,-2.051832
48.33539,-60.71522,0.08270319,0.4295753,0.3843702,-2.052716
48.35732,-60.4679,0.08500452,0.4297747,0.384451,-2.053595
48.38006,-60.2118,0.08739212,0.429779,0.3846673,-2.0545
48.4028,-59.95633,0.08984902,0.4295801,0.3850153,-2.055399
48.42554,-59.70158,0.09239951,0.4291806,0.3854912,-2.056292
48.44828,-59.4472,0.09499891,0.4285842,0.3860911,-2.057178
48.47185,-59.18339,0.09769719,0.4277615,0.3868399,-2.058092
48.49542,-58.91991,0.1004761,0.4267333,0.3877147,-2.058999
48.519,-58.65685,0.1033641,0.4255024,0.3887119,-2.059899
48.54257,-58.39361,0.106311,0.4240723,0.3898279,-2.060793
48.56698,-58.12026,0.10937,0.4223862,0.391104,-2.061712
48.59138,-57.84657,0.1125271,0.4204927,0.3925006,-2.062623
48.61578,-57.57258,0.1158163,0.4183943,0.3940148,-2.063528
48.64018,-57.29743,0.1191813,0.4160946,0.3956429,-2.064426
48.66536,-57.01133,0.1226722,0.4135152,0.3974383,-2.065345
48.69053,-56.72364,0.126289,0.4107264,0.3993497,-2.066257
48.71571,-56.43438,0.1300735,0.4077298,0.4013753,-2.067161
48.74088,-56.14222,0.1339624,0.4045289,0.4035119,-2.068057
48.76671,-55.83793,0.1379935,0.4010363,0.4058164,-2.068969
48.79253,-55.52993,0.1421956,0.3973307,0.4082352,-2.069873
48.81836,-55.21808,0.1466227,0.393412,0.4107683,-2.070768
48.84418,-54.90032,0.1512043,0.3892823,0.4134137,-2.071655
48.87046,-54.5685,0.155951,0.3848661,0.4162194,-2.072549
48.89673,-54.22922,0.1609457,0.3802282,0.4191435,-2.073433
48.92301,-53.88198,0.1662623,0.3753646,0.4221891,-2.074309
48.94929,-53.52341,0.1718253,0.3702749,0.4253566,-2.075175
48.97573,-53.14707,0.1775963,0.364923,0.4286691,-2.076036
49.00217,-52.75629,0.1837544,0.359328,0.4321158,-2.076888
49.02861,-52.34964,0.1904105,0.3534784,0.435705,-2.077728
49.05506,-51.92108,0.1974943,0.3473673,0.4394427,-2.078557
49.08131,-51.46671,0.2048834,0.341033,0.4433072,-2.079368
49.10756,-50.98377,0.2129338,0.3344047,0.4473448,-2.080167
49.13381,-50.46813,0.2218346,0.3274555,0.4515753,-2.080953
49.16006,-49.90773,0.2315556,0.3201631,0.4560157,-2.081724
49.18571,-49.30227,0.2418306,0.3126812,0.4605771,-2.082462
49.21135,-48.63604,0.2533691,0.3047874,0.4654009,-2.083184
49.237,-47.8968,0.2665511,0.2964189,0.4705332,-2.083888
49.26264,-47.05645,0.2815014,0.2875158,0.4760203,-2.084571
49.28727,-46.11908,0.2977095,0.2783894,0.4816807,-2.085205
49.31191,-45.03656,0.3166727,0.2685701,0.4878188,-2.085815
49.33654,-43.77043,0.3392742,0.2579108,0.4945501,-2.086395
49.36118,-42.24611,0.3661389,0.2462605,0.5020049,-2.086941
49.3847,-40.46276,0.3965483,0.234043,0.509955,-2.087424
49.40823,-38.28409,0.433607,0.2204777,0.5189713,-2.08786
49.43175,-35.61286,0.4789288,0.2053519,0.5293528,-2.088239
49.45528,-32.32503,0.5333033,0.1885885,0.5414256,-2.088548
49.4742,-29.1832,0.583913,0.1739664,0.5526103,-2.088735
49.49312,-25.63558,0.6398324,0.158602,0.5653355,-2.088859
49.51204,-21.82947,0.6985483,0.1429399,0.5796697,-2.088913
49.53096,-18.07576,0.7563554,0.1275472,0.5955017,-2.088895
49.5439,-15.75745,0.7930138,0.117484,0.6070366,-2.088843
49.55684,-13.79415,0.825708,0.1079441,0.6189273,-2.088764
49.56978,-12.30161,0.8535052,0.09901619,0.6309486,-2.088662
49.58272,-11.36894,0.8760812,0.09074737,0.642866,-2.088544
49.59566,-11.04672,0.8935348,0.08315235,0.6544395,-2.088418
49.6086,-11.32142,0.9061323,0.07622862,0.6654409,-2.088292
49.62154,-12.15281,0.9142825,0.06996263,0.6756845,-2.088173
49.63448,-13.48305,0.9184274,0.06433539,0.6850356,-2.088068
49.64738,-15.22754,0.9188508,0.05934037,0.6933761,-2.087984
49.66029,-17.306,0.9158604,0.05493769,0.7006754,-2.087924
49.67319,-19.6402,0.9095974,0.05110648,0.7069123,-2.087893
49.6861,-22.15029,0.8997444,0.04783876,0.7120864,-2.087893
49.70143,-25.26359,0.8827792,0.04467897,0.7168832,-2.087936
49.71676,-28.44471,0.8600221,0.04227157,0.7202874,-2.088028
49.73209,-31.62841,0.8311202,0.04059038,0.7223864,-2.088168
49.74743,-34.76285,0.7953712,0.03961667,0.7232709,-2.088357
49.76406,-38.08185,0.7488878,0.03932714,0.722977,-2.088615
49.7807,-41.29441,0.6939847,0.03981262,0.7214834,-2.088927
49.79734,-44.37978,0.630709,0.04106026,0.7188908,-2.089293
49.81397,-47.33984,0.5615126,0.0430422,0.7153184,-2.089709
49.82758,-49.66631,0.5027178,0.04519502,0.7117467,-2.090085
49.84119,-51.88253,0.4428607,0.04783349,0.7076388,-2.090491
49.8548,-53.97002,0.3835156,0.05095455,0.7030486,-2.090927
49.86841,-55.91149,0.3267497,0.05454779,0.6980336,-2.091391
49.88151,-57.62799,0.2762915,0.05843986,0.6928571,-2.091861
49.89462,-59.18548,0.2309836,0.06273669,0.6873905,-2.092352
49.90772,-60.58199,0.1915799,0.06741273,0.6816822,-2.092863
49.92083,-61.8213,0.1582569,0.07243802,0.6757777,-2.093391
49.92884,-62.50499,0.1407705,0.07566641,0.6720909,-2.093721
49.93684,-63.13619,0.1253793,0.07900454,0.6683552,-2.094056
49.94485,-63.71791,0.111961,0.0824443,0.6645786,-2.094397
49.95286,-64.25317,0.1003249,0.08597769,0.6607684,-2.094741
49.96087,-64.74507,0.09025454,0.08959675,0.6569315,-2.09509
49.96888,-65.1968,0.08161609,0.09329376,0.6530739,-2.095443
49.97688,-65.61134,0.07425932,0.09706127,0.6492013,-2.095798
49.98489,-65.99145,0.06799076,0.1008921,0.6453188,-2.096158
49.99308,-66.34729,0.06250958,0.1048682,0.6413429,-2.096528
50.00127,-66.67254,0.05787105,0.1088964,0.6373659,-2.096901
50.00946,-66.96963,0.05396698,0.1129703,0.6333919,-2.097276
50.01765,-67.24077,0.05065966,0.1170835,0.6294246,-2.097654
50.02567,-67.48311,0.04788047,0.121144,0.6255491,-2.098026
50.03369,-67.7043,0.04551083,0.1252316,0.621686,-2.0984
50.04171,-67.90594,0.04349616,0.1293414,0.6178378,-2.098775
50.04973,-68.08952,0.04176841,0.133469,0.6140068,-2.099152
50.05821,-68.2654,0.04018845,0.1378462,0.6099786,-2.099552
50.06668,-68.42404,0.03883807,0.1422338,0.6059742,-2.099954
50.07516,-68.56678,0.03768769,0.1466276,0.6019957,-2.100356
50.08364,-68.69482,0.03669754,0.1510234,0.5980447,-2.10076
50.09295,-68.81987,0.0357535,0.1558526,0.5937361,-2.101205
50.10227,-68.92979,0.03495034,0.1606754,0.5894648,-2.101651
50.11158,-69.0258,0.03427197,0.1654874,0.5852324,-2.102098
50.1209,-69.10895,0.0336931,0.1702848,0.5810404,-2.102545
50.13147,-69.18898,0.03312956,0.1757068,0.576334,-2.103054
50.14204,-69.25502,0.03266262,0.1811008,0.5716832,-2.103563
50.15262,-69.30821,0.03228334,0.1864625,0.5670893,-2.104073
50.16319,-69.34961,0.03197389,0.191788,0.5625538,-2.104584
50.1755,-69.38418,0.03168161,0.1979401,0.5573466,-2.105179
50.18781,-69.40533,0.03146412,0.2040335,0.5522214,-2.105774
50.20012,-69.41424,0.03131615,0.2100639,0.5471795,-2.106369
50.21244,-69.41195,0.03122371,0.2160274,0.5422218,-2.106965
50.22711,-69.39589,0.03117003,0.2230415,0.5364252,-2.107674
50.24178,-69.36666,0.03118178,0.2299508,0.5307503,-2.108382
50.25645,-69.32549,0.03125567,0.2367509,0.5251978,-2.10909
50.27112,-69.27347,0.03137944,0.2434383,0.5197682,-2.109798
50.28891,-69.1972,0.0315816,0.2513921,0.5133488,-2.110654
50.30671,-69.1079,0.03184866,0.2591709,0.5071102,-2.111509
50.3245,-69.00688,0.03217977,0.2667713,0.501052,-2.112362
50.34229,-68.89532,0.03256113,0.2741902,0.4951735,-2.113213
50.36307,-68.75298,0.03304937,0.2826239,0.4885328,-2.114204
50.38385,-68.59905,0.03360774,0.2908048,0.482134,-2.115191
50.40464,-68.43479,0.03424505,0.2987313,0.4759747,-2.116176
50.42542,-68.26127,0.0349319,0.3064028,0.4700524,-2.117156
50.44579,-68.08317,0.03562152,0.3136736,0.4644756,-2.118114
50.46616,-67.89792,0.03637478,0.3206997,0.459121,-2.119067
50.48652,-67.70628,0.037209,0.3274821,0.4539855,-2.120016
50.50689,-67.50888,0.03808191,0.3340218,0.4490661,-2.120961
50.52539,-67.32515,0.03887636,0.3397503,0.4447842,-2.121816
50.54388,-67.13757,0.03971987,0.3452814,0.4406754,-2.122667
50.56237,-66.94652,0.04062406,0.3506164,0.4367371,-2.123514
50.58086,-66.75234,0.04156057,0.3557568,0.4329669,-2.124357
50.59906,-66.55849,0.04248905,0.3606266,0.4294186,-2.125183
50.61725,-66.36219,0.04346059,0.3653112,0.426028,-2.126006
50.63545,-66.16371,0.04448518,0.3698123,0.4227927,-2.126825
50.65365,-65.96328,0.0455408,0.3741316,0.4197101,-2.12764
50.67264,-65.75216,0.04665199,0.378449,0.4166521,-2.128487
50.69164,-65.53939,0.04780882,0.3825722,0.4137551,-2.129329
50.71064,-65.32523,0.04902407,0.3865032,0.411016,-2.130168
50.72964,-65.10983,0.05027181,0.3902442,0.4084322,-2.131002
50.74916,-64.88734,0.05156031,0.393893,0.4059353,-2.131855
50.76868,-64.66396,0.05289717,0.3973456,0.4035962,-2.132703
50.78821,-64.43989,0.05429705,0.4006041,0.4014117,-2.133547
50.80773,-64.21525,0.05573059,0.403671,0.3993787,-2.134386
50.82766,-63.98539,0.05719839,0.4066067,0.3974562,-2.135238
50.8476,-63.75525,0.05871644,0.4093475,0.3956851,-2.136086
50.86753,-63.52501,0.06030033,0.4118955,0.3940622,-2.136929
50.88746,-63.2947,0.06191906,0.4142534,0.3925842,-2.137766
50.90797,-63.05769,0.06358812,0.4164835,0.3912114,-2.138624
50.92848,-62.82087,0.06531019,0.4185174,0.3899851,-2.139476
50.94899,-62.58438,0.06710227,0.4203575,0.3889019,-2.140323
50.96949,-62.34819,0.06893103,0.4220065,0.3879585,-2.141165
50.99071,-62.10415,0.07082534,0.4235139,0.3871259,-2.142031
51.01192,-61.86063,0.07277669,0.4248223,0.3864356,-2.142891
51.03313,-61.61774,0.07480412,0.4259344,0.385884,-2.143746
51.05434,-61.37536,0.07687097,0.4268531,0.3854673,-2.144595
51.07632,-61.12463,0.07901445,0.427604,0.385174,-2.14547
51.0983,-60.87456,0.08122055,0.4281532,0.3850181,-2.146339
51.12028,-60.62527,0.08351072,0.4285033,0.3849959,-2.147203
51.14226,-60.37653,0.08584446,0.4286576,0.3851036,-2.14806
51.16505,-60.11888,0.08826651,0.4286142,0.3853484,-2.148944
51.18784,-59.86185,0.0907591,0.4283664,0.3857252,-2.149821
51.21063,-59.60553,0.09334683,0.4279171,0.3862304,-2.150692
51.23341,-59.34953,0.09598464,0.4272696,0.3868601,-2.151557
51.25704,-59.08398,0.0987237,0.4263929,0.3876402,-2.152448
51.28067,-58.81872,0.1015452,0.4253095,0.3885467,-2.153332
51.3043,-58.55382,0.1044779,0.4240221,0.3895763,-2.15421
51.32793,-58.28867,0.1074714,0.4225345,0.390725,-2.155081
51.35238,-58.01325,0.1105796,0.4207878,0.3920355,-2.155976
51.37684,-57.73739,0.1137887,0.4188322,0.393467,-2.156864
51.4013,-57.46114,0.1171332,0.4166705,0.3950166,-2.157745
51.42575,-57.18358,0.1205563,0.4143061,0.3966809,-2.15862
51.45098,-56.89486,0.1241087,0.4116592,0.3985138,-2.159514
51.4762,-56.60439,0.1277912,0.4088014,0.4004635,-2.1604
51.50142,-56.31214,0.1316467,0.4057342,0.4025282,-2.161279
51.52665,-56.01674,0.1356114,0.4024608,0.404705,-2.162151
51.55251,-55.70893,0.1397224,0.3988938,0.4070505,-2.163036
51.57837,-55.39707,0.1440117,0.3951119,0.4095117,-2.163913
51.60423,-55.08101,0.1485348,0.3911143,0.4120885,-2.164782
51.63009,-54.75857,0.1532209,0.3869033,0.4147794,-2.165643
51.65639,-54.42163,0.1580782,0.3824051,0.4176308,-2.166508
51.68268,-54.07661,0.1631963,0.3776821,0.4206029,-2.167365
51.70897,-53.72294,0.1686521,0.3727296,0.4236991,-2.168212
51.73526,-53.35702,0.1743703,0.3675466,0.4269204,-2.16905
51.76169,-52.97254,0.1803073,0.3621024,0.4302865,-2.169882
51.78812,-52.5724,0.1866555,0.3564093,0.4337909,-2.170703
51.81455,-52.15497,0.1935325,0.3504546,0.437443,-2.171513
51.84098,-51.71371,0.2008705,0.3442301,0.4412495,-2.172311
51.86717,-51.24498,0.2085361,0.3377838,0.4451833,-2.173091
51.89337,-50.74502,0.2169137,0.3310323,0.4492984,-2.173858
51.91956,-50.20913,0.2262076,0.3239454,0.4536168,-2.17461
51.94576,-49.62401,0.236398,0.3164982,0.4581579,-2.175348
51.9713,-48.9898,0.2471977,0.3088596,0.4628235,-2.176052
51.99684,-48.28833,0.25938,0.3007844,0.4677698,-2.176739
52.02238,-47.50545,0.2733642,0.292203,0.4730481,-2.177406
52.04793,-46.60964,0.2893129,0.2830474,0.478711,-2.178052
52.07242,-45.60522,0.3066804,0.2736485,0.4845657,-2.178649
52.09692,-44.43722,0.3271155,0.2634987,0.4909432,-2.179218
52.12141,-43.06119,0.3516032,0.2524354,0.4979742,-2.179756
52.1459,-41.39283,0.3808695,0.2402919,0.5058076,-2.180257
52.16935,-39.42694,0.4142491,0.2274764,0.5142351,-2.180694
52.1928,-37.01103,0.4550283,0.2132003,0.5238616,-2.18108
52.21625,-34.04594,0.5047345,0.1972862,0.5350172,-2.181403
52.23969,-30.43038,0.5637639,0.1797611,0.5480458,-2.181648
52.26352,-26.09643,0.6333097,0.1605649,0.5635705,-2.181803
52.28735,-21.33483,0.7073875,0.1408651,0.5816471,-2.181848
52.31118,-16.66507,0.7781938,0.1217195,0.6020421,-2.181779
52.33501,-12.97925,0.8383211,0.1040959,0.6239528,-2.181611
52.34621,-11.86687,0.8609861,0.09655867,0.6343974,-2.181505
52.35741,-11.18572,0.8796423,0.08952238,0.6447004,-2.18139
52.36861,-10.95455,0.8943421,0.08299497,0.6547058,-2.181269
52.3798,-11.17374,0.9053679,0.07697282,0.6642778,-2.181148
52.391,-11.82112,0.9130578,0.07144565,0.6732969,-2.181032
52.4022,-12.85398,0.9176971,0.06640028,0.6816655,-2.180926
52.41339,-14.22409,0.9195507,0.06182223,0.6893123,-2.180833
52.42459,-15.87785,0.9187352,0.05769989,0.696189,-2.180757
52.43868,-18.2718,0.913836,0.05314816,0.7037019,-2.18069
52.45276,-20.92574,0.9048781,0.04927364,0.7099428,-2.180659
52.46685,-23.75239,0.8918463,0.04605212,0.7149348,-2.180666
52.48093,-26.6658,0.8740353,0.04347765,0.7187157,-2.180714
52.49502,-29.59977,0.8508183,0.04154048,0.7213455,-2.180803
52.5091,-32.51579,0.8220469,0.04021346,0.7228988,-2.180933
52.52319,-35.38144,0.7873989,0.03947752,0.7234488,-2.181104
52.53727,-38.17886,0.7467966,0.03931249,0.7230718,-2.181315
52.54862,-40.37856,0.709891,0.03958093,0.7221451,-2.181514
52.55997,-42.52516,0.6693601,0.0402006,0.7206992,-2.181736
52.57132,-44.61498,0.6254814,0.04116677,0.7187669,-2.181983
52.58267,-46.64615,0.5788666,0.04247421,0.7163823,-2.182254
52.59402,-48.61555,0.5303111,0.04411915,0.7135787,-2.182547
52.60537,-50.5139,0.4805257,0.04610208,0.7103854,-2.182861
52.61672,-52.33125,0.4304148,0.04842187,0.7068335,-2.183197
52.62806,-54.05733,0.3811083,0.0510748,0.7029556,-2.183553
52.64159,-55.98084,0.3249756,0.05466496,0.6979526,-2.184002
52.65512,-57.74345,0.2731447,0.05870647,0.692589,-2.184476
52.66865,-59.33604,0.2268149,0.06317748,0.6869199,-2.184973
52.68218,-60.75698,0.1867748,0.0680496,0.6809985,-2.18549
52.69074,-61.56957,0.1648116,0.07132432,0.6771441,-2.185826
52.6993,-62.31808,0.1454022,0.07473657,0.6732205,-2.18617
52.70786,-63.00573,0.1284541,0.07827664,0.6692383,-2.186519
52.71642,-63.63597,0.1137689,0.08193469,0.6652076,-2.186874
52.72498,-64.21253,0.101093,0.08570082,0.6611376,-2.187234
52.73354,-64.73942,0.09027414,0.08956532,0.6570365,-2.187599
52.7421,-65.22042,0.08112977,0.09351875,0.6529119,-2.187968
52.75066,-65.65907,0.07340305,0.09755205,0.6487706,-2.18834
52.75895,-66.04689,0.06702827,0.1015281,0.6447479,-2.188705
52.76725,-66.4011,0.0616412,0.1055633,0.6407204,-2.189073
52.77554,-66.72441,0.05711751,0.1096507,0.6366926,-2.189443
52.78384,-67.01927,0.0532965,0.1137834,0.6326688,-2.189816
52.79183,-67.27849,0.05014506,0.1178007,0.6288004,-2.190178
52.79982,-67.5153,0.04746094,0.1218488,0.6249422,-2.190541
52.8078,-67.73144,0.04518194,0.1259227,0.6210968,-2.190907
52.81579,-67.92845,0.04323101,0.1300177,0.6172667,-2.191273
52.82415,-68.11563,0.04146796,0.1343193,0.6132789,-2.191659
52.83251,-68.28496,0.03996172,0.1386343,0.6093125,-2.192046
52.84086,-68.4378,0.03867875,0.1429586,0.6053698,-2.192434
52.84922,-68.57539,0.0375749,0.1472879,0.6014526,-2.192823
52.85834,-68.70947,0.03653012,0.1520135,0.597209,-2.193249
52.86746,-68.82809,0.03563982,0.1567361,0.5929998,-2.193676
52.87658,-68.93245,0.03488577,0.1614514,0.5888266,-2.194104
52.8857,-69.02366,0.03424043,0.1661557,0.5846911,-2.194533
52.89599,-69.11202,0.03361345,0.1714464,0.5800713,-2.195018
52.90628,-69.1862,0.03308996,0.1767137,0.5755031,-2.195504
52.91657,-69.24734,0.03265986,0.1819535,0.5709878,-2.19599
52.92686,-69.29651,0.03230419,0.1871619,0.5665269,-2.196477
52.93879,-69.33974,0.03196394,0.1931561,0.5614248,-2.197042
52.95072,-69.36945,0.03170189,0.1990985,0.5563989,-2.197607
52.96265,-69.38679,0.0315122,0.2049847,0.5514503,-2.198172
52.97458,-69.39283,0.03138027,0.2108109,0.5465802,-2.198738
52.98874,-69.38659,0.03128202,0.2176439,0.5409024,-2.199409
53.0029,-69.36712,0.03125062,0.2243824,0.5353375,-2.20008
53.01706,-69.33563,0.03128242,0.2310221,0.5298863,-2.200751
53.03122,-69.29321,0.03136495,0.2375592,0.5245495,-2.201421
53.04836,-69.22862,0.0315179,0.2453288,0.518244,-2.20223
53.0655,-69.15091,0.03173554,0.2529387,0.5121067,-2.203038
53.08263,-69.0614,0.03201629,0.2603851,0.5061373,-2.203845
53.09977,-68.96124,0.03234722,0.2676649,0.5003354,-2.20465
53.12018,-68.82944,0.03278781,0.2761141,0.4936434,-2.205606
53.14059,-68.68546,0.03329838,0.2843207,0.4871865,-2.206559
53.161,-68.53061,0.03388512,0.2922826,0.4809626,-2.207509
53.18141,-68.36603,0.03452296,0.2999985,0.4749697,-2.208456
53.20212,-68.19011,0.03519225,0.307576,0.4691221,-2.209412
53.22283,-68.00616,0.03592813,0.3148997,0.4635069,-2.210365
53.24354,-67.81502,0.03674784,0.3219702,0.4581211,-2.211313
53.26425,-67.61741,0.03760871,0.3287886,0.4529614,-2.212258
53.28304,-67.43314,0.03839238,0.334756,0.4484744,-2.213111
53.30182,-67.24457,0.03922801,0.3405182,0.4441683,-2.21396
53.3206,-67.05214,0.04012844,0.3460766,0.4400405,-2.214805
53.33939,-66.85621,0.04106233,0.3514327,0.4360883,-2.215647
53.35751,-66.66417,0.04196926,0.3564097,0.4324397,-2.216455
53.37563,-66.46951,0.04291984,0.3612015,0.4289496,-2.217259
53.39375,-66.2725,0.0439239,0.3658096,0.4256157,-2.21806
53.41187,-66.07338,0.04495925,0.3702359,0.4224355,-2.218857
53.43074,-65.8641,0.04604643,0.3746515,0.419286,-2.219683
53.4496,-65.65305,0.04717903,0.3788739,0.4162975,-2.220505
53.46846,-65.44046,0.0483693,0.3829049,0.4134673,-2.221322
53.48732,-65.22652,0.04959217,0.3867466,0.4107925,-2.222135
53.50678,-65.00455,0.05086084,0.390514,0.4081928,-2.22297
53.52624,-64.78157,0.05217793,0.3940842,0.4057524,-2.2238
53.5457,-64.55778,0.05355794,0.3974597,0.4034683,-2.224626
53.56516,-64.33332,0.05497183,0.4006426,0.4013373,-2.225447
53.58502,-64.1036,0.0564197,0.4036952,0.3993169,-2.22628
53.60489,-63.87352,0.05791793,0.406552,0.3974496,-2.227109
53.62475,-63.64325,0.059482,0.4092153,0.3957322,-2.227933
53.64461,-63.41284,0.06108109,0.4116876,0.3941613,-2.228752
53.66502,-63.17598,0.06272819,0.4140315,0.3926964,-2.229589
53.68543,-62.93924,0.06442824,0.4161787,0.3913796,-2.230421
53.70584,-62.70276,0.06619802,0.4181318,0.3902072,-2.231248
53.72625,-62.46655,0.06800458,0.4198933,0.389176,-2.23207
53.74735,-62.22255,0.06987558,0.4215159,0.3882546,-2.232914
53.76845,-61.97903,0.07180342,0.4229392,0.3874768,-2.233753
53.78955,-61.7361,0.07380682,0.4241658,0.3868391,-2.234587
53.81065,-61.49367,0.07584965,0.4251985,0.3863378,-2.235415
53.83251,-61.24288,0.07796859,0.4260672,0.3859585,-2.236268
53.85437,-60.99275,0.08014974,0.4267335,0.385718,-2.237115
53.87623,-60.74338,0.08241424,0.4272004,0.3856128,-2.237957
53.89809,-60.49456,0.08472211,0.427471,0.3856389,-2.238793
53.92076,-60.23686,0.08711779,0.4275476,0.3858007,-2.239653
53.94343,-59.97979,0.08958332,0.4274192,0.3860962,-2.240508
53.9661,-59.72344,0.09214286,0.4270887,0.3865216,-2.241357
53.98877,-59.46746,0.09475202,0.4265596,0.3870731,-2.2422
54.01227,-59.20194,0.09746205,0.4258046,0.3877739,-2.243067
54.03578,-58.93676,0.1002533,0.4248422,0.3886028,-2.243928
54.05929,-58.67199,0.1031541,0.4236751,0.3895563,-2.244783
54.08279,-58.40706,0.1061147,0.4223071,0.3906305,-2.245631
54.10713,-58.13186,0.1091899,0.4206826,0.391866,-2.246503
54.13148,-57.85631,0.1123641,0.4188484,0.3932242,-2.247368
54.15582,-57.58048,0.1156709,0.4168071,0.3947021,-2.248226
54.18016,-57.30347,0.1190546,0.4145625,0.396296,-2.249077
54.20528,-57.01532,0.1225678,0.4120364,0.398059,-2.249947
54.2304,-56.72558,0.1262079,0.4092984,0.3999403,-2.250811
54.25553,-56.43422,0.1300168,0.4063501,0.4019379,-2.251667
54.28065,-56.13994,0.1339317,0.4031949,0.4040487,-2.252515
54.30643,-55.83329,0.1379931,0.399745,0.40633,-2.253378
54.33221,-55.52286,0.1422277,0.3960792,0.4087279,-2.254232
54.358,-55.2085,0.1466892,0.3921973,0.4112423,-2.255078
54.38378,-54.88814,0.1513079,0.3881014,0.4138714,-2.255916
54.41002,-54.55341,0.1560976,0.3837146,0.4166639,-2.25676
54.43627,-54.21105,0.161139,0.3791027,0.4195774,-2.257595
54.46251,-53.86055,0.1665065,0.3742616,0.4226148,-2.25842
54.48875,-53.49847,0.1721256,0.3691906,0.4257768,-2.259236
54.51517,-53.11818,0.1779605,0.3638522,0.4290874,-2.260048
54.54159,-52.72309,0.18419,0.3582663,0.432535,-2.260849
54.568,-52.31169,0.1909268,0.3524211,0.4361284,-2.261639
54.59442,-51.87781,0.198102,0.3463093,0.4398735,-2.262417
54.62065,-51.41741,0.2055946,0.3399687,0.4437494,-2.263178
54.64687,-50.92758,0.2137649,0.3333279,0.4478024,-2.263927
54.6731,-50.404,0.2228067,0.326359,0.452053,-2.264662
54.69933,-49.83422,0.2326939,0.3190389,0.4565191,-2.265382
54.72494,-49.21791,0.2431582,0.3115227,0.4611105,-2.266071
54.75056,-48.53867,0.2549257,0.303584,0.4659717,-2.266743
54.77617,-47.7836,0.2683892,0.2951577,0.4711503,-2.267396
54.80179,-46.9235,0.2836872,0.286181,0.4766949,-2.268028
54.82638,-45.96233,0.300302,0.2769692,0.4824215,-2.268613
54.85098,-44.84974,0.3197788,0.2670422,0.4886422,-2.269172
54.87558,-43.54514,0.3430364,0.2562472,0.4954778,-2.269701
54.90017,-41.97049,0.3707379,0.2444272,0.503065,-2.270195
54.92368,-40.12306,0.4021904,0.2319982,0.5111837,-2.270627
54.9472,-37.86049,0.4405688,0.2181756,0.5204163,-2.271011
54.97071,-35.08347,0.4874779,0.202755,0.5310742,-2.271336
54.99422,-31.67315,0.5436055,0.1856898,0.5434931,-2.271587
55.01317,-28.4235,0.5957166,0.1708241,0.5550357,-2.271727
55.03212,-24.78816,0.6527482,0.1552988,0.5681577,-2.271801
55.05107,-20.94377,0.7118158,0.1395981,0.5828952,-2.271804
55.07002,-17.23419,0.7689822,0.1242973,0.5990872,-2.271735
55.08247,-15.08735,0.8032778,0.1147402,0.6103448,-2.271653
55.09493,-13.3056,0.8335997,0.1056974,0.6218766,-2.271546
55.10738,-11.98564,0.8592263,0.09723751,0.6334735,-2.27142
55.11984,-11.19876,0.8799692,0.08939541,0.6449237,-2.271281
55.13229,-10.98111,0.8959877,0.08217968,0.6560147,-2.271136
55.14474,-11.31549,0.9075565,0.07558566,0.6665477,-2.270991
55.1572,-12.16271,0.915059,0.06959993,0.6763618,-2.270854
55.16965,-13.46841,0.9188774,0.06420537,0.6853388,-2.270731
55.18277,-15.26044,0.9191598,0.05914286,0.6937978,-2.270621
55.19589,-17.39433,0.9159264,0.05469231,0.701176,-2.270537
55.20902,-19.78798,0.909326,0.05083158,0.7074532,-2.270483
55.22214,-22.35748,0.8990002,0.04755287,0.7126306,-2.270461
55.2374,-25.46932,0.8816956,0.04446224,0.7173024,-2.270479
55.25265,-28.6418,0.8586126,0.04211591,0.7205986,-2.270546
55.26791,-31.8118,0.8293921,0.04048813,0.7226065,-2.270661
55.28317,-34.92999,0.7933703,0.03955977,0.7234166,-2.270823
55.29998,-38.28008,0.7459504,0.03931194,0.7230453,-2.271057
55.31679,-41.51981,0.689944,0.03985388,0.7214564,-2.271345
55.3336,-44.62776,0.6254083,0.04117329,0.7187527,-2.271688
55.3504,-47.60604,0.554995,0.04324119,0.7150578,-2.272082
55.36392,-49.90407,0.4964281,0.04543138,0.7114487,-2.272434
55.37743,-52.09126,0.4369984,0.04809961,0.7073172,-2.272816
55.39094,-54.14948,0.3782677,0.05124241,0.7027163,-2.273227
55.40445,-56.06194,0.3222437,0.05484913,0.6977022,-2.273664
55.41757,-57.76612,0.2721168,0.05878339,0.6924882,-2.274113
55.4307,-59.31017,0.2272444,0.06312122,0.6869878,-2.274583
55.44383,-60.69279,0.1883472,0.0678364,0.6812496,-2.275072
55.45696,-61.91827,0.155548,0.07289838,0.6753189,-2.275578
55.46502,-62.59669,0.1382935,0.07616287,0.6716009,-2.275897
55.47308,-63.22243,0.1231387,0.0795369,0.6678349,-2.27622
55.48113,-63.79857,0.1099552,0.08301223,0.6640288,-2.276549
55.48919,-64.32822,0.09854528,0.08658067,0.6601902,-2.276882
55.49725,-64.81454,0.08868661,0.09023418,0.6563257,-2.277219
55.50531,-65.26074,0.08024446,0.09396493,0.6524415,-2.277559
55.51337,-65.66984,0.07306758,0.09776536,0.6485433,-2.277903
55.52143,-66.04463,0.06696102,0.1016283,0.6446362,-2.27825
55.5296,-66.39231,0.06166884,0.1056019,0.6406701,-2.278605
55.53777,-66.71003,0.05718884,0.1096257,0.6367039,-2.278963
55.54594,-67.00017,0.05341626,0.1136935,0.6327415,-2.279323
55.55411,-67.2649,0.05021839,0.117799,0.6287866,-2.279685
55.56216,-67.50256,0.04751688,0.1218712,0.6249043,-2.280044
55.5702,-67.71929,0.04521365,0.1259693,0.6210352,-2.280404
55.57824,-67.91668,0.04325555,0.1300886,0.6171816,-2.280766
55.58629,-68.09619,0.04157632,0.1342245,0.613346,-2.28113
55.59481,-68.26836,0.04003704,0.1386205,0.6093035,-2.281517
55.60333,-68.4234,0.03872203,0.1430259,0.6052855,-2.281905
55.61185,-68.56262,0.03760251,0.1474363,0.6012942,-2.282294
55.62037,-68.68723,0.03663955,0.1518478,0.5973312,-2.282684
55.62976,-68.80885,0.03572024,0.1567032,0.5930012,-2.283115
55.63915,-68.91538,0.03493933,0.1615509,0.5887095,-2.283547
55.64853,-69.00802,0.03428113,0.1663865,0.5844578,-2.28398
55.65792,-69.08785,0.03372078,0.1712062,0.5802475,-2.284414
55.66859,-69.16428,0.03317576,0.1766624,0.5755127,-2.284908
55.67926,-69.22672,0.0327263,0.1820888,0.5708348,-2.285402
55.68993,-69.27631,0.03236363,0.1874811,0.5662156,-2.285897
55.70061,-69.3141,0.03207015,0.1928353,0.5616562,-2.286393
55.71306,-69.34454,0.03179545,0.1990309,0.5564127,-2.286972
55.72551,-69.36152,0.03159533,0.2051651,0.5512536,-2.287551
55.73797,-69.36622,0.0314646,0.2112334,0.5461802,-2.288129
55.75042,-69.35972,0.03138935,0.217232,0.5411934,-2.288708
55.7653,-69.33855,0.03135627,0.2243006,0.5353517,-2.289399
55.78017,-69.30413,0.03138908,0.2312599,0.5296357,-2.29009
55.79504,-69.25772,0.03148451,0.2381056,0.5240459,-2.29078
55.80992,-69.20042,0.03163033,0.2448339,0.5185828,-2.291469
55.82799,-69.11753,0.03186026,0.2528474,0.5121152,-2.292305
55.84607,-69.02153,0.03215636,0.2606787,0.5058345,-2.293139
55.86414,-68.91376,0.0325181,0.2683242,0.4997404,-2.293971
55.88222,-68.79539,0.03293113,0.2757812,0.493832,-2.2948
55.90315,-68.64641,0.03345163,0.2841796,0.4872194,-2.295759
55.92409,-68.48601,0.03404363,0.2923203,0.4808524,-2.296713
55.94502,-68.31543,0.03471718,0.3002018,0.4747284,-2.297664
55.96595,-68.13575,0.03544068,0.3078237,0.4688448,-2.298611
55.98619,-67.95431,0.03615504,0.3149441,0.4633836,-2.299523
56.00642,-67.76606,0.03693295,0.3218225,0.4581416,-2.300431
56.02666,-67.57168,0.0377917,0.3284599,0.4531156,-2.301335
56.04689,-67.3718,0.03868926,0.3348575,0.4483027,-2.302234
56.0653,-67.18559,0.03950846,0.3404721,0.4441056,-2.303049
56.08372,-66.99568,0.04037655,0.3458906,0.4400798,-2.30386
56.10213,-66.80246,0.04130484,0.3511147,0.436223,-2.304668
56.12054,-66.60624,0.04226591,0.3561457,0.4325326,-2.305471
56.13882,-66.40875,0.04322792,0.3609505,0.4290313,-2.306265
56.1571,-66.2089,0.04423386,0.3655684,0.4256889,-2.307056
56.17537,-66.00695,0.04529398,0.370001,0.422503,-2.307842
56.19365,-65.80312,0.04638595,0.3742501,0.419471,-2.308625
56.21274,-65.58849,0.04753556,0.3784928,0.4164666,-2.309438
56.23182,-65.37231,0.04873199,0.3825395,0.4136243,-2.310247
56.2509,-65.15481,0.04998837,0.3863923,0.4109411,-2.311051
56.26999,-64.93615,0.05127819,0.3900533,0.4084141,-2.311852
56.28957,-64.71069,0.05260835,0.3936132,0.4059801,-2.312668
56.30916,-64.48443,0.05398797,0.3969756,0.4037043,-2.31348
56.32874,-64.25756,0.05543195,0.4001429,0.4015837,-2.314288
56.34832,-64.03017,0.05691052,0.4031173,0.399615,-2.315091
56.36834,-63.79738,0.05842616,0.40596,0.3977569,-2.315907
56.38835,-63.56437,0.05999327,0.4086061,0.3960509,-2.316717
56.40836,-63.33133,0.0616277,0.4110581,0.3944937,-2.317523
56.42837,-63.09827,0.06329802,0.4133184,0.3930819,-2.318325
56.44899,-62.85824,0.06502257,0.4154488,0.3917764,-2.319145
56.4696,-62.61845,0.06680157,0.4173811,0.3906182,-2.31996
56.49021,-62.37904,0.06865242,0.4191177,0.389604,-2.32077
56.51083,-62.13997,0.07054121,0.4206614,0.38873,-2.321575
56.53216,-61.89286,0.07249924,0.4220587,0.3879697,-2.322402
56.55349,-61.64629,0.07451609,0.423255,0.3873524,-2.323225
56.57482,-61.40038,0.07661126,0.4242528,0.3868744,-2.324041
56.59615,-61.15501,0.0787474,0.4250553,0.386532,-2.324853
56.61826,-60.90107,0.08096429,0.4256839,0.3863163,-2.325688
56.64037,-60.64779,0.08324605,0.4261086,0.3862387,-2.326517
56.66248,-60.39529,0.08561477,0.426332,0.3862955,-2.327341
56.68459,-60.14331,0.0880291,0.4263574,0.3864828,-2.328159
56.70752,-59.88216,0.09053657,0.4261782,0.3868108,-2.329001
56.73045,-59.62159,0.09311769,0.4257921,0.3872715,-2.329837
56.75339,-59.36166,0.09579788,0.4252022,0.3878613,-2.330667
56.77632,-59.10196,0.09853111,0.4244118,0.3885761,-2.331491
56.80009,-58.83241,0.1013711,0.4233845,0.3894453,-2.332338
56.82387,-58.56301,0.1042981,0.422148,0.3904416,-2.333179
56.84765,-58.29383,0.107342,0.420705,0.3915617,-2.334013
56.87142,-58.02419,0.1104512,0.4190592,0.3928017,-2.334841
56.89602,-57.74392,0.1136816,0.4171467,0.3942071,-2.335691
56.92063,-57.46294,0.1170198,0.4150227,0.3957345,-2.336533
56.94523,-57.18128,0.1205021,0.4126895,0.3973812,-2.337368
56.96983,-56.89792,0.1240705,0.4101507,0.3991436,-2.338197
56.99518,-56.60295,0.1277758,0.4073231,0.4010775,-2.339043
57.02053,-56.30571,0.1316225,0.4042812,0.4031298,-2.339881
57.04589,-56.00618,0.1356561,0.4010261,0.405299,-2.340711
57.07124,-55.70279,0.1398115,0.3975609,0.4075824,-2.341534
57.0972,-55.38632,0.1441234,0.3937984,0.410036,-2.342367
57.12315,-55.06491,0.1486325,0.3898162,0.4126081,-2.343193
57.14911,-54.73831,0.1533992,0.3856128,0.4152994,-2.34401
57.17506,-54.40403,0.1583515,0.3811897,0.4181088,-2.344817
57.20139,-54.05417,0.1634904,0.3764795,0.4210786,-2.345628
57.22772,-53.69453,0.1689241,0.3715367,0.4241747,-2.346429
57.25405,-53.32435,0.1747384,0.3663547,0.4274016,-2.34722
57.28038,-52.9394,0.1808591,0.3609312,0.4307614,-2.348
57.30677,-52.53379,0.1872265,0.3552502,0.434265,-2.348772
57.33315,-52.10915,0.1940715,0.3493056,0.4379179,-2.349533
57.35954,-51.66323,0.2015295,0.3430808,0.441732,-2.350282
57.38592,-51.18816,0.2095413,0.3365643,0.4457165,-2.351019
57.41197,-50.681,0.2179427,0.3298303,0.449829,-2.351733
57.43801,-50.13514,0.2271978,0.3227604,0.4541454,-2.352434
57.46406,-49.54409,0.2375541,0.3153164,0.4586938,-2.353119
57.49011,-48.89106,0.249025,0.3074644,0.4635001,-2.353788
57.51539,-48.17727,0.2612648,0.2994136,0.4684423,-2.35442
57.54067,-47.37733,0.2752285,0.2908578,0.4737162,-2.355033
57.56595,-46.47148,0.2914504,0.2817073,0.4793887,-2.355624
57.59122,-45.4178,0.3102067,0.2718716,0.4855309,-2.35619
57.61538,-44.22067,0.3308686,0.2617259,0.4919255,-2.356704
57.63954,-42.80484,0.3555076,0.2506659,0.4989746,-2.357187
57.6637,-41.10857,0.38538,0.2384902,0.5068532,-2.357632
57.68787,-39.02213,0.4214547,0.2250022,0.5157639,-2.35803
57.71127,-36.51856,0.4634894,0.2104897,0.5256199,-2.358364
57.73468,-33.4174,0.5147043,0.1942955,0.5370721,-2.358632
57.75809,-29.65154,0.5756923,0.1764524,0.5505048,-2.358819
57.78149,-25.27508,0.6448243,0.1574129,0.5662267,-2.35891
57.80645,-20.2146,0.7233355,0.1367273,0.585761,-2.358888
57.8314,-15.58638,0.7959721,0.1169675,0.6076319,-2.358744
57.85636,-12.26692,0.8534328,0.0991675,0.6306913,-2.3585
57.88132,-10.95477,0.8923082,0.08380287,0.6534352,-2.358197
57.89708,-11.32232,0.9075743,0.07538169,0.6668543,-2.358
57.91283,-12.50302,0.9163929,0.06793085,0.6791152,-2.357815
57.92859,-14.37427,0.9195794,0.06141085,0.6899783,-2.357655
57.94435,-16.79727,0.9174179,0.05579277,0.6993144,-2.357528
57.96011,-19.6149,0.9096717,0.05105515,0.7070655,-2.357443
57.97587,-22.69863,0.8968038,0.0471507,0.713235,-2.357405
57.99163,-25.93967,0.8788026,0.04404401,0.7178777,-2.357417
58.00739,-29.22828,0.8543941,0.0417322,0.7210611,-2.35748
58.02206,-32.26453,0.8250906,0.04028408,0.7227963,-2.357585
58.03672,-35.25119,0.7894561,0.03947736,0.7234392,-2.357734
58.05139,-38.16237,0.7472068,0.03929209,0.7230707,-2.357927
58.06605,-40.98941,0.6986607,0.0397055,0.7217759,-2.358161
58.07847,-43.3173,0.6531739,0.04050807,0.7200165,-2.358392
58.09089,-45.57753,0.6039727,0.04172216,0.7176913,-2.358651
58.10331,-47.76324,0.551688,0.04334521,0.7148406,-2.358938
58.11572,-49.86798,0.4974923,0.04537259,0.711508,-2.359251
58.12814,-51.88233,0.4427864,0.0478006,0.707736,-2.35959
58.14056,-53.7901,0.3887323,0.05062839,0.7035646,-2.359953
58.15298,-55.57688,0.3366237,0.05385007,0.699036,-2.360339
58.1654,-57.23088,0.2878521,0.05745451,0.6941936,-2.360747
58.17902,-58.88196,0.2394595,0.06183048,0.6885719,-2.361216
58.19264,-60.35931,0.1973254,0.06662067,0.6826799,-2.361707
58.20626,-61.66675,0.1619486,0.07179185,0.6765695,-2.362217
58.21989,-62.81276,0.1329578,0.07730722,0.6702875,-2.362743
58.22798,-63.4224,0.1184204,0.08073028,0.6664921,-2.363062
58.23607,-63.98319,0.1057924,0.08425234,0.6626592,-2.363387
58.24416,-64.49838,0.09492009,0.08786516,0.6587959,-2.363715
58.25226,-64.9711,0.0855887,0.09156072,0.654909,-2.364048
58.26035,-65.40444,0.07757275,0.09533117,0.6510045,-2.364384
58.26844,-65.80144,0.07074698,0.09916899,0.6470878,-2.364724
58.27653,-66.16493,0.06497256,0.103067,0.6431639,-2.365066
58.28462,-66.49748,0.06007315,0.1070183,0.6392374,-2.365412
58.29268,-66.80022,0.05590102,0.110999,0.6353294,-2.365758
58.30074,-67.07691,0.05235998,0.11502,0.6314265,-2.366107
58.3088,-67.32958,0.04936692,0.1190757,0.6275319,-2.366458
58.31685,-67.56009,0.04681832,0.1231608,0.6236487,-2.36681
58.32501,-67.77271,0.04459623,0.1273232,0.6197297,-2.367169
58.33317,-67.96594,0.04269993,0.1315057,0.6158276,-2.36753
58.34134,-68.14128,0.04108612,0.1357037,0.6119448,-2.367892
58.3495,-68.30007,0.03969981,0.1399128,0.6080833,-2.368256
58.35827,-68.45373,0.03840865,0.1444465,0.6039572,-2.368648
58.36705,-68.59107,0.03730656,0.1489839,0.5998601,-2.369041
58.37582,-68.71336,0.03636998,0.1535208,0.5957937,-2.369436
58.3846,-68.82174,0.03556571,0.1580532,0.5917598,-2.369831
58.39437,-68.9274,0.03479073,0.1630939,0.587305,-2.370273
58.40415,-69.01839,0.0341367,0.1681199,0.5828943,-2.370716
58.41393,-69.09589,0.03359069,0.1731271,0.5785292,-2.371159
58.42371,-69.16097,0.0331308,0.1781115,0.5742112,-2.371603
58.43493,-69.2216,0.0326851,0.1838003,0.5693144,-2.372114
58.44615,-69.26843,0.03232641,0.1894497,0.564483,-2.372624
58.45737,-69.30263,0.03204739,0.1950554,0.5597184,-2.373136
58.4686,-69.32525,0.03183195,0.2006134,0.5550217,-2.373647
58.48181,-69.3383,0.03164165,0.2070893,0.5495824,-2.37425
58.49501,-69.33795,0.03152222,0.2134893,0.54424,-2.374852
58.50822,-69.32543,0.0314692,0.2198091,0.5389955,-2.375454
58.52143,-69.3018,0.03146942,0.2260448,0.5338497,-2.376056
58.53733,-69.25995,0.03152505,0.2334344,0.5277877,-2.376779
58.55323,-69.20485,0.03164611,0.2406925,0.5218702,-2.377502
58.56913,-69.13778,0.03182992,0.2478147,0.5160977,-2.378224
58.58503,-69.05986,0.03206424,0.2547978,0.5104703,-2.378944
58.60433,-68.95214,0.03240026,0.2630837,0.5038334,-2.379817
58.62363,-68.83147,0.03280502,0.2711563,0.4974091,-2.380687
58.64293,-68.69923,0.0332804,0.2790125,0.4911963,-2.381555
58.66223,-68.55661,0.03380831,0.2866503,0.4851935,-2.38242
58.68336,-68.38981,0.03442007,0.2947583,0.4788617,-2.383363
58.70449,-68.21305,0.03510317,0.3026018,0.4727768,-2.384302
58.72561,-68.0274,0.03587236,0.3101804,0.4669361,-2.385238
58.74674,-67.8338,0.03668833,0.3174946,0.4613363,-2.386169
58.76627,-67.64848,0.03745035,0.3240209,0.4563717,-2.387026
58.7858,-67.4577,0.03827107,0.3303228,0.4516075,-2.387879
58.80533,-67.262,0.03916611,0.3364016,0.447041,-2.388728
58.82485,-67.06188,0.04009759,0.3422587,0.4426694,-2.389573
58.84301,-66.87223,0.04096748,0.3475062,0.4387774,-2.390355
58.86116,-66.67948,0.04188349,0.352565,0.435049,-2.391133
58.87932,-66.48396,0.04285576,0.3574364,0.4314815,-2.391908
58.89747,-66.28593,0.04386031,0.3621221,0.4280727,-2.392678
58.91604,-66.08104,0.04489752,0.3667244,0.4247475,-2.393463
58.93461,-65.87408,0.04597975,0.3711359,0.421583,-2.394244
58.95318,-65.6653,0.04711824,0.3753584,0.4185765,-2.39502
58.97175,-65.45492,0.04828949,0.3793939,0.4157253,-2.395793
58.99107,-65.23459,0.04951647,0.3833947,0.4129218,-2.396592
59.01038,-65.01299,0.05079185,0.3871973,0.4102803,-2.397387
59.02969,-64.79033,0.05212964,0.3908041,0.4077978,-2.398177
59.049,-64.56677,0.05350174,0.3942171,0.4054713,-2.398963
59.06874,-64.33745,0.05491018,0.397508,0.4032513,-2.399762
59.08849,-64.10756,0.05636924,0.4006012,0.4011877,-2.400556
59.10823,-63.87729,0.05789425,0.403499,0.3992775,-2.401345
59.12797,-63.64672,0.05945469,0.4062038,0.3975174,-2.40213
59.14819,-63.4102,0.06105846,0.4087778,0.3958662,-2.402929
59.16842,-63.17366,0.06271514,0.4111541,0.3943658,-2.403723
59.18865,-62.93725,0.06444116,0.4133352,0.3930129,-2.404512
59.20888,-62.701,0.06620419,0.4153237,0.391804,-2.405296
59.22976,-62.4572,0.0680287,0.4171774,0.3907034,-2.406101
59.25065,-62.21377,0.06990969,0.418831,0.3897493,-2.4069
59.27153,-61.97086,0.07186534,0.4202873,0.388938,-2.407694
59.29242,-61.72839,0.07386043,0.4215489,0.388266,-2.408483
59.31405,-61.47758,0.0759304,0.4226534,0.3877129,-2.409294
59.33568,-61.22739,0.07806185,0.4235549,0.3873017,-2.4101
59.35731,-60.97793,0.0802753,0.424256,0.3870287,-2.410901
59.37895,-60.72902,0.08253181,0.4247598,0.3868901,-2.411696
59.40138,-60.47126,0.08487501,0.4250772,0.3868843,-2.412514
59.42381,-60.21415,0.08728676,0.4251886,0.3870152,-2.413326
59.44624,-59.95779,0.08979046,0.4250967,0.3872793,-2.414133
59.46867,-59.70186,0.0923429,0.4248049,0.3876725,-2.414933
59.49194,-59.43642,0.09499526,0.4242948,0.3882126,-2.415757
59.51521,-59.17143,0.09772666,0.4235757,0.3888841,-2.416575
59.53848,-58.90693,0.1005643,0.4226508,0.3896833,-2.417386
59.56175,-58.64243,0.1034599,0.4215235,0.3906064,-2.418191
59.58586,-58.36768,0.1064697,0.4201456,0.3916894,-2.419019
59.60997,-58.09278,0.1095748,0.4185565,0.3928983,-2.419839
59.63408,-57.81776,0.1128075,0.4167586,0.3942299,-2.420653
59.6582,-57.54184,0.1161137,0.4147559,0.3956805,-2.42146
59.68311,-57.25481,0.1195493,0.4124748,0.3973007,-2.422287
59.70803,-56.96649,0.1231059,0.4099801,0.399042,-2.423106
59.73295,-56.67688,0.1268233,0.4072734,0.4009023,-2.423918
59.75787,-56.38477,0.1306406,0.4043583,0.4028783,-2.424723
59.78349,-56.08038,0.1346047,0.4011474,0.4050274,-2.425542
59.80911,-55.77272,0.1387319,0.397719,0.4072954,-2.426354
59.83472,-55.46167,0.1430732,0.3940733,0.4096816,-2.427157
59.86034,-55.14533,0.1475607,0.3902129,0.4121839,-2.427952
59.88648,-54.81487,0.1522183,0.3860551,0.4148547,-2.428754
59.91262,-54.47764,0.1571105,0.3816718,0.4176473,-2.429547
59.93876,-54.13324,0.1623069,0.3770596,0.4205638,-2.430332
59.96489,-53.77853,0.1677341,0.3722187,0.4236042,-2.431107
59.99128,-53.40628,0.173372,0.367099,0.4268001,-2.431879
60.01767,-53.02085,0.1793729,0.3617343,0.430131,-2.432642
60.04405,-52.62096,0.1858406,0.3561146,0.4336043,-2.433393
60.07044,-52.2011,0.1927047,0.3502342,0.4372246,-2.434134
60.09672,-51.75647,0.1998673,0.344111,0.4409826,-2.43486
60.123,-51.28576,0.2076437,0.3376971,0.4449101,-2.435575
60.14928,-50.78537,0.2162082,0.3309685,0.4490247,-2.436276
60.17555,-50.24438,0.2255235,0.3239057,0.4533415,-2.436963
60.20131,-49.66151,0.2353574,0.3166367,0.4577861,-2.437622
60.22706,-49.02368,0.2463483,0.3089712,0.4624804,-2.438265
60.25281,-48.32021,0.2588403,0.3008527,0.4674654,-2.43889
60.27857,-47.52611,0.2729288,0.2922282,0.472782,-2.439496
60.30337,-46.64452,0.2881512,0.2833806,0.478265,-2.44006
60.32817,-45.63353,0.3058587,0.2738842,0.4841894,-2.440599
60.35297,-44.45962,0.3268452,0.2636061,0.4906581,-2.441111
60.37778,-43.05666,0.3516501,0.2524089,0.4977856,-2.441591
60.40145,-41.42541,0.3795642,0.2407109,0.5053402,-2.442014
60.42512,-39.44453,0.4134724,0.227761,0.5138542,-2.442395
60.44879,-37.02119,0.4549949,0.2133284,0.5235985,-2.442722
60.47247,-34.02147,0.505152,0.1972675,0.5348788,-2.442986
60.49137,-31.14097,0.5520394,0.1832377,0.5452292,-2.44314
60.51027,-27.81548,0.6050379,0.1682671,0.5570243,-2.443236
60.52917,-24.12228,0.6625566,0.15269,0.5704037,-2.443266
60.54807,-20.28565,0.7216306,0.1370292,0.5853745,-2.443224
60.5625,-17.47451,0.7652201,0.1253994,0.5977873,-2.443143
60.57693,-14.97441,0.8050513,0.1143015,0.6108267,-2.443024
60.59137,-12.96618,0.8394313,0.1039018,0.6242176,-2.442873
60.6058,-11.60359,0.8675198,0.09429757,0.6376483,-2.442697
60.62024,-10.99273,0.8891744,0.08552773,0.6507818,-2.442506
60.63467,-11.1313,0.9046106,0.07759815,0.6632804,-2.442312
60.6491,-11.97208,0.9143197,0.07049448,0.6748684,-2.442126
60.66354,-13.4439,0.9189984,0.0641894,0.6853556,-2.441956
60.67583,-15.11507,0.919404,0.05942824,0.6933172,-2.441831
60.68812,-17.09035,0.9167044,0.05520563,0.700331,-2.441729
60.70041,-19.30131,0.9110134,0.05150382,0.706378,-2.441652
60.71269,-21.67881,0.9020944,0.04831472,0.7114567,-2.441604
60.72816,-24.81181,0.8857281,0.04501952,0.7164996,-2.441586
60.74362,-28.02313,0.8635501,0.04249312,0.7201123,-2.441617
60.75909,-31.24344,0.8352199,0.04070815,0.722384,-2.441697
60.77455,-34.41631,0.799958,0.03964643,0.7234071,-2.441827
60.79089,-37.68777,0.7551023,0.03927928,0.7232488,-2.442017
60.80724,-40.85669,0.7021137,0.03966212,0.7219207,-2.442259
60.82358,-43.90355,0.6410177,0.04078089,0.7195199,-2.442553
60.83992,-46.83031,0.5739553,0.04260887,0.7161598,-2.442896
60.85368,-49.2022,0.5148948,0.04468491,0.7126628,-2.443221
60.86745,-51.46423,0.4544169,0.04725774,0.7086068,-2.443577
60.88122,-53.59771,0.3941021,0.05032477,0.7040472,-2.443964
60.89498,-55.58478,0.336109,0.05387581,0.6990436,-2.44438
60.90804,-57.31894,0.2850798,0.05767839,0.6939411,-2.444798
60.9211,-58.89609,0.2389884,0.06188564,0.6885425,-2.445238
60.93416,-60.31316,0.1986446,0.06647317,0.6828961,-2.445697
60.94723,-61.57297,0.164326,0.07141198,0.6770476,-2.446174
60.95507,-62.25757,0.1465355,0.07453456,0.6734541,-2.446468
60.96292,-62.89089,0.1307915,0.07776449,0.6698112,-2.446767
60.97077,-63.47571,0.1169865,0.08109416,0.6661268,-2.44707
60.97861,-64.01483,0.1049499,0.08451599,0.6624078,-2.447379
60.98646,-64.5112,0.09448421,0.08802246,0.6586609,-2.447691
60.99431,-64.96781,0.08546021,0.09160622,0.6548921,-2.448007
61.00215,-65.38753,0.07773321,0.09526015,0.6511068,-2.448326
61.01,-65.77302,0.071119,0.0989774,0.6473101,-2.448649
61.01829,-66.14567,0.06514202,0.1029635,0.6432943,-2.448992
61.02657,-66.48586,0.06009124,0.1070054,0.6392756,-2.449339
61.03486,-66.79619,0.05584873,0.1110964,0.6352584,-2.449688
61.04314,-67.07905,0.05226294,0.1152297,0.6312468,-2.45004
61.05116,-67.32873,0.04928902,0.1192652,0.6273721,-2.450382
61.05918,-67.55655,0.04675562,0.1233294,0.6235089,-2.450726
61.0672,-67.76418,0.04460401,0.1274174,0.6196598,-2.451072
61.07522,-67.95315,0.04276136,0.1315244,0.6158271,-2.45142
61.08366,-68.13335,0.0410862,0.1358616,0.6118145,-2.451787
61.0921,-68.29593,0.03965581,0.1402104,0.6078249,-2.452156
61.10053,-68.44224,0.03843837,0.1445665,0.6038603,-2.452526
61.10897,-68.5735,0.03739168,0.1489258,0.5999225,-2.452897
61.11822,-68.70136,0.03639807,0.1537007,0.5956413,-2.453305
61.12746,-68.81384,0.0355532,0.1584703,0.5913963,-2.453714
61.1367,-68.91217,0.03483975,0.1632304,0.5871892,-2.454124
61.14595,-68.99743,0.03423116,0.1679771,0.5830216,-2.454534
61.15642,-69.07947,0.03364012,0.1733321,0.5783512,-2.455
61.16689,-69.14733,0.03315001,0.1786606,0.573735,-2.455466
61.17736,-69.20218,0.0327512,0.1839584,0.5691745,-2.455934
61.18783,-69.24507,0.03242519,0.1892216,0.564671,-2.456401
61.20001,-69.28118,0.0321169,0.1952966,0.5595048,-2.456946
61.21219,-69.30371,0.03188603,0.2013151,0.5544188,-2.45749
61.22437,-69.31385,0.03172692,0.2072726,0.5494143,-2.458035
61.23655,-69.31267,0.0316252,0.2131653,0.5444924,-2.45858
61.25106,-69.29776,0.03156252,0.2200981,0.5387358,-2.459229
61.26558,-69.26952,0.03156716,0.226929,0.5330987,-2.459878
61.28009,-69.22919,0.03163555,0.2336534,0.5275818,-2.460526
61.29461,-69.17787,0.03175528,0.2402677,0.5221856,-2.461173
61.31224,-69.10213,0.03195482,0.2481511,0.5157921,-2.461958
61.32988,-69.01315,0.03222095,0.2558627,0.5095773,-2.462742
61.34751,-68.91227,0.03255248,0.2633986,0.5035408,-2.463524
61.36515,-68.80068,0.03293578,0.2707559,0.4976821,-2.464304
61.38592,-68.65691,0.03343282,0.2791877,0.4910095,-2.465219
61.40668,-68.50118,0.03400232,0.2873662,0.4845802,-2.466131
61.42745,-68.33482,0.03465256,0.2952895,0.4783921,-2.46704
61.44822,-68.15894,0.03535474,0.3029567,0.4724427,-2.467945
61.46872,-67.97692,0.03606713,0.3102748,0.4668006,-2.468834
61.48922,-67.78748,0.03684591,0.3173435,0.4613856,-2.46972
61.50972,-67.5914,0.03770873,0.3241635,0.4561947,-2.470601
61.53023,-67.38934,0.03861255,0.3307359,0.4512249,-2.471478
61.54882,-67.20138,0.03943552,0.3364849,0.4469052,-2.47227
61.56742,-67.00946,0.04030977,0.3420327,0.4427622,-2.473058
61.58602,-66.81397,0.04124735,0.3473806,0.4387934,-2.473843
61.60462,-66.61525,0.04221895,0.3525301,0.4349963,-2.474623
61.62286,-66.41757,0.04317946,0.3573884,0.4314372,-2.475385
61.64109,-66.21741,0.04418473,0.3620592,0.4280381,-2.476143
61.65933,-66.01504,0.04524493,0.3665441,0.4247966,-2.476897
61.67756,-65.81069,0.04633765,0.3708449,0.42171,-2.477647
61.69659,-65.59561,0.04748786,0.3751374,0.4186523,-2.478426
61.71561,-65.3789,0.04868537,0.3792334,0.4157577,-2.4792
61.73464,-65.16078,0.04994313,0.383135,0.4130232,-2.47997
61.75366,-64.94145,0.05123496,0.3868443,0.4104458,-2.480736
61.77323,-64.71473,0.05257105,0.390461,0.4079559,-2.481519
61.7928,-64.48714,0.05395731,0.3938788,0.405626,-2.482297
61.81236,-64.25889,0.05540864,0.3970999,0.403453,-2.483071
61.83193,-64.03007,0.05689531,0.4001266,0.4014338,-2.48384
61.85193,-63.79579,0.05841985,0.4030211,0.3995259,-2.484621
61.87192,-63.56125,0.05999663,0.4057175,0.397772,-2.485398
61.89191,-63.32664,0.06164154,0.4082182,0.3961686,-2.486169
61.91191,-63.092,0.06332309,0.4105257,0.3947125,-2.486936
61.93249,-62.85041,0.06505907,0.4127021,0.3933637,-2.48772
61.95307,-62.60905,0.06685026,0.414679,0.3921639,-2.488499
61.97366,-62.36804,0.06871406,0.4164588,0.3911097,-2.489273
61.99424,-62.12737,0.07061655,0.4180442,0.3901974,-2.490042
62.01554,-61.87858,0.07258952,0.4194833,0.3893992,-2.490832
62.03684,-61.63032,0.0746221,0.4207197,0.3887456,-2.491617
62.05814,-61.38272,0.07673379,0.4217562,0.3882331,-2.492396
62.07944,-61.13564,0.07888728,0.4225958,0.3878578,-2.49317
62.10152,-60.87988,0.08112337,0.4232615,0.3876098,-2.493966
62.1236,-60.62478,0.08342523,0.4237215,0.3875015,-2.494757
62.14569,-60.37045,0.08581497,0.4239786,0.3875294,-2.495542
62.16777,-60.11662,0.08825126,0.4240361,0.3876895,-2.496321
62.19067,-59.85351,0.09078297,0.4238883,0.3879911,-2.497123
62.21358,-59.59096,0.09338938,0.4235318,0.3884272,-2.497919
62.23649,-59.32904,0.09609602,0.4229696,0.3889942,-2.498709
62.25939,-59.06734,0.09885685,0.4222051,0.389688,-2.499492
62.28315,-58.79563,0.1017273,0.4212025,0.3905373,-2.500299
62.3069,-58.52405,0.1046861,0.4199885,0.3915157,-2.501098
62.33066,-58.25266,0.1077634,0.418566,0.3926197,-2.501891
62.35441,-57.98077,0.1109076,0.4169386,0.3938454,-2.502677
62.379,-57.69806,0.1141766,0.4150425,0.3952383,-2.503483
62.40358,-57.41458,0.1175554,0.4129325,0.396755,-2.504283
62.42817,-57.13035,0.1210807,0.4106109,0.398393,-2.505075
62.45275,-56.84435,0.1246944,0.4080814,0.4001487,-2.50586
62.47809,-56.54648,0.1284496,0.4052602,0.402078,-2.506662
62.50343,-56.24622,0.1323495,0.402222,0.4041278,-2.507456
62.52877,-55.94352,0.1364402,0.3989678,0.4062966,-2.508242
62.55411,-55.63679,0.1406567,0.3955006,0.4085819,-2.50902
62.58006,-55.31665,0.1450356,0.3917327,0.4110398,-2.509808
62.606,-54.9913,0.1496175,0.3877417,0.4136187,-2.510588
62.63195,-54.66049,0.1544638,0.383526,0.4163193,-2.511359
62.65789,-54.32163,0.159503,0.3790868,0.4191407,-2.512121
62.68421,-53.96669,0.164737,0.374357,0.4221252,-2.512884
62.71052,-53.60146,0.1702766,0.36939,0.4252392,-2.513638
62.73684,-53.2251,0.1762098,0.3641789,0.4284873,-2.514382
62.76315,-52.83319,0.182464,0.3587209,0.4318724,-2.515116
62.78951,-52.4198,0.1889777,0.3530019,0.4354039,-2.51584
62.81586,-51.98627,0.1959905,0.3470124,0.4390894,-2.516553
62.84222,-51.53017,0.2036436,0.3407349,0.4429418,-2.517254
62.86858,-51.04317,0.2118817,0.3341565,0.4469711,-2.517942
62.89458,-50.52239,0.2205341,0.3273568,0.4511316,-2.518608
62.92058,-49.96039,0.230088,0.3202091,0.4555046,-2.51926
62.94658,-49.35005,0.2408056,0.3126726,0.4601203,-2.519896
62.97258,-48.67336,0.2527128,0.3047102,0.4650066,-2.520515
62.99778,-47.93171,0.2654487,0.2965411,0.4700358,-2.521097
63.02299,-47.0973,0.2800271,0.287842,0.4754152,-2.521659
63.04819,-46.14829,0.2970227,0.2785162,0.4812169,-2.522199
63.07339,-45.03909,0.3167531,0.2684657,0.4875188,-2.522713
63.09747,-43.77361,0.3385719,0.2580746,0.494099,-2.523175
63.12155,-42.26945,0.3646893,0.2467114,0.5013815,-2.523604
63.14562,-40.45892,0.3964461,0.234164,0.5095569,-2.523993
63.1697,-38.22471,0.4348754,0.2202309,0.5188466,-2.524333
63.19317,-35.52703,0.4800254,0.2051228,0.5292369,-2.524608
63.21665,-32.18582,0.5348047,0.1882968,0.5413691,-2.524811
63.24012,-28.15966,0.5992222,0.1698916,0.5556315,-2.524927
63.2636,-23.58853,0.6707131,0.1505255,0.572288,-2.524943
63.28055,-20.14678,0.7238828,0.1364997,0.585861,-2.524885
63.2975,-16.88587,0.7744874,0.122913,0.6005493,-2.524771
63.31445,-14.10271,0.8193061,0.1101189,0.6160204,-2.524605
63.3314,-12.08608,0.8562455,0.09834473,0.6318263,-2.524398
63.34322,-11.26118,0.8767595,0.09080351,0.6427536,-2.524237
63.35503,-10.93978,0.8929174,0.0838269,0.6533841,-2.524069
63.36685,-11.11897,0.9049218,0.07741401,0.6635468,-2.523901
63.37867,-11.777,0.9131552,0.07155419,0.6731026,-2.523737
63.39048,-12.86908,0.9179809,0.06623252,0.681937,-2.523584
63.4023,-14.33486,0.9197019,0.06143131,0.6899652,-2.523447
63.41412,-16.11244,0.9185543,0.05713325,0.6971332,-2.523328
63.42593,-18.13617,0.9145189,0.05332744,0.7034101,-2.523232
63.44256,-21.27165,0.9034027,0.04879561,0.7107117,-2.52314
63.45918,-24.62763,0.8863725,0.0451759,0.7162774,-2.523102
63.4758,-28.09293,0.8633543,0.04242743,0.7201946,-2.523121
63.49243,-31.55696,0.8327673,0.04054542,0.7225574,-2.523197
63.5072,-34.57823,0.7984068,0.03958605,0.72345,-2.523312
63.52197,-37.53094,0.7574626,0.03925975,0.7233008,-2.523472
63.53674,-40.39588,0.7097716,0.03954885,0.7221891,-2.523675
63.55151,-43.17044,0.6560614,0.04043156,0.7201999,-2.52392
63.56698,-45.98162,0.5948548,0.04197085,0.7172658,-2.524219
63.58245,-48.67727,0.5292617,0.04414279,0.7135299,-2.52456
63.59792,-51.23578,0.4608212,0.04694802,0.7090672,-2.524943
63.61339,-53.63632,0.3927025,0.05037399,0.703964,-2.525364
63.62613,-55.47764,0.3392177,0.05365152,0.6993407,-2.525737
63.63887,-57.17893,0.2891879,0.05733238,0.6943851,-2.526133
63.65162,-58.73109,0.2437143,0.06139992,0.6891439,-2.52655
63.66436,-60.13078,0.203616,0.06583207,0.683662,-2.526986
63.67342,-61.03457,0.1785863,0.06919196,0.6796401,-2.527306
63.68248,-61.86471,0.1564593,0.07271193,0.6755327,-2.527634
63.69155,-62.62463,0.1371705,0.07638066,0.6713532,-2.527969
63.70061,-63.31814,0.1205122,0.08018657,0.6671141,-2.52831
63.70968,-63.94958,0.106194,0.08411787,0.6628265,-2.528658
63.71874,-64.52371,0.09405115,0.08816293,0.6585009,-2.529011
63.7278,-65.04507,0.08387564,0.09231045,0.6541464,-2.529369
63.73687,-65.5179,0.07535092,0.09654955,0.6497715,-2.529732
63.74522,-65.91395,0.06868816,0.1005262,0.6457302,-2.530069
63.75356,-66.27536,0.06306073,0.1045638,0.6416831,-2.53041
63.76191,-66.60494,0.05833902,0.1086552,0.6376351,-2.530753
63.77026,-66.90521,0.05435487,0.1127932,0.6335904,-2.531099
63.77827,-67.16791,0.05108484,0.1168007,0.6297171,-2.531433
63.78628,-67.40774,0.04830164,0.1208397,0.6258536,-2.531769
63.79429,-67.62647,0.04594046,0.1249052,0.6220026,-2.532107
63.8023,-67.82568,0.04392123,0.1289922,0.6181666,-2.532447
63.81065,-68.01434,0.0421029,0.1332751,0.6141826,-2.532803
63.81901,-68.18487,0.04055077,0.1375718,0.6102199,-2.53316
63.82737,-68.33869,0.03922992,0.141878,0.6062806,-2.533519
63.83572,-68.47703,0.03809472,0.1461895,0.6023665,-2.533879
63.84483,-68.61154,0.03702297,0.1508898,0.5981319,-2.534273
63.85394,-68.7304,0.0361107,0.1555872,0.5939314,-2.534667
63.86304,-68.83485,0.0353389,0.1602777,0.5897668,-2.535063
63.87215,-68.926,0.03467923,0.1649573,0.5856397,-2.535459
63.88242,-69.01408,0.03403973,0.170217,0.5810322,-2.535907
63.89269,-69.08783,0.03350662,0.1754536,0.5764759,-2.536356
63.90296,-69.14843,0.03306936,0.1806629,0.5719725,-2.536805
63.91323,-69.19692,0.03270855,0.1858408,0.5675233,-2.537255
63.92514,-69.23925,0.03236435,0.1918008,0.5624339,-2.537777
63.93705,-69.26791,0.03210032,0.1977091,0.5574205,-2.5383
63.94896,-69.2841,0.03191032,0.2035613,0.5524845,-2.538822
63.96086,-69.28886,0.03177953,0.2093535,0.5476269,-2.539345
63.97501,-69.28097,0.03168418,0.2161536,0.5419578,-2.539966
63.98916,-69.25969,0.03165736,0.222859,0.5364019,-2.540587
64.00331,-69.22626,0.0316952,0.2294653,0.5309599,-2.541207
64.01746,-69.18178,0.03178512,0.2359688,0.5256326,-2.541827
64.03463,-69.11438,0.03194908,0.2437145,0.5193252,-2.542577
64.05179,-69.03367,0.03217962,0.2512994,0.5131872,-2.543326
64.06895,-68.941,0.03247498,0.2587195,0.5072185,-2.544074
64.08612,-68.83753,0.03282214,0.2659718,0.5014188,-2.544819
64.10661,-68.70128,0.0332851,0.2744072,0.4947145,-2.545707
64.1271,-68.55264,0.03382053,0.2825968,0.4882485,-2.546591
64.14759,-68.39297,0.03443479,0.2905384,0.4820188,-2.547473
64.16808,-68.22342,0.03510222,0.2982307,0.4760232,-2.54835
64.18884,-68.04269,0.03580163,0.305767,0.4701868,-2.549235
64.20959,-67.85385,0.0365698,0.3130471,0.4645851,-2.550116
64.23034,-67.65779,0.03742434,0.3200715,0.4592152,-2.550993
64.2511,-67.45523,0.03832187,0.3268412,0.4540738,-2.551866
64.26991,-67.26652,0.03913948,0.3327596,0.4496074,-2.552653
64.28873,-67.07353,0.04001065,0.338471,0.4453236,-2.553437
64.30755,-66.87667,0.04094833,0.3439766,0.4412199,-2.554216
64.32636,-66.67632,0.04192105,0.3492781,0.4372935,-2.554992
64.34455,-66.47961,0.04286867,0.3542111,0.4336636,-2.555738
64.36274,-66.28029,0.04386161,0.3589563,0.4301945,-2.556481
64.38093,-66.07864,0.04490994,0.3635153,0.4268838,-2.55722
64.39912,-65.87489,0.04599111,0.3678899,0.4237289,-2.557955
64.41806,-65.66081,0.04712719,0.3722496,0.4206076,-2.558716
64.437,-65.44498,0.04831055,0.3764133,0.4176496,-2.559472
64.45593,-65.22767,0.0495538,0.380383,0.4148521,-2.560225
64.47487,-65.00904,0.0508313,0.3841607,0.4122121,-2.560973
64.4944,-64.78237,0.05215685,0.3878576,0.4096515,-2.56174
64.51392,-64.55475,0.05353274,0.3913548,0.4072523,-2.562503
64.53345,-64.32638,0.05497379,0.3946546,0.4050112,-2.56326
64.55298,-64.09738,0.05645046,0.3977593,0.4029252,-2.564014
64.57293,-63.86287,0.05796502,0.4007322,0.4009508,-2.564779
64.59288,-63.62806,0.05953203,0.4035061,0.3991317,-2.565538
64.61283,-63.39312,0.06116734,0.4060836,0.3974644,-2.566294
64.63278,-63.15809,0.06283956,0.4084672,0.3959456,-2.567044
64.6533,-62.91627,0.06456487,0.4107192,0.3945349,-2.567811
64.67382,-62.67463,0.06634551,0.4127711,0.3932744,-2.568572
64.69434,-62.43331,0.06819874,0.4146255,0.3921605,-2.569329
64.71486,-62.19229,0.07009088,0.4162849,0.3911899,-2.57008
64.73609,-61.94319,0.07205306,0.4177996,0.3903326,-2.570852
64.75732,-61.6946,0.07407488,0.4191111,0.3896211,-2.571619
64.77856,-61.44664,0.07617566,0.4202222,0.3890519,-2.57238
64.79979,-61.19919,0.07831839,0.4211358,0.3886211,-2.573136
64.82179,-60.94304,0.08054376,0.4218777,0.3883167,-2.573913
64.8438,-60.68755,0.0828348,0.4224132,0.3881534,-2.574685
64.86581,-60.43282,0.08521345,0.4227453,0.3881274,-2.575451
64.88782,-60.17861,0.08763869,0.4228771,0.3882348,-2.576212
64.91065,-59.91509,0.09015947,0.4228057,0.3884831,-2.576994
64.93349,-59.65215,0.09275469,0.422525,0.3888673,-2.577771
64.95632,-59.38986,0.09544965,0.4220377,0.3893835,-2.578541
64.97915,-59.1278,0.09819868,0.4213476,0.3900279,-2.579305
65.00284,-58.85572,0.1010576,0.420421,0.3908273,-2.580092
65.02652,-58.58381,0.1040044,0.4192823,0.3917572,-2.580871
65.0502,-58.31211,0.1070689,0.4179342,0.3928139,-2.581644
65.07388,-58.03997,0.1101998,0.4163804,0.3939937,-2.58241
65.0984,-57.75698,0.1134561,0.414559,0.3953406,-2.583197
65.12292,-57.47327,0.1168214,0.4125227,0.3968128,-2.583976
65.14744,-57.18888,0.1203318,0.410274,0.3984074,-2.584748
65.17196,-56.90279,0.1239297,0.4078163,0.400121,-2.585513
65.19724,-56.6048,0.1276701,0.4050669,0.4020089,-2.586294
65.22252,-56.30451,0.1315536,0.4020995,0.4040185,-2.587067
65.24781,-56.00188,0.1356258,0.3989151,0.4061483,-2.587833
65.27309,-55.69534,0.1398222,0.3955167,0.4083955,-2.58859
65.29899,-55.37536,0.1441821,0.3918161,0.4108169,-2.589358
65.3249,-55.05033,0.1487424,0.3878914,0.4133603,-2.590118
65.3508,-54.71997,0.1535636,0.3837411,0.4160262,-2.590868
65.3767,-54.38178,0.1585749,0.3793666,0.4188136,-2.59161
65.40299,-54.02752,0.1637818,0.3746982,0.4217664,-2.592354
65.42928,-53.66322,0.1692897,0.369792,0.4248492,-2.593088
65.45557,-53.28805,0.1751854,0.3646412,0.4280664,-2.593812
65.48186,-52.89771,0.1813962,0.3592434,0.4314207,-2.594526
65.50822,-52.48601,0.1878662,0.3535801,0.434924,-2.595231
65.53457,-52.05465,0.1948267,0.3476466,0.4385811,-2.595924
65.56093,-51.60125,0.2024162,0.3414258,0.4424043,-2.596606
65.58728,-51.11767,0.2105786,0.3349053,0.4464033,-2.597275
65.6133,-50.60082,0.2191504,0.328159,0.4505358,-2.597923
65.63932,-50.04374,0.2286053,0.321067,0.4548789,-2.598556
65.66533,-49.43954,0.2391994,0.3135896,0.4594618,-2.599174
65.69135,-48.77072,0.2509546,0.3056909,0.4643117,-2.599775
65.71659,-48.03842,0.2635203,0.2975832,0.4693048,-2.600341
65.74183,-47.21588,0.2778837,0.2889528,0.4746421,-2.600887
65.76707,-46.28203,0.2946043,0.2797057,0.480394,-2.601411
65.79231,-45.19268,0.3139849,0.2697466,0.4866356,-2.601909
65.81644,-43.95174,0.3353903,0.2594538,0.4931481,-2.602357
65.84056,-42.47952,0.3609764,0.2482083,0.5003462,-2.602773
65.86468,-40.71041,0.3920547,0.2358013,0.5084148,-2.603149
65.8888,-38.52966,0.4296397,0.2220323,0.5175687,-2.603477
65.91226,-35.9017,0.4736816,0.2071374,0.5277686,-2.603741
65.93573,-32.64507,0.5272211,0.1905295,0.5396602,-2.603935
65.95919,-28.70728,0.5905001,0.1723065,0.5536326,-2.604045
65.98266,-24.19514,0.6613091,0.153027,0.5699701,-2.604055
66.0006,-20.54961,0.7176781,0.1381518,0.5841452,-2.603989
66.01854,-17.07023,0.771593,0.1237151,0.5995987,-2.603859
66.03648,-14.10415,0.8192217,0.1101447,0.6159539,-2.603671
66.05442,-11.99347,0.858071,0.09771431,0.6326863,-2.603436
66.06631,-11.20545,0.878349,0.09017369,0.6436668,-2.603264
66.0782,-10.92817,0.8942298,0.083205,0.6543309,-2.603086
66.09009,-11.15609,0.9059341,0.0768063,0.6645064,-2.602907
66.10198,-11.86498,0.9138554,0.07096617,0.6740544,-2.602734
66.11387,-13.00752,0.9183576,0.06566924,0.6828616,-2.602572
66.12576,-14.52147,0.9197436,0.06089732,0.6908448,-2.602426
66.13765,-16.34351,0.9182447,0.05663281,0.6979525,-2.6023
66.14954,-18.4068,0.9138235,0.05286498,0.7041557,-2.602197
66.16601,-21.53939,0.9023231,0.04845381,0.7112414,-2.602097
66.18248,-24.87695,0.8849554,0.0449367,0.7166269,-2.602051
66.19896,-28.31294,0.8616094,0.04227474,0.7203996,-2.60206
66.21543,-31.74312,0.8308019,0.04046136,0.7226534,-2.602126
66.23029,-34.77886,0.795841,0.03953802,0.7234814,-2.602233
66.24515,-37.7436,0.7542044,0.03925379,0.7232609,-2.602385
66.26001,-40.61834,0.7057392,0.03959099,0.7220723,-2.602581
66.27487,-43.401,0.6512361,0.04052755,0.7200021,-2.602819
66.29019,-46.17555,0.5902396,0.04209972,0.7170333,-2.603106
66.30551,-48.83566,0.5250798,0.0442915,0.7132843,-2.603435
66.32083,-51.36011,0.4573038,0.04710328,0.7088281,-2.603804
66.33614,-53.72826,0.3899777,0.05052302,0.7037483,-2.60421
66.34891,-55.56497,0.3365548,0.05382663,0.6990991,-2.604576
66.36167,-57.26057,0.2866678,0.05753397,0.6941191,-2.604963
66.37444,-58.80619,0.2414074,0.06162798,0.6888551,-2.605372
66.38721,-60.1988,0.20157,0.06608618,0.6833523,-2.605799
66.3962,-61.08944,0.1769567,0.06943213,0.6793544,-2.60611
66.4052,-61.90776,0.1551971,0.07293482,0.6752732,-2.606429
66.4142,-62.65715,0.1362224,0.07658311,0.6711221,-2.606755
66.42319,-63.3414,0.1198261,0.08036568,0.6669128,-2.607087
66.43219,-63.96474,0.1057238,0.08427102,0.6626565,-2.607425
66.44118,-64.53182,0.09375218,0.08828775,0.6583632,-2.607769
66.45018,-65.04709,0.08370675,0.09240485,0.6540418,-2.608117
66.45918,-65.51467,0.07528015,0.0966117,0.6497005,-2.60847
66.46753,-65.90953,0.06863903,0.1005887,0.6456588,-2.608801
66.47588,-66.26979,0.06303008,0.1046265,0.6416114,-2.609135
66.48423,-66.59826,0.05832399,0.1087177,0.6375633,-2.609472
66.49259,-66.89746,0.05435307,0.1128553,0.6335187,-2.609811
66.5006,-67.15928,0.05109259,0.1168639,0.6296439,-2.61014
66.50862,-67.39824,0.04831773,0.1209038,0.625779,-2.61047
66.51663,-67.6161,0.04596382,0.1249699,0.6219267,-2.610801
66.52465,-67.81447,0.04395096,0.1290575,0.6180897,-2.611135
66.53302,-68.00234,0.04213777,0.1333425,0.6141029,-2.611485
66.54139,-68.17208,0.04059032,0.1376412,0.6101376,-2.611836
66.54975,-68.32509,0.03927375,0.1419491,0.6061958,-2.612188
66.55812,-68.46264,0.0381425,0.1462621,0.6022795,-2.612542
66.56724,-68.59632,0.0370744,0.1509656,0.598041,-2.612929
66.57637,-68.71435,0.03616564,0.155666,0.5938369,-2.613317
66.58549,-68.81795,0.03539722,0.1603591,0.5896688,-2.613706
66.59461,-68.90825,0.03474086,0.165041,0.5855385,-2.614096
66.6049,-68.9954,0.03410478,0.1703052,0.5809257,-2.614536
66.6152,-69.06819,0.03357511,0.1755458,0.5763646,-2.614978
66.62549,-69.12782,0.03314134,0.1807587,0.5718566,-2.61542
66.63578,-69.17533,0.03278405,0.1859399,0.5674031,-2.615862
66.64772,-69.21653,0.03244388,0.1919062,0.5623067,-2.616376
66.65966,-69.24403,0.03218401,0.1978201,0.5572868,-2.61689
66.6716,-69.25904,0.03199834,0.2036774,0.5523448,-2.617405
66.68354,-69.26261,0.03187202,0.209474,0.5474817,-2.617919
66.69774,-69.25326,0.03178216,0.2162831,0.5418029,-2.618531
66.71193,-69.23049,0.03176111,0.2229966,0.5362382,-2.619142
66.72613,-69.19554,0.03180502,0.22961,0.5307885,-2.619753
66.74033,-69.14951,0.03190128,0.2361195,0.5254542,-2.620363
66.75757,-69.08014,0.03207346,0.2438781,0.5191339,-2.621102
66.7748,-68.99741,0.03231276,0.251474,0.5129846,-2.621841
66.79204,-68.90268,0.03261746,0.2589034,0.5070062,-2.622577
66.80928,-68.79712,0.03297443,0.2661629,0.5011984,-2.623312
66.82984,-68.6585,0.03344884,0.2745957,0.4944937,-2.624185
66.85039,-68.50749,0.03399645,0.2827805,0.4880291,-2.625056
66.87095,-68.34545,0.03462395,0.2907154,0.4818024,-2.625923
66.89151,-68.17354,0.03530507,0.2983989,0.4758114,-2.626786
66.91224,-67.99123,0.03601517,0.3058928,0.4700057,-2.627653
66.93297,-67.80089,0.03679433,0.3131307,0.4644344,-2.628516
66.95371,-67.6034,0.03766029,0.3201131,0.4590944,-2.629374
66.97444,-67.39947,0.03856948,0.3268412,0.4539826,-2.630228
66.99323,-67.20962,0.03939767,0.332721,0.4495434,-2.630999
67.01202,-67.01553,0.04027956,0.338394,0.4452866,-2.631766
67.03082,-66.81762,0.04122798,0.3438617,0.4412093,-2.632529
67.04961,-66.61625,0.04221175,0.3491256,0.4373091,-2.633288
67.06783,-66.41809,0.04317297,0.354035,0.433695,-2.63402
67.08604,-66.21733,0.04417992,0.358756,0.4302422,-2.634748
67.10426,-66.01427,0.04524274,0.3632901,0.4269482,-2.635472
67.12247,-65.80914,0.04633879,0.3676392,0.4238105,-2.636193
67.14145,-65.59355,0.0474911,0.3719734,0.4207064,-2.636939
67.16042,-65.37624,0.04869123,0.3761108,0.4177661,-2.637681
67.17939,-65.15746,0.04995194,0.3800532,0.4149869,-2.638418
67.19836,-64.9374,0.05124737,0.3838029,0.4123658,-2.639152
67.21791,-64.70939,0.05259095,0.3874684,0.4098265,-2.639903
67.23746,-64.48045,0.05398541,0.3909335,0.4074489,-2.64065
67.25702,-64.25079,0.05544568,0.3942005,0.4052299,-2.641392
67.27657,-64.02053,0.05694203,0.3972718,0.4031663,-2.64213
67.29655,-63.7847,0.0584774,0.4002106,0.4012146,-2.642879
67.31653,-63.54858,0.0600658,0.4029498,0.3994186,-2.643623
67.33651,-63.31236,0.06172319,0.4054918,0.3977748,-2.644362
67.35649,-63.07607,0.063418,0.4078391,0.39628,-2.645096
67.37706,-62.83288,0.06516758,0.410054,0.3948936,-2.645846
67.39762,-62.58989,0.06697316,0.4120679,0.393658,-2.646592
67.41818,-62.34724,0.06885218,0.4138832,0.3925695,-2.647332
67.43874,-62.10491,0.07077069,0.4155029,0.3916246,-2.648067
67.46002,-61.85439,0.07276097,0.4169757,0.3907941,-2.648822
67.4813,-61.6044,0.07481169,0.4182444,0.39011,-2.649572
67.50258,-61.35506,0.0769424,0.4193117,0.3895686,-2.650316
67.52386,-61.10623,0.07911578,0.4201805,0.389166,-2.651055
67.54592,-60.84861,0.08137372,0.4208751,0.3888912,-2.651816
67.56798,-60.59164,0.08369836,0.4213622,0.388758,-2.65257
67.59004,-60.33543,0.08611193,0.4216448,0.3887625,-2.653319
67.6121,-60.07972,0.08857305,0.4217261,0.3889008,-2.654062
67.63499,-59.81459,0.09113197,0.4216012,0.3891817,-2.654826
67.65788,-59.55001,0.09376677,0.4212658,0.3895987,-2.655584
67.68077,-59.28605,0.09650309,0.4207228,0.3901484,-2.656337
67.70366,-59.02228,0.09929486,0.4199756,0.3908266,-2.657083
67.72741,-58.74835,0.1021992,0.4189888,0.3916616,-2.65785
67.75115,-58.47452,0.1051935,0.4177886,0.3926274,-2.65861
67.77489,-58.20083,0.108308,0.4163778,0.3937207,-2.659364
67.79864,-57.92662,0.1114912,0.41476,0.3949375,-2.660111
67.82321,-57.64137,0.1148028,0.4128712,0.3963231,-2.660877
67.84779,-57.35529,0.1182266,0.4107662,0.3978345,-2.661637
67.87237,-57.06838,0.1217996,0.4084473,0.399469,-2.662388
67.89695,-56.77959,0.1254637,0.4059179,0.4012232,-2.663133
67.92228,-56.47867,0.129274,0.403094,0.4031531,-2.663893
67.94762,-56.17523,0.1332327,0.4000504,0.4052056,-2.664645
67.97295,-55.86918,0.1373868,0.3967878,0.4073793,-2.665389
67.99829,-55.55889,0.1416711,0.3933094,0.4096715,-2.666125
68.02423,-55.23484,0.1461239,0.3895269,0.4121388,-2.666871
68.05017,-54.90529,0.1507862,0.3855179,0.4147296,-2.667607
68.07611,-54.56995,0.1557209,0.3812806,0.4174447,-2.668335
68.10205,-54.22614,0.1608568,0.3768159,0.4202834,-2.669054
68.12835,-53.86571,0.1661961,0.3720573,0.4232876,-2.669773
68.15465,-53.49441,0.1718532,0.3670568,0.4264246,-2.670483
68.18096,-53.11129,0.1779191,0.3618069,0.4296995,-2.671183
68.20726,-52.71175,0.1843221,0.3563044,0.4331154,-2.671872
68.23359,-52.28978,0.1909989,0.3505379,0.4366803,-2.67255
68.25992,-51.84645,0.1981994,0.3444935,0.4404044,-2.673218
68.28625,-51.37903,0.2060716,0.3381525,0.4443014,-2.673873
68.31258,-50.8787,0.2145645,0.3315008,0.4483825,-2.674515
68.33852,-50.34269,0.2234994,0.3246242,0.452598,-2.675134
68.36447,-49.76254,0.233391,0.3173864,0.4570358,-2.675739
68.39042,-49.13038,0.2445183,0.3097431,0.461728,-2.676328
68.41637,-48.42679,0.2569223,0.3016541,0.4667055,-2.676899
68.44149,-47.65336,0.2702243,0.2933497,0.4718336,-2.677434
68.46661,-46.77947,0.2855063,0.284487,0.4773329,-2.677948
68.49173,-45.7808,0.3033904,0.2749616,0.4832819,-2.678438
68.51686,-44.60743,0.3242426,0.2646663,0.4897664,-2.6789
68.54084,-43.26264,0.3473998,0.2539942,0.4965604,-2.679312
68.56483,-41.65565,0.3752281,0.2422846,0.5041125,-2.679689
68.58882,-39.71219,0.4091564,0.2293151,0.5126314,-2.680023
68.61281,-37.30755,0.4502705,0.2148843,0.5223593,-2.680304
68.6364,-34.38322,0.499061,0.1990898,0.5333898,-2.680519
68.65999,-30.76979,0.5578313,0.1815723,0.5463316,-2.680656
68.68358,-26.46625,0.6257408,0.1626086,0.5615634,-2.6807
68.70718,-21.73068,0.6990734,0.1429996,0.5792733,-2.680637
68.7221,-18.73878,0.7453096,0.1307855,0.59173,-2.680538
68.73702,-15.98194,0.7884914,0.1190356,0.6049647,-2.680397
68.75194,-13.66693,0.826529,0.1079655,0.6187114,-2.680217
68.76686,-11.98381,0.85817,0.09771116,0.6326447,-2.680008
68.77872,-11.19581,0.8783923,0.09018894,0.6436023,-2.679827
68.79057,-10.91646,0.8942421,0.0832357,0.6542457,-2.67964
68.80243,-11.14028,0.9059378,0.07684957,0.6644038,-2.679453
68.81429,-11.84321,0.9138685,0.07101923,0.6739383,-2.679271
68.82615,-12.9783,0.9183954,0.06572944,0.6827364,-2.6791
68.83801,-14.48385,0.9198204,0.06096218,0.6907154,-2.678945
68.84986,-16.297,0.9183739,0.05669994,0.6978235,-2.678809
68.86172,-18.35135,0.9140217,0.05293201,0.7040318,-2.678697
68.87821,-21.48386,0.9025952,0.04850252,0.7111541,-2.678584
68.8947,-24.82358,0.8853018,0.04496914,0.7165713,-2.678524
68.91119,-28.26328,0.8620364,0.04229266,0.7203709,-2.678519
68.92768,-31.69779,0.8313026,0.04046679,0.7226466,-2.678572
68.94253,-34.73113,0.7964708,0.03953534,0.7234899,-2.678667
68.95737,-37.69372,0.7549823,0.03924179,0.7232857,-2.678807
68.97222,-40.56651,0.7066821,0.03956843,0.7221143,-2.67899
68.98706,-43.34734,0.6523488,0.04049318,0.7200619,-2.679216
69.00241,-46.12848,0.5913285,0.04205746,0.7171019,-2.679491
69.01776,-48.79481,0.5261022,0.04424359,0.7133576,-2.679808
69.0331,-51.32511,0.4582136,0.04705196,0.7089023,-2.680166
69.04845,-53.69873,0.3907469,0.05047039,0.7038203,-2.680561
69.06121,-55.53567,0.337319,0.05376644,0.6991782,-2.680916
69.07397,-57.23175,0.2874063,0.05746584,0.6942052,-2.681293
69.08674,-58.77804,0.2421009,0.06155159,0.6889478,-2.681691
69.0995,-60.17146,0.2022044,0.06600129,0.6834513,-2.682108
69.10852,-61.0654,0.1774713,0.06935192,0.6794449,-2.682413
69.11754,-61.88658,0.1556073,0.07286016,0.6753547,-2.682726
69.12656,-62.6384,0.1365446,0.07651483,0.6711939,-2.683046
69.13559,-63.32467,0.1200759,0.08030449,0.6669746,-2.683372
69.14461,-63.94966,0.1059148,0.08421755,0.662708,-2.683704
69.15363,-64.51806,0.09389725,0.08824252,0.6584042,-2.684041
69.16265,-65.03435,0.0838177,0.09236829,0.6540721,-2.684384
69.17167,-65.50268,0.07536599,0.09658415,0.6497202,-2.68473
69.18003,-65.89721,0.06872068,0.1005611,0.6456773,-2.685055
69.18839,-66.25711,0.06310846,0.1045987,0.6416288,-2.685383
69.19675,-66.58518,0.05839988,0.1086896,0.6375797,-2.685714
69.2051,-66.88397,0.05442712,0.1128269,0.6335341,-2.686047
69.21313,-67.1454,0.05116493,0.1168356,0.6296578,-2.686369
69.22115,-67.38395,0.0483889,0.1208755,0.6257915,-2.686693
69.22917,-67.60138,0.04603428,0.1249416,0.621938,-2.687019
69.23719,-67.7993,0.04402107,0.1290289,0.6180998,-2.687347
69.24557,-67.9867,0.04220762,0.1333141,0.6141113,-2.68769
69.25394,-68.15595,0.04066025,0.1376129,0.6101444,-2.688035
69.26232,-68.30846,0.03934406,0.1419208,0.6062012,-2.688382
69.2707,-68.44549,0.03821341,0.1462336,0.6022835,-2.688729
69.27983,-68.57861,0.03714601,0.1509376,0.5980429,-2.689109
69.28896,-68.69605,0.0362382,0.1556383,0.5938367,-2.689491
69.29809,-68.79906,0.03547096,0.1603315,0.5896668,-2.689873
69.30723,-68.88874,0.03481595,0.1650133,0.5855348,-2.690256
69.31753,-68.9752,0.03418144,0.1702785,0.5809192,-2.690689
69.32784,-69.04728,0.03365357,0.1755199,0.5763554,-2.691123
69.33815,-69.10617,0.0332218,0.1807332,0.571845,-2.691557
69.34845,-69.15294,0.03286669,0.1859146,0.5673893,-2.691993
69.36041,-69.19326,0.03252913,0.1918829,0.5622887,-2.692498
69.37237,-69.21986,0.03227214,0.1977985,0.5572651,-2.693004
69.38433,-69.23394,0.03208956,0.2036569,0.5523197,-2.693509
69.3963,-69.23656,0.03196655,0.2094543,0.5474536,-2.694015
69.41053,-69.22605,0.03188085,0.2162677,0.5417685,-2.694617
69.42476,-69.20208,0.03186431,0.2229846,0.5361982,-2.695219
69.43899,-69.1659,0.03191303,0.2296006,0.5307435,-2.69582
69.45322,-69.11862,0.0320144,0.2361119,0.525405,-2.69642
69.47051,-69.04764,0.03219331,0.2438781,0.5190752,-2.697148
69.4878,-68.96325,0.03243988,0.2514802,0.5129178,-2.697875
69.5051,-68.86682,0.03275238,0.2589143,0.5069326,-2.6986
69.52239,-68.75952,0.03311761,0.2661771,0.5011192,-2.699323
69.543,-68.6189,0.03360186,0.2746064,0.4944139,-2.700183
69.56361,-68.46587,0.03416002,0.282786,0.48795,-2.701039
69.58422,-68.3018,0.03479903,0.290714,0.4817255,-2.701891
69.60482,-68.12787,0.03549212,0.2983891,0.4757381,-2.70274
69.62554,-67.94411,0.03621202,0.3058496,0.4699553,-2.70359
69.64626,-67.75238,0.03700134,0.3130541,0.4644067,-2.704435
69.66698,-67.55354,0.03787792,0.3200032,0.4590894,-2.705277
69.6877,-67.34832,0.03879803,0.3266979,0.4540001,-2.706114
69.70648,-67.15734,0.03963627,0.3325471,0.4495815,-2.706868
69.72526,-66.96215,0.04052842,0.3381897,0.4453452,-2.707619
69.74404,-66.76318,0.04148726,0.3436269,0.4412883,-2.708366
69.76282,-66.56079,0.04248175,0.3488605,0.4374083,-2.70911
69.78106,-66.36125,0.04345573,0.3537501,0.4338066,-2.709828
69.7993,-66.15914,0.04447583,0.3584507,0.4303668,-2.710542
69.81754,-65.95474,0.0455523,0.3629638,0.4270863,-2.711252
69.83578,-65.74829,0.04666239,0.3672912,0.4239626,-2.711959
69.85478,-65.5313,0.04782988,0.3716031,0.4208728,-2.712691
69.87378,-65.3126,0.04904571,0.3757174,0.4179475,-2.713418
69.89278,-65.09246,0.05032278,0.379636,0.4151837,-2.714141
69.91178,-64.87105,0.051635,0.3833611,0.4125786,-2.71486
69.93135,-64.64176,0.05299566,0.3869991,0.4100573,-2.715596
69.95093,-64.41156,0.05440772,0.3904361,0.4076981,-2.716328
69.9705,-64.18067,0.0558862,0.3936744,0.4054978,-2.717055
69.99008,-63.9492,0.05740123,0.3967163,0.4034534,-2.717777
70.01009,-63.71208,0.05895641,0.3996253,0.4015211,-2.71851
70.0301,-63.4747,0.06056517,0.4023339,0.399745,-2.719239
70.05011,-63.23724,0.0622436,0.4048445,0.3981215,-2.719962
70.07012,-62.99974,0.06395997,0.4071597,0.3966474,-2.720681
70.09072,-62.75522,0.06573268,0.4093415,0.3952824,-2.721416
70.11132,-62.51092,0.06756205,0.4113214,0.3940685,-2.722145
70.13192,-62.26698,0.06946566,0.4131019,0.3930022,-2.72287
70.15252,-62.02337,0.07140936,0.4146858,0.39208,-2.723589
70.17384,-61.7715,0.07342646,0.416121,0.3912733,-2.724328
70.19516,-61.52015,0.07550481,0.4173511,0.3906135,-2.725061
70.21649,-61.26947,0.07766414,0.4183789,0.3900968,-2.725789
70.23781,-61.0193,0.07986685,0.4192072,0.3897194,-2.726512
70.25992,-60.76024,0.082156,0.4198589,0.3894711,-2.727255
70.28203,-60.50183,0.08451287,0.4203021,0.3893648,-2.727992
70.30414,-60.24418,0.08695993,0.4205397,0.3893968,-2.728724
70.32625,-59.98701,0.08945549,0.420575,0.389563,-2.72945
70.34919,-59.72031,0.09205107,0.4204012,0.3898733,-2.730197
70.37213,-59.45413,0.09472391,0.4200158,0.3903202,-2.730937
70.39508,-59.18854,0.09750003,0.4194216,0.3909002,-2.731672
70.41802,-58.9231,0.100333,0.4186222,0.3916092,-2.7324
70.44182,-58.64736,0.1032811,0.4175801,0.3924767,-2.733148
70.46562,-58.37165,0.1063212,0.4163232,0.3934755,-2.73389
70.48941,-58.09603,0.1094841,0.4148545,0.3946023,-2.734625
70.51321,-57.81977,0.1127177,0.4131776,0.3958531,-2.735354
70.53784,-57.53232,0.1160829,0.4112266,0.3972743,-2.736101
70.56247,-57.2439,0.1195636,0.409058,0.398822,-2.73684
70.58711,-56.95451,0.1231973,0.406674,0.4004935,-2.737572
70.61174,-56.66307,0.1269257,0.404078,0.4022854,-2.738297
70.63712,-56.35927,0.130804,0.4011849,0.4042543,-2.739037
70.6625,-56.05271,0.1348361,0.3980702,0.4063467,-2.739768
70.68789,-55.7433,0.13907,0.3947349,0.4085614,-2.740491
70.71327,-55.4293,0.1434403,0.3911815,0.4108958,-2.741206
70.73924,-55.10121,0.1479842,0.3873225,0.4134062,-2.74193
70.76521,-54.76719,0.1527468,0.3832346,0.4160416,-2.742644
70.79119,-54.42689,0.1577931,0.3789154,0.4188031,-2.74335
70.81716,-54.07748,0.1630519,0.3743658,0.4216904,-2.744046
70.84347,-53.7109,0.168522,0.369522,0.4247435,-2.744742
70.86978,-53.33261,0.1743269,0.3644323,0.4279321,-2.745428
70.89609,-52.94153,0.180562,0.3590884,0.4312623,-2.746104
70.9224,-52.53275,0.1871567,0.3534861,0.4347375,-2.746769
70.9487,-52.10044,0.1940401,0.347621,0.4383616,-2.747423
70.975,-51.64501,0.2014814,0.3414704,0.4421507,-2.748064
71.00131,-51.1634,0.2096383,0.3350136,0.4461197,-2.748694
71.02761,-50.64603,0.2184653,0.3282344,0.4502812,-2.749309
71.05349,-50.09045,0.2277686,0.3212311,0.4545785,-2.749902
71.07936,-49.48666,0.2381048,0.3138504,0.4591099,-2.750478
71.10524,-48.82573,0.2497774,0.3060437,0.463911,-2.751039
71.13112,-48.0862,0.262848,0.2977657,0.4690164,-2.751581
71.15612,-47.27007,0.27691,0.2892644,0.4742811,-2.752085
71.18113,-46.34259,0.2931442,0.2801679,0.4799449,-2.752568
71.20614,-45.27598,0.3122384,0.2703607,0.4860956,-2.753025
71.23115,-44.01419,0.3346258,0.2597237,0.4928298,-2.753453
71.25502,-42.5595,0.3596239,0.2486604,0.4999182,-2.75383
71.27889,-40.80939,0.3898078,0.2364725,0.5078421,-2.754169
71.30276,-38.68128,0.4267061,0.2229289,0.5168349,-2.754461
71.32663,-36.04327,0.4714319,0.2078382,0.5271662,-2.754696
71.35044,-32.80249,0.5252991,0.1910961,0.5391235,-2.754861
71.37426,-28.82765,0.5892742,0.1726928,0.553223,-2.75494
71.39808,-24.19264,0.6610582,0.1531146,0.569803,-2.754916
71.42189,-19.3448,0.7353614,0.1333756,0.5889032,-2.754779
71.43506,-16.83485,0.7745649,0.1228634,0.6004367,-2.754654
71.44824,-14.61863,0.8102468,0.1128327,0.6124479,-2.754497
71.46141,-12.83248,0.841199,0.1034001,0.6247178,-2.754315
71.47458,-11.59138,0.8668424,0.09463452,0.6370052,-2.754113
71.48775,-10.97432,0.8870869,0.08656485,0.6490524,-2.753897
71.50093,-10.98574,0.9020849,0.07919681,0.6606009,-2.753679
71.5141,-11.59701,0.9122129,0.07252088,0.6714345,-2.753464
71.52727,-12.75843,0.9180089,0.06651748,0.6813927,-2.753261
71.53945,-14.25477,0.9198811,0.06154558,0.6897175,-2.75309
71.55163,-16.08311,0.9186526,0.0571103,0.6971278,-2.752939
71.56381,-18.17534,0.9144857,0.05319353,0.7035929,-2.752813
71.57599,-20.4616,0.9072106,0.04978626,0.7091019,-2.752712
71.59169,-23.59002,0.8927012,0.04613502,0.7148081,-2.752626
71.60739,-26.83351,0.8724504,0.04328359,0.7190099,-2.75259
71.62309,-30.11194,0.8461714,0.04120209,0.7217958,-2.752604
71.63879,-33.35546,0.8128853,0.03987537,0.7232583,-2.75267
71.65446,-36.52054,0.772319,0.03927847,0.7235065,-2.752786
71.67013,-39.59535,0.7242629,0.0393788,0.7226434,-2.752951
71.68581,-42.56167,0.6686648,0.04016002,0.7207584,-2.753164
71.70148,-45.42063,0.6069938,0.04159763,0.7179522,-2.753422
71.71577,-47.93581,0.5472216,0.04346526,0.7146695,-2.753696
71.73007,-50.34123,0.4849876,0.04586901,0.7107527,-2.754005
71.74436,-52.6175,0.4218774,0.0488076,0.7062627,-2.754347
71.75866,-54.74538,0.3603426,0.05227099,0.7012662,-2.754721
71.7716,-56.52731,0.3080214,0.05584797,0.6963615,-2.755085
71.78454,-58.15851,0.2600422,0.05983002,0.6911445,-2.75547
71.79749,-59.6331,0.2173542,0.06419595,0.6856631,-2.755876
71.81043,-60.9513,0.1804845,0.06891951,0.6799629,-2.7563
71.81844,-61.69117,0.1606228,0.07200876,0.6763445,-2.756571
71.82645,-62.37563,0.1429662,0.0752154,0.672668,-2.756847
71.83446,-63.0074,0.1274272,0.07853143,0.6689424,-2.757128
71.84247,-63.58935,0.1138439,0.0819488,0.6651755,-2.757414
71.85048,-64.12455,0.1020164,0.08545941,0.6613749,-2.757705
71.85849,-64.61624,0.09181078,0.0890553,0.6575473,-2.758
71.8665,-65.06752,0.08307317,0.09272877,0.653699,-2.758298
71.87452,-65.48133,0.07560114,0.09647233,0.6498356,-2.7586
71.88292,-65.87823,0.0688993,0.1004674,0.6457717,-2.75892
71.89132,-66.24006,0.06324394,0.1045238,0.6417022,-2.759244
71.89973,-66.56969,0.05850384,0.1086341,0.6376319,-2.75957
71.90813,-66.86971,0.05450794,0.1127911,0.6335653,-2.759899
71.91616,-67.13074,0.05124458,0.1167983,0.6296891,-2.760215
71.92418,-67.36887,0.04846757,0.1208365,0.6258228,-2.760533
71.93221,-67.58588,0.04611214,0.1249008,0.6219694,-2.760853
71.94024,-67.78337,0.04409835,0.1289862,0.6181314,-2.761175
71.94862,-67.97041,0.04228343,0.1332721,0.6141406,-2.761512
71.957,-68.13929,0.04073513,0.1375715,0.6101714,-2.761851
71.96539,-68.29138,0.03941845,0.1418799,0.606226,-2.762192
71.97377,-68.42797,0.03828769,0.1461931,0.6023063,-2.762533
71.98292,-68.56059,0.03722049,0.1508973,0.5980635,-2.762907
71.99206,-68.67752,0.03631319,0.1555982,0.5938553,-2.763282
72.0012,-68.77997,0.03554673,0.1602913,0.5896836,-2.763658
72.01034,-68.86909,0.03489275,0.1649729,0.5855499,-2.764034
72.02066,-68.95491,0.03425948,0.1702388,0.5809314,-2.76446
72.03098,-69.02632,0.03373312,0.1754807,0.576365,-2.764887
72.0413,-69.08453,0.0333031,0.1806943,0.5718522,-2.765314
72.05162,-69.13059,0.03294995,0.1858755,0.5673945,-2.765742
72.0636,-69.17008,0.03261478,0.1918455,0.56229,-2.766239
72.07558,-69.19582,0.03236046,0.1977622,0.5572628,-2.766736
72.08757,-69.20901,0.03218079,0.2036214,0.5523142,-2.767234
72.09955,-69.21072,0.03206092,0.209419,0.5474454,-2.767731
72.11381,-69.19911,0.03197919,0.2162359,0.5417544,-2.768324
72.12807,-69.17399,0.03196697,0.2229556,0.5361788,-2.768916
72.14233,-69.13663,0.03202033,0.2295736,0.5307195,-2.769507
72.15659,-69.08814,0.03212663,0.2360862,0.5253771,-2.770098
72.17394,-69.0156,0.03231209,0.2438591,0.5190384,-2.770815
72.19128,-68.9296,0.03256571,0.2514664,0.5128734,-2.77153
72.20863,-68.83152,0.03288582,0.2589044,0.5068818,-2.772244
72.22597,-68.72255,0.0332591,0.2661697,0.5010632,-2.772956
72.24663,-68.57999,0.03375297,0.274595,0.4943574,-2.773802
72.26729,-68.42501,0.03432144,0.282769,0.4878944,-2.774644
72.28794,-68.25898,0.03497169,0.2906898,0.4816722,-2.775482
72.3086,-68.08309,0.03567649,0.298356,0.4756884,-2.776317
72.32931,-67.89791,0.03640603,0.3057845,0.4699273,-2.77715
72.35001,-67.70482,0.03720534,0.3129569,0.4644003,-2.777979
72.37072,-67.50466,0.03809238,0.3198739,0.4591044,-2.778803
72.39143,-67.29817,0.03902325,0.3265365,0.4540365,-2.779624
72.4102,-67.10608,0.03987147,0.3323566,0.4496373,-2.780363
72.42896,-66.9098,0.04077381,0.3379701,0.4454202,-2.781099
72.44773,-66.70977,0.04174301,0.3433784,0.4413825,-2.781831
72.4665,-66.50636,0.04274821,0.3485829,0.4375217,-2.782559
72.48476,-66.30547,0.04373482,0.3534535,0.4339318,-2.783263
72.50303,-66.10202,0.04476797,0.3581344,0.4305043,-2.783964
72.52129,-65.89631,0.04585798,0.3626271,0.4272367,-2.784661
72.53955,-65.68856,0.04698202,0.3669334,0.4241264,-2.785354
72.55858,-65.47018,0.04816453,0.3712235,0.4210504,-2.786071
72.57761,-65.25013,0.0493959,0.3753151,0.4181396,-2.786785
72.59663,-65.02865,0.05068916,0.3792104,0.4153908,-2.787494
72.61566,-64.80593,0.05201801,0.3829114,0.4128013,-2.788199
72.63526,-64.57537,0.05339561,0.3865227,0.4102972,-2.78892
72.65486,-64.34393,0.05482513,0.3899323,0.4079558,-2.789637
72.67446,-64.11182,0.05632169,0.3931426,0.4057737,-2.790349
72.69406,-63.87916,0.05785526,0.3961558,0.4037478,-2.791056
72.7141,-63.64077,0.0594301,0.3990356,0.4018344,-2.791774
72.73414,-63.40214,0.06105911,0.4017142,0.4000775,-2.792488
72.75418,-63.16346,0.06275846,0.4041942,0.3984738,-2.793196
72.77421,-62.92474,0.06449625,0.4064779,0.3970198,-2.7939
72.79485,-62.67891,0.06629195,0.4086273,0.3956755,-2.794619
72.81549,-62.43332,0.06814497,0.4105739,0.3944828,-2.795333
72.83612,-62.18811,0.07007305,0.4123203,0.3934382,-2.796042
72.85676,-61.94324,0.0720418,0.4138691,0.3925381,-2.796746
72.87812,-61.69001,0.07408559,0.4152674,0.3917547,-2.797469
72.89949,-61.43733,0.07619143,0.4164596,0.3911185,-2.798186
72.92085,-61.18531,0.07837925,0.4174485,0.390626,-2.798898
72.94221,-60.93382,0.08061116,0.4182371,0.3902732,-2.799605
72.96437,-60.67333,0.08293139,0.4188466,0.3900508,-2.800332
72.98653,-60.4135,0.08532038,0.4192465,0.389971,-2.801053
73.00869,-60.15441,0.08780083,0.4194398,0.3900299,-2.801768
73.03084,-59.89579,0.09033074,0.4194298,0.3902234,-2.802477
73.05384,-59.62752,0.09296289,0.419208,0.3905625,-2.803206
73.07683,-59.35975,0.09567372,0.4187733,0.3910388,-2.80393
73.09983,-59.09254,0.09848961,0.4181288,0.3916486,-2.804647
73.12282,-58.82542,0.1013637,0.4172779,0.3923879,-2.805358
73.14667,-58.54787,0.1043556,0.4161812,0.3932872,-2.806088
73.17053,-58.27028,0.1074415,0.4148686,0.3943185,-2.806812
73.19438,-57.99271,0.1106529,0.4133428,0.3954782,-2.807529
73.21823,-57.7144,0.1139372,0.4116076,0.3967625,-2.808239
73.24291,-57.42472,0.1173562,0.4095952,0.3982188,-2.808967
73.2676,-57.13395,0.1208939,0.4073638,0.3998022,-2.809687
73.29228,-56.84207,0.1245888,0.4049155,0.4015102,-2.8104
73.31697,-56.54794,0.1283819,0.4022537,0.4033392,-2.811106
73.34239,-56.24123,0.1323288,0.3992922,0.4053467,-2.811825
73.36782,-55.93151,0.136435,0.3961075,0.4074786,-2.812536
73.39325,-55.61866,0.1407498,0.3927,0.4097338,-2.813239
73.41868,-55.30089,0.1452073,0.3890725,0.4121101,-2.813934
73.44468,-54.96868,0.1498435,0.3851379,0.4146631,-2.814636
73.47068,-54.63009,0.1547081,0.3809718,0.4173427,-2.815329
73.49668,-54.2847,0.1598683,0.3765715,0.4201504,-2.816013
73.52269,-53.92954,0.1652528,0.3719374,0.4230862,-2.816687
73.549,-53.55663,0.1708568,0.3670092,0.4261879,-2.81736
73.57532,-53.17111,0.1768135,0.3618309,0.4294282,-2.818023
73.60163,-52.77179,0.1832228,0.3563932,0.4328137,-2.818676
73.62795,-52.3534,0.1900156,0.350691,0.4363486,-2.819317
73.65422,-51.91032,0.1971131,0.3447273,0.4400325,-2.819946
73.68049,-51.44225,0.2048047,0.33847,0.4438872,-2.820563
73.70677,-50.94574,0.2132584,0.3318963,0.4479294,-2.821167
73.73304,-50.41042,0.2224354,0.3249881,0.4521731,-2.821757
73.75884,-49.83417,0.2321258,0.3178559,0.456554,-2.822322
73.78465,-49.20531,0.2429313,0.3103292,0.461182,-2.822872
73.81045,-48.51372,0.2551816,0.3023544,0.4660959,-2.823404
73.83625,-47.7357,0.2689618,0.2938811,0.4713346,-2.823918
73.86114,-46.87364,0.2838366,0.2851747,0.4767426,-2.824392
73.88604,-45.88825,0.301093,0.2758334,0.4825801,-2.824844
73.91093,-44.7479,0.3214901,0.2657298,0.4889449,-2.82527
73.93582,-43.38982,0.3455343,0.2547324,0.4959458,-2.825663
73.95958,-41.81476,0.372535,0.2432505,0.5033536,-2.826005
73.98335,-39.90756,0.4052756,0.2305525,0.5116826,-2.826306
74.00711,-37.57786,0.4453608,0.2164048,0.5211924,-2.826555
74.03088,-34.69054,0.4938696,0.2006415,0.5321791,-2.826743
74.05009,-31.86939,0.5400157,0.1866478,0.542386,-2.82684
74.06931,-28.58229,0.5926557,0.1716234,0.5540424,-2.826878
74.08853,-24.88681,0.6504497,0.1558719,0.5673144,-2.826849
74.10775,-20.98757,0.7105994,0.1399143,0.5822453,-2.826747
74.12268,-18.03017,0.756343,0.1277855,0.5949259,-2.826616
74.13761,-15.36228,0.7984855,0.1161801,0.608329,-2.826443
74.15255,-13.18775,0.835046,0.1052968,0.6221653,-2.826233
74.16748,-11.68509,0.8649715,0.09525399,0.6360964,-2.825996
74.18242,-10.98337,0.8880097,0.08610167,0.6497494,-2.825742
74.19735,-11.08455,0.9043402,0.0778496,0.662744,-2.825484
74.21229,-11.9383,0.9144754,0.07048341,0.6747695,-2.825233
74.22722,-13.46886,0.9192233,0.06397223,0.6856164,-2.825
74.23936,-15.13136,0.9195402,0.05928659,0.6934634,-2.824831
74.2515,-17.0886,0.9168283,0.05512586,0.7003838,-2.824683
74.26363,-19.27458,0.9111931,0.05147304,0.7063598,-2.824561
74.27577,-21.62279,0.9024132,0.04832009,0.7113903,-2.824466
74.29126,-24.7613,0.8860893,0.045011,0.7164657,-2.824388
74.30676,-27.97856,0.8639449,0.0424732,0.7201041,-2.824359
74.32225,-31.20467,0.8356423,0.04067901,0.7223955,-2.824379
74.33775,-34.38264,0.800394,0.03961023,0.723433,-2.82445
74.35406,-37.64735,0.7556945,0.03923778,0.7232875,-2.824576
74.37037,-40.8091,0.7029047,0.039612,0.7219758,-2.824755
74.38669,-43.84852,0.6420517,0.04071859,0.719595,-2.824986
74.403,-46.76767,0.5752508,0.04253071,0.7162578,-2.825264
74.41679,-49.13951,0.5162398,0.04459673,0.7127721,-2.825536
74.43057,-51.40124,0.4557886,0.04715926,0.7087262,-2.825839
74.44435,-53.5343,0.3954725,0.05021561,0.7041756,-2.826173
74.45813,-55.52092,0.3374496,0.05375544,0.6991801,-2.826536
74.4712,-57.2533,0.2864093,0.05754351,0.6940891,-2.826903
74.48426,-58.82886,0.2402758,0.06173502,0.6887017,-2.827292
74.49733,-60.24449,0.1998611,0.06630562,0.6830664,-2.827701
74.51039,-61.50291,0.165453,0.07122633,0.6772288,-2.828127
74.51822,-62.18508,0.1476459,0.07432987,0.6736505,-2.82839
74.52605,-62.81617,0.1318737,0.07753985,0.6700231,-2.828658
74.53388,-63.39893,0.1180311,0.08084872,0.6663542,-2.82893
74.54171,-63.93614,0.1059508,0.08424898,0.6626509,-2.829207
74.54955,-64.43071,0.09543866,0.08773313,0.6589197,-2.829488
74.55738,-64.88561,0.08636636,0.09129388,0.6551667,-2.829773
74.56521,-65.30369,0.07859035,0.09492417,0.6513974,-2.830061
74.57304,-65.6876,0.07192859,0.09861719,0.6476166,-2.830353
74.58136,-66.0612,0.0658641,0.1026062,0.6435883,-2.830665
74.58969,-66.40191,0.06074183,0.1066513,0.6395572,-2.830981
74.59802,-66.71238,0.05644187,0.1107454,0.6355277,-2.8313
74.60635,-66.99504,0.05280996,0.1148819,0.6315039,-2.831621
74.6144,-67.24392,0.04980357,0.118915,0.6276227,-2.831933
74.62245,-67.47073,0.04724406,0.1229766,0.6237533,-2.832247
74.6305,-67.67718,0.04507177,0.1270616,0.6198981,-2.832563
74.63855,-67.86481,0.04321289,0.1311653,0.6160597,-2.832881
74.64702,-68.04346,0.04152442,0.1354989,0.6120412,-2.833217
74.65549,-68.20433,0.04008421,0.1398437,0.608046,-2.833554
74.66396,-68.3488,0.03885992,0.1441953,0.6040762,-2.833892
74.67244,-68.47811,0.0378088,0.1485495,0.6001337,-2.834232
74.68172,-68.60375,0.03681218,0.1533202,0.595846,-2.834605
74.69101,-68.7139,0.03596647,0.158085,0.591595,-2.834979
74.70029,-68.80977,0.03525403,0.1628395,0.5873826,-2.835354
74.70958,-68.89249,0.03464798,0.1675798,0.5832103,-2.83573
74.7201,-68.97159,0.03406084,0.1729315,0.5785309,-2.836157
74.73063,-69.03639,0.03357626,0.1782557,0.5739067,-2.836585
74.74115,-69.08807,0.03318439,0.1835479,0.5693392,-2.837014
74.75168,-69.12769,0.03286652,0.1888044,0.5648297,-2.837442
74.76394,-69.15992,0.03256861,0.1948801,0.5596491,-2.837942
74.77621,-69.17843,0.03234965,0.2008974,0.5545505,-2.838443
74.78847,-69.18442,0.03220381,0.2068519,0.5495351,-2.838943
74.80074,-69.17898,0.03211661,0.2127395,0.5446038,-2.839443
74.8154,-69.15879,0.0320727,0.2196826,0.5388228,-2.840041
74.83005,-69.12507,0.03209797,0.2265202,0.5331643,-2.840638
74.84471,-69.0791,0.03218869,0.233248,0.5276291,-2.841234
74.85937,-69.02201,0.03233235,0.2398621,0.5222177,-2.84183
74.87724,-68.93876,0.03256387,0.2477702,0.515786,-2.842555
74.89512,-68.84202,0.03286473,0.2555,0.5095387,-2.843278
74.91299,-68.73319,0.03323384,0.2630474,0.5034757,-2.844
74.93087,-68.61348,0.03365706,0.2704097,0.4975963,-2.844719
74.95183,-68.46062,0.03420049,0.2788057,0.490933,-2.845559
74.9728,-68.29577,0.03481978,0.2869414,0.484519,-2.846396
74.99376,-68.12025,0.03552438,0.2948151,0.4783519,-2.847229
75.01473,-67.93521,0.0362832,0.3024259,0.4724293,-2.848059
75.03517,-67.74658,0.03704225,0.3095937,0.466887,-2.848863
75.05561,-67.55072,0.03786949,0.316512,0.4615715,-2.849664
75.07606,-67.34841,0.03878287,0.3231815,0.4564799,-2.85046
75.0965,-67.1403,0.03973893,0.3296036,0.4516089,-2.851252
75.11507,-66.94669,0.04061196,0.3352248,0.447372,-2.851967
75.13364,-66.74924,0.04153757,0.3406442,0.4433122,-2.852679
75.15221,-66.54836,0.04252764,0.3458632,0.4394269,-2.853387
75.17079,-66.34436,0.04355346,0.3508834,0.4357134,-2.854091
75.18915,-66.13991,0.04457736,0.3556528,0.4322084,-2.854783
75.20751,-65.93306,0.04564821,0.3602311,0.4288663,-2.855471
75.22587,-65.72408,0.04677662,0.36462,0.4256844,-2.856156
75.24423,-65.5132,0.04793958,0.3688213,0.4226603,-2.856836
75.26339,-65.2914,0.0491643,0.373006,0.4196707,-2.857542
75.28254,-65.06806,0.05043891,0.3769905,0.416847,-2.858243
75.3017,-64.84343,0.05177693,0.3807769,0.414186,-2.858939
75.32085,-64.61767,0.05315122,0.3843674,0.4116847,-2.859632
75.34053,-64.38469,0.05457185,0.3878545,0.4092782,-2.860338
75.36021,-64.15096,0.05604524,0.3911393,0.4070339,-2.86104
75.37989,-63.91666,0.05758675,0.3942242,0.4049486,-2.861737
75.39957,-63.68192,0.0591659,0.3971115,0.403019,-2.862429
75.41971,-63.44129,0.06078893,0.3998643,0.401202,-2.863133
75.43985,-63.20051,0.06246704,0.402415,0.3995414,-2.863832
75.45999,-62.95977,0.0642167,0.4047663,0.3980336,-2.864525
75.48013,-62.71907,0.06600556,0.4069206,0.3966751,-2.865214
75.5009,-62.47094,0.06785653,0.4089384,0.3954272,-2.865918
75.52166,-62.22311,0.06976604,0.4107521,0.3943308,-2.866618
75.54243,-61.97573,0.07175224,0.4123643,0.3933824,-2.867312
75.5632,-61.72874,0.0737801,0.4137778,0.3925784,-2.868001
75.58471,-61.47319,0.07588657,0.4150354,0.3918937,-2.868709
75.60622,-61.21823,0.07805668,0.4160854,0.3913562,-2.869412
75.62773,-60.96397,0.0803109,0.4169307,0.3909622,-2.870108
75.64924,-60.71023,0.08261057,0.4175743,0.3907077,-2.8708
75.67156,-60.44732,0.08500224,0.4180321,0.390587,-2.871511
75.69387,-60.18506,0.08746486,0.4182789,0.3906086,-2.872216
75.71619,-59.92352,0.09002184,0.4183175,0.3907687,-2.872915
75.7385,-59.6624,0.09263023,0.4181514,0.3910632,-2.873608
75.76167,-59.39142,0.09534514,0.4177661,0.3915067,-2.874321
75.78483,-59.12084,0.09814194,0.4171663,0.3920873,-2.875028
75.80799,-58.85075,0.101048,0.4163551,0.3928012,-2.875728
75.83115,-58.58061,0.1040152,0.4153361,0.3936443,-2.876422
75.85517,-58.29978,0.1071052,0.4140636,0.3946509,-2.877135
75.87919,-58.01873,0.1102941,0.4125736,0.3957892,-2.877841
75.90321,-57.73749,0.1136148,0.4108687,0.397056,-2.878539
75.92723,-57.45526,0.1170135,0.4089526,0.3984474,-2.879231
75.95208,-57.16133,0.1205524,0.4067526,0.4000135,-2.87994
75.97692,-56.86595,0.124218,0.4043318,0.4017068,-2.880641
76.00176,-56.5691,0.1280508,0.4016919,0.4035252,-2.881334
76.0266,-56.26952,0.1319905,0.3988363,0.4054652,-2.88202
76.05216,-55.9569,0.1360909,0.3956765,0.407585,-2.882717
76.07772,-55.64065,0.1403638,0.3922909,0.4098303,-2.883406
76.10328,-55.32059,0.1448621,0.3886794,0.4122004,-2.884087
76.12884,-54.99472,0.1495184,0.3848443,0.4146933,-2.88476
76.15493,-54.6537,0.1543633,0.3807013,0.4173627,-2.885438
76.18102,-54.30516,0.15946,0.3763225,0.4201614,-2.886106
76.2071,-53.94854,0.1648817,0.3717039,0.4230918,-2.886765
76.23319,-53.58049,0.1705567,0.3668451,0.4261546,-2.887414
76.25952,-53.19335,0.1764686,0.3616957,0.4293814,-2.88806
76.28585,-52.79139,0.182777,0.3562876,0.432753,-2.888695
76.31219,-52.37305,0.1895941,0.3506089,0.436278,-2.889319
76.33852,-51.93221,0.1968543,0.3446526,0.4399619,-2.889931
76.36472,-51.46386,0.2044559,0.3384414,0.4437927,-2.890528
76.39091,-50.9658,0.2127424,0.331918,0.4478081,-2.891113
76.41711,-50.43356,0.2219087,0.3250545,0.4520287,-2.891684
76.44331,-49.85467,0.2319331,0.3178275,0.4564723,-2.89224
76.46893,-49.22795,0.2425638,0.3103791,0.4610561,-2.892768
76.49455,-48.53725,0.254519,0.3024944,0.4659181,-2.89328
76.52018,-47.76931,0.2681975,0.2941076,0.4711068,-2.893772
76.5458,-46.89444,0.2837474,0.2851544,0.4766716,-2.894244
76.57042,-45.91582,0.3006639,0.2759413,0.4824331,-2.894674
76.59505,-44.78223,0.3205059,0.2659932,0.4887021,-2.895079
76.61967,-43.45174,0.3442136,0.2551541,0.4956023,-2.895452
76.6443,-41.8443,0.3724767,0.2432632,0.5032749,-2.89579
76.66787,-39.95461,0.4046487,0.2307204,0.5115107,-2.896072
76.69143,-37.63673,0.4439329,0.216748,0.5208952,-2.896305
76.715,-34.78937,0.4919326,0.2011459,0.5317487,-2.896477
76.73857,-31.2968,0.5492825,0.1838863,0.544415,-2.896574
76.7575,-27.99185,0.6021749,0.1689358,0.5561509,-2.896588
76.77642,-24.31643,0.6597132,0.1533774,0.5694806,-2.896535
76.79535,-20.46273,0.718822,0.1377127,0.58442,-2.89641
76.81427,-16.78969,0.775485,0.1225146,0.6007813,-2.896214
76.82649,-14.73048,0.8086032,0.1132158,0.6119132,-2.896053
76.83871,-13.04076,0.8377491,0.1044255,0.6232797,-2.895868
76.85092,-11.80813,0.8622999,0.09620323,0.6346795,-2.895665
76.86314,-11.09557,0.8821292,0.08857839,0.6459115,-2.895451
76.87536,-10.93261,0.8974242,0.08155687,0.656776,-2.895231
76.88757,-11.30016,0.9084629,0.07513304,0.6670878,-2.895013
76.89979,-12.15936,0.9156169,0.06929355,0.6766972,-2.894802
76.91201,-13.45737,0.9192423,0.06402208,0.6854943,-2.894605
76.92524,-15.27864,0.9194156,0.05893398,0.6940166,-2.894411
76.93848,-17.44486,0.9160228,0.05446757,0.7014355,-2.894245
76.95172,-19.87184,0.9092161,0.05059999,0.7077319,-2.894108
76.96495,-22.47346,0.8986139,0.04732356,0.7129085,-2.894005
76.98017,-25.5829,0.8811146,0.04427766,0.7175119,-2.89393
76.99538,-28.74808,0.8578539,0.04197016,0.7207498,-2.893903
77.0106,-31.90713,0.8284723,0.04037548,0.7227099,-2.893924
77.02581,-35.01216,0.7923323,0.03947419,0.7234825,-2.893993
77.03928,-37.69398,0.7545464,0.03923525,0.7232548,-2.894093
77.05274,-40.30546,0.7113421,0.03950276,0.722236,-2.894228
77.0662,-42.83795,0.6628573,0.04026617,0.7204833,-2.894399
77.07966,-45.29081,0.6099522,0.04151233,0.7180577,-2.894602
77.09312,-47.66307,0.5538611,0.04323103,0.7150175,-2.894838
77.10658,-49.93985,0.4954537,0.04542438,0.7114099,-2.895106
77.12004,-52.10552,0.4360605,0.04809118,0.7072858,-2.895403
77.1335,-54.14416,0.3776464,0.05122419,0.7027003,-2.895728
77.14662,-55.99242,0.3235667,0.05471682,0.6978403,-2.896071
77.15974,-57.68906,0.2735646,0.05863011,0.6926448,-2.896437
77.17286,-59.22609,0.2287234,0.06294381,0.6871641,-2.896824
77.18598,-60.60203,0.18975,0.06763196,0.6814463,-2.89723
77.19459,-61.41956,0.1674787,0.07089777,0.6775868,-2.897506
77.2032,-62.1722,0.1477825,0.07430201,0.6736568,-2.897789
77.21181,-62.86316,0.1305731,0.07783482,0.6696673,-2.898078
77.22043,-63.49591,0.1156543,0.08148622,0.6656285,-2.898372
77.22904,-64.07423,0.1027735,0.08524615,0.6615498,-2.898672
77.23765,-64.60214,0.09177722,0.08910472,0.6574397,-2.898976
77.24626,-65.08353,0.08248161,0.09305235,0.6533058,-2.899285
77.25487,-65.52196,0.07462743,0.09707981,0.6491553,-2.899598
77.26323,-65.90992,0.06813469,0.1010596,0.6451139,-2.899905
77.2716,-66.26366,0.06265172,0.1050985,0.6410679,-2.900215
77.27996,-66.58595,0.05805141,0.1091894,0.637022,-2.900528
77.28832,-66.8793,0.0541694,0.1133254,0.6329804,-2.900844
77.29637,-67.13637,0.05097414,0.1173409,0.6290996,-2.901149
77.30442,-67.37073,0.04825539,0.1213866,0.6252294,-2.901457
77.31246,-67.58412,0.04594961,0.1254574,0.6213726,-2.901767
77.32051,-67.77814,0.04397832,0.1295486,0.6175317,-2.902078
77.32893,-67.96204,0.04219867,0.1338474,0.6135313,-2.902405
77.33735,-68.12785,0.040681,0.1381587,0.6095531,-2.902734
77.34578,-68.27695,0.03939098,0.1424782,0.6055993,-2.903063
77.3542,-68.41062,0.03828365,0.1468017,0.6016719,-2.903395
77.3634,-68.54036,0.03723732,0.1515247,0.5974136,-2.903757
77.3726,-68.65442,0.03634881,0.1562434,0.5931907,-2.904121
77.3818,-68.75405,0.0355994,0.1609533,0.5890052,-2.904486
77.391,-68.84035,0.03496106,0.1656506,0.5848585,-2.904852
77.4014,-68.92314,0.03434328,0.1709414,0.5802189,-2.905266
77.4118,-68.99152,0.03383159,0.1762068,0.5756327,-2.905681
77.4222,-69.04668,0.03341558,0.1814424,0.5711013,-2.906097
77.4326,-69.08969,0.03307594,0.1866443,0.5666261,-2.906513
77.4447,-69.12569,0.03275557,0.1926465,0.5614942,-2.906997
77.45679,-69.1479,0.03251597,0.1985934,0.5564416,-2.907482
77.46889,-69.15754,0.032351,0.2044804,0.5514694,-2.907967
77.48098,-69.15566,0.03224587,0.2103037,0.5465789,-2.908451
77.49541,-69.1397,0.0321818,0.2171621,0.540853,-2.90903
77.50984,-69.11017,0.03218775,0.2239197,0.5352457,-2.909607
77.52427,-69.06835,0.0322598,0.230572,0.5297577,-2.910184
77.5387,-69.01535,0.03238531,0.2371153,0.5243897,-2.91076
77.55629,-68.93708,0.03259527,0.2449382,0.51801,-2.911462
77.57387,-68.84527,0.03287468,0.2525894,0.511809,-2.912161
77.59146,-68.7413,0.03322199,0.2600652,0.5057867,-2.912859
77.60904,-68.62639,0.03362357,0.2673625,0.4999425,-2.913554
77.62988,-68.47754,0.03414848,0.2757736,0.493248,-2.914375
77.65071,-68.31636,0.03474958,0.283928,0.4868006,-2.915193
77.67155,-68.14423,0.03543514,0.2918238,0.4805981,-2.916007
77.69238,-67.96233,0.03617599,0.2994599,0.4746382,-2.916817
77.71299,-67.77376,0.0369308,0.3067586,0.4689779,-2.917615
77.73361,-67.57756,0.03775556,0.3138031,0.4635496,-2.918409
77.75422,-67.37455,0.03866839,0.3205942,0.45835,-2.919198
77.77483,-67.16544,0.03962526,0.3271328,0.4533762,-2.919983
77.79352,-66.97102,0.04049794,0.3328458,0.4490577,-2.92069
77.81222,-66.77258,0.04142466,0.3383536,0.4449196,-2.921394
77.83091,-66.57054,0.04241786,0.3436577,0.4409594,-2.922095
77.8496,-66.36523,0.04344755,0.3487595,0.4371745,-2.922791
77.86794,-66.16103,0.04446684,0.3535679,0.4336302,-2.92347
77.88627,-65.95434,0.04553352,0.3581851,0.4302493,-2.924145
77.9046,-65.74546,0.04665811,0.3626126,0.4270293,-2.924816
77.92293,-65.53462,0.04781757,0.3668522,0.4239676,-2.925483
77.94205,-65.31293,0.04903833,0.3710742,0.4209412,-2.926174
77.96116,-65.08963,0.05030915,0.375096,0.418081,-2.926861
77.98028,-64.86499,0.05164341,0.3789196,0.4153841,-2.927543
77.99939,-64.63917,0.05301422,0.3825471,0.4128475,-2.928221
78.01905,-64.40578,0.05443367,0.3860766,0.4104019,-2.928914
78.03872,-64.17158,0.05590619,0.3894032,0.4081195,-2.929602
78.05838,-63.93679,0.05744711,0.3925291,0.4059972,-2.930286
78.07804,-63.7015,0.05902603,0.3954567,0.4040315,-2.930965
78.09816,-63.46032,0.06064896,0.3982496,0.4021789,-2.931654
78.11828,-63.21897,0.0623273,0.4008398,0.4004835,-2.932338
78.1384,-62.97762,0.06407752,0.4032297,0.398942,-2.933018
78.15852,-62.7363,0.06586726,0.405422,0.3975508,-2.933692
78.17926,-62.48758,0.06771882,0.4074776,0.3962705,-2.934382
78.2,-62.23916,0.06962922,0.4093283,0.3951427,-2.935067
78.22074,-61.99117,0.07161655,0.410977,0.3941638,-2.935747
78.24148,-61.74355,0.07364585,0.4124262,0.3933301,-2.936421
78.26296,-61.48737,0.07575409,0.4137202,0.3926156,-2.937113
78.28444,-61.23176,0.07792624,0.414806,0.3920493,-2.9378
78.30592,-60.97684,0.08018271,0.4156863,0.3916274,-2.938482
78.3274,-60.72244,0.08248494,0.4163643,0.3913458,-2.939158
78.34968,-60.45883,0.08487982,0.4168572,0.391198,-2.939853
78.37197,-60.19586,0.08734589,0.4171383,0.3911935,-2.940542
78.39426,-59.93362,0.08990654,0.4172105,0.3913284,-2.941225
78.41654,-59.6718,0.09251891,0.4170772,0.3915986,-2.941902
78.43967,-59.40007,0.09523863,0.4167251,0.392018,-2.942599
78.46281,-59.12875,0.09804049,0.4161578,0.3925753,-2.943289
78.48594,-58.85791,0.1009518,0.4153782,0.393267,-2.943973
78.50907,-58.58704,0.1039246,0.41439,0.3940888,-2.94465
78.53307,-58.30541,0.1070212,0.4131483,0.3950745,-2.945346
78.55706,-58.02357,0.1102171,0.4116882,0.3961929,-2.946035
78.58105,-57.74155,0.1135451,0.4100123,0.3974407,-2.946717
78.60505,-57.45854,0.1169513,0.4081242,0.398814,-2.947392
78.62987,-57.16375,0.1204992,0.4059518,0.4003628,-2.948082
78.65469,-56.86752,0.1241742,0.4035575,0.4020399,-2.948766
78.6795,-56.56981,0.1280168,0.4009431,0.4038429,-2.949442
78.70432,-56.26937,0.1319668,0.3981119,0.4057686,-2.95011
78.72987,-55.9558,0.1360793,0.3949755,0.4078751,-2.950789
78.75541,-55.63858,0.140365,0.391612,0.4101082,-2.951461
78.78095,-55.31754,0.1448766,0.3880214,0.412467,-2.952124
78.80649,-54.99067,0.1495472,0.384206,0.4149497,-2.952778
78.83256,-54.64852,0.1544088,0.3800809,0.4176102,-2.953438
78.85864,-54.29881,0.1595233,0.3757186,0.4204011,-2.954088
78.88471,-53.94098,0.1649641,0.3711152,0.4233249,-2.954729
78.91079,-53.57163,0.17066,0.36627,0.426382,-2.95536
78.93711,-53.18305,0.1765958,0.3611321,0.4296048,-2.955987
78.96343,-52.77954,0.1829306,0.3557336,0.4329736,-2.956604
78.98976,-52.35951,0.1897769,0.350063,0.4364969,-2.957209
79.01608,-51.91682,0.1970698,0.3441128,0.4401806,-2.957803
79.04227,-51.44637,0.2047086,0.3379053,0.4440127,-2.958382
79.06846,-50.94594,0.2130376,0.3313834,0.4480311,-2.958948
79.09465,-50.41102,0.2222531,0.3245189,0.4522563,-2.9595
79.12085,-49.82899,0.2323348,0.3172882,0.4567065,-2.960038
79.14646,-49.19866,0.2430306,0.3098334,0.4612987,-2.960548
79.17208,-48.50368,0.2550637,0.3019389,0.4661716,-2.961042
79.19769,-47.73059,0.268837,0.293538,0.4713741,-2.961516
79.22331,-46.84933,0.2845028,0.2845659,0.4769564,-2.961968
79.24792,-45.86304,0.3015543,0.2753296,0.4827386,-2.962381
79.27254,-44.71982,0.3215651,0.2653515,0.4890336,-2.962767
79.29716,-43.37709,0.3454867,0.254474,0.4959667,-2.963122
79.32177,-41.75377,0.3740198,0.2425344,0.5036812,-2.963441
79.34534,-39.84391,0.4065269,0.22993,0.5119708,-2.963705
79.36891,-37.49991,0.4462289,0.2158832,0.5214241,-2.963919
79.39248,-34.6203,0.4947183,0.2001984,0.5323649,-2.964072
79.41604,-31.09205,0.5525848,0.1828596,0.5451389,-2.964148
79.43506,-27.74272,0.6061326,0.167785,0.5570379,-2.964145
79.45408,-24.03008,0.6641932,0.1521303,0.5705526,-2.964074
79.4731,-20.159,0.7235338,0.1364136,0.5856859,-2.96393
79.49212,-16.5031,0.7800355,0.1212132,0.6022284,-2.963715
79.5042,-14.50923,0.8123174,0.1120851,0.6132707,-2.963543
79.51627,-12.88836,0.8406302,0.103462,0.6245194,-2.963351
79.52835,-11.72198,0.8644154,0.09539827,0.6357783,-2.963141
79.54042,-11.06743,0.8835869,0.08791947,0.6468533,-2.96292
79.5525,-10.9497,0.8983482,0.08102991,0.6575527,-2.962695
79.56458,-11.34828,0.9089796,0.07472329,0.6677003,-2.962471
79.57665,-12.22424,0.9158437,0.0689863,0.677154,-2.962255
79.58873,-13.52551,0.919277,0.06380317,0.6858092,-2.962053
79.60212,-15.3836,0.9192843,0.05868659,0.6943805,-2.961849
79.6155,-17.59008,0.9156509,0.0542047,0.7018216,-2.961673
79.62889,-20.0583,0.9085316,0.05033383,0.7081145,-2.961529
79.64228,-22.69957,0.8975116,0.04706651,0.7132636,-2.961418
79.65745,-25.80477,0.8796769,0.04408423,0.7177537,-2.961337
79.67262,-28.96022,0.8560775,0.04183413,0.7208926,-2.961303
79.68779,-32.10583,0.8263502,0.04029096,0.7227676,-2.961317
79.70296,-35.19575,0.7898924,0.03943497,0.7234689,-2.961378
79.71633,-37.85434,0.7520194,0.03923072,0.7231911,-2.96147
79.7297,-40.4431,0.7088162,0.03952502,0.7221368,-2.961598
79.74307,-42.95374,0.6604349,0.04030768,0.7203617,-2.96176
79.75644,-45.38558,0.607731,0.04156601,0.7179256,-2.961954
79.76981,-47.73742,0.5519225,0.04329024,0.7148853,-2.962181
79.78318,-49.99464,0.4938804,0.04548235,0.7112872,-2.962438
79.79655,-52.14185,0.4349202,0.04814106,0.7071811,-2.962725
79.80993,-54.16338,0.3769612,0.05125928,0.7026212,-2.96304
79.82307,-56.01136,0.3228657,0.05476203,0.6977502,-2.963375
79.83621,-57.70715,0.2728777,0.05868613,0.6925436,-2.963733
79.84935,-59.24281,0.2280785,0.06301113,0.6870518,-2.964112
79.86249,-60.61698,0.1891685,0.06771087,0.6813233,-2.96451
79.87108,-61.43033,0.1670225,0.07097215,0.6774711,-2.96478
79.87968,-62.17917,0.1474365,0.07437085,0.673549,-2.965056
79.88827,-62.86669,0.1303215,0.07789717,0.6695681,-2.965338
79.89687,-63.49636,0.1154819,0.08154119,0.6655383,-2.965627
79.90546,-64.0719,0.1026666,0.08529294,0.661469,-2.96592
79.91405,-64.59735,0.09172305,0.08914257,0.6573686,-2.966218
79.92265,-65.07653,0.08246825,0.09308059,0.6532448,-2.96652
79.93124,-65.513,0.07464548,0.09709783,0.6491044,-2.966826
79.93961,-65.90026,0.06816028,0.101078,0.6450621,-2.967128
79.94798,-66.25331,0.06268394,0.1051173,0.6410153,-2.967433
79.95635,-66.5749,0.05808939,0.1092082,0.6369687,-2.96774
79.96472,-66.86755,0.05421239,0.1133441,0.6329264,-2.96805
79.97277,-67.12401,0.05102069,0.1173603,0.6290443,-2.968351
79.98083,-67.35775,0.0483052,0.1214066,0.6251728,-2.968653
79.98888,-67.57053,0.04600241,0.1254778,0.6213148,-2.968958
79.99694,-67.76392,0.04403387,0.1295692,0.6174728,-2.969263
80.00537,-67.94721,0.04225643,0.1338693,0.6134702,-2.969585
80.0138,-68.1124,0.04074095,0.1381818,0.6094901,-2.969909
80.02223,-68.26087,0.03945308,0.1425022,0.6055344,-2.970233
80.03066,-68.3939,0.03834788,0.1468265,0.6016052,-2.970559
80.03988,-68.52296,0.0373036,0.1515515,0.597344,-2.970916
80.04909,-68.63633,0.03641721,0.1562718,0.5931184,-2.971274
80.0583,-68.73524,0.03566999,0.1609832,0.5889303,-2.971633
80.06752,-68.82082,0.03503392,0.1656817,0.5847813,-2.971993
80.07794,-68.90281,0.03441858,0.1709754,0.5801378,-2.972401
80.08836,-68.97037,0.03390949,0.1762433,0.575548,-2.972809
80.09878,-69.02469,0.0334962,0.181481,0.5710132,-2.973219
80.1092,-69.06684,0.03315942,0.1866846,0.5665351,-2.973628
80.12132,-69.10184,0.03284241,0.1926911,0.5613977,-2.974105
80.13345,-69.12303,0.03260638,0.1986416,0.5563401,-2.974582
80.14557,-69.13161,0.03244519,0.2045318,0.5513636,-2.97506
80.15769,-69.12866,0.03234404,0.2103577,0.5464691,-2.975537
80.17216,-69.11139,0.03228496,0.2172228,0.5407355,-2.976107
80.18663,-69.08051,0.03229624,0.2239861,0.5351213,-2.976676
80.20111,-69.0373,0.03237394,0.2306432,0.5296273,-2.977245
80.21558,-68.9829,0.03250541,0.2371903,0.5242541,-2.977812
80.23323,-68.90281,0.0327232,0.2450229,0.517864,-2.978504
80.25088,-68.80914,0.03301101,0.2526821,0.5116542,-2.979193
80.26853,-68.70327,0.03336735,0.2601642,0.5056245,-2.979881
80.28618,-68.58643,0.03377843,0.2674661,0.4997745,-2.980567
80.30707,-68.43546,0.03431418,0.2758699,0.4930833,-2.981375
80.32796,-68.27218,0.03492684,0.2840152,0.4866406,-2.98218
80.34884,-68.09795,0.03562498,0.2919003,0.4804442,-2.982981
80.36973,-67.91396,0.03637884,0.2995241,0.4744917,-2.983779
80.39032,-67.72401,0.03714381,0.3067843,0.4688593,-2.984561
80.41091,-67.52649,0.03797901,0.3137905,0.4634583,-2.985338
80.4315,-67.32224,0.03890265,0.3205434,0.4582859,-2.986112
80.4521,-67.11193,0.0398706,0.3270442,0.4533388,-2.986881
80.47078,-66.91641,0.04075386,0.3327251,0.4490428,-2.987575
80.48946,-66.7169,0.04169137,0.3382009,0.4449271,-2.988265
80.50814,-66.51382,0.04269547,0.343473,0.4409891,-2.988951
80.52682,-66.30752,0.04373638,0.3485429,0.4372262,-2.989633
80.54518,-66.10193,0.04476931,0.3533304,0.4336959,-2.9903
80.56354,-65.89387,0.04585006,0.3579259,0.4303297,-2.990963
80.5819,-65.68363,0.04698926,0.3623309,0.4271248,-2.991621
80.60026,-65.47146,0.04816373,0.3665474,0.4240786,-2.992276
80.61941,-65.24838,0.04940048,0.3707449,0.4210688,-2.992954
80.63855,-65.02373,0.05068784,0.3747413,0.4182258,-2.993628
80.6577,-64.79776,0.05203929,0.3785388,0.4155465,-2.994298
80.67684,-64.57063,0.05342775,0.3821394,0.4130281,-2.994963
80.69653,-64.33598,0.05486518,0.3856396,0.4106024,-2.995642
80.71622,-64.10055,0.0563562,0.3889361,0.4083403,-2.996317
80.73591,-63.86455,0.05791627,0.3920313,0.4062386,-2.996986
80.7556,-63.62808,0.0595148,0.3949276,0.4042939,-2.997651
80.77575,-63.38564,0.0611586,0.3976886,0.4024626,-2.998327
80.7959,-63.14305,0.06285841,0.4002461,0.400789,-2.998998
80.81605,-62.90047,0.06463079,0.4026026,0.3992696,-2.999663
80.8362,-62.65795,0.06644322,0.4047607,0.397901,-3.000324
80.85698,-62.40794,0.06831912,0.4067809,0.3966439,-3.001
80.87776,-62.15823,0.07025455,0.4085954,0.3955398,-3.00167
80.89854,-61.90897,0.07226778,0.4102069,0.394585,-3.002335
80.91932,-61.66009,0.07432359,0.4116181,0.3937758,-3.002995
80.94085,-61.40256,0.07646007,0.412872,0.3930871,-3.003673
80.96237,-61.14561,0.07866131,0.4139167,0.392547,-3.004346
80.9839,-60.88936,0.08094794,0.414755,0.3921516,-3.005012
81.00543,-60.63363,0.0832811,0.41539,0.3918971,-3.005674
81.02777,-60.36858,0.08570889,0.4158373,0.3917778,-3.006354
81.0501,-60.10417,0.08820901,0.4160718,0.3918021,-3.007027
81.07244,-59.84048,0.0908051,0.4160963,0.3919663,-3.007695
81.09478,-59.57718,0.09345398,0.4159143,0.3922663,-3.008357
81.11797,-59.30384,0.09621255,0.4155105,0.392717,-3.009038
81.14115,-59.03089,0.09905485,0.4148904,0.3933061,-3.009712
81.16434,-58.75837,0.1020086,0.4140568,0.39403,-3.01038
81.18753,-58.48576,0.1050255,0.4130134,0.3948845,-3.011041
81.21158,-58.20225,0.1081688,0.4117135,0.3959045,-3.01172
81.23563,-57.91843,0.1114139,0.4101938,0.3970577,-3.012392
81.25968,-57.63435,0.114794,0.408457,0.3983409,-3.013057
81.28373,-57.34915,0.118255,0.4065068,0.3997503,-3.013715
81.3086,-57.05199,0.121861,0.4042693,0.4013365,-3.014388
81.33348,-56.75323,0.1255979,0.4018084,0.4030517,-3.015053
81.35835,-56.45282,0.1295072,0.3991257,0.4048937,-3.015711
81.38322,-56.14944,0.1335282,0.3962247,0.4068592,-3.016361
81.40881,-55.83267,0.1377159,0.3930161,0.4090067,-3.017022
81.43439,-55.51196,0.1420833,0.3895785,0.4112818,-3.017674
81.45998,-55.18709,0.1466849,0.3859117,0.4136839,-3.018318
81.48556,-54.85596,0.1514531,0.3820177,0.4162114,-3.018954
81.51166,-54.50917,0.1564182,0.377813,0.4189173,-3.019593
81.53777,-54.15423,0.1616479,0.3733681,0.4217554,-3.020223
81.56387,-53.79054,0.1672186,0.3686787,0.4247288,-3.020843
81.58997,-53.4145,0.1730591,0.3637437,0.4278383,-3.021454
81.61629,-53.01849,0.1791496,0.3585164,0.4311134,-3.022059
81.64261,-52.60644,0.1856614,0.3530235,0.4345383,-3.022654
81.66893,-52.17654,0.1927133,0.3472521,0.4381223,-3.023237
81.69525,-51.72221,0.2002428,0.3411937,0.4418721,-3.023809
81.7214,-51.23861,0.2081388,0.3348793,0.4457705,-3.024364
81.74755,-50.72256,0.2167723,0.3282405,0.4498627,-3.024907
81.7737,-50.16898,0.2263538,0.3212461,0.4541712,-3.025435
81.79985,-49.56415,0.2368731,0.3138697,0.4587165,-3.025948
81.82538,-48.90726,0.2480581,0.3062678,0.4634068,-3.026432
81.8509,-48.17961,0.2606921,0.2982038,0.4683947,-3.026899
81.87643,-47.36596,0.2752156,0.2896043,0.4737342,-3.027346
81.90196,-46.43298,0.2918163,0.2803972,0.4794812,-3.027771
81.92646,-45.38396,0.3099563,0.2709072,0.4854457,-3.028154
81.95095,-44.1605,0.3313512,0.2606218,0.4919656,-3.02851
81.97545,-42.71434,0.3570463,0.2493692,0.4991805,-3.028832
81.99994,-40.95545,0.3878341,0.2369739,0.5072512,-3.029115
82.02346,-38.87273,0.4231564,0.2238098,0.5159972,-3.029343
82.04698,-36.30467,0.4663521,0.209107,0.5260341,-3.029516
82.0705,-33.15163,0.5188616,0.1927157,0.5377123,-3.029621
82.09402,-29.33191,0.5807944,0.174737,0.5513853,-3.029644
82.11809,-24.77654,0.6532856,0.1550873,0.5678111,-3.029567
82.14216,-19.93018,0.7284209,0.1352263,0.5868319,-3.029375
82.16624,-15.41632,0.7975738,0.1162666,0.6080379,-3.02907
82.19031,-12.14656,0.8536537,0.09908994,0.630435,-3.02867
82.2019,-11.28792,0.8744127,0.09163063,0.6412054,-3.028454
82.21349,-10.91007,0.8909091,0.08471496,0.6517083,-3.028231
82.22508,-11.01455,0.9033282,0.07834313,0.66178,-3.028007
82.23668,-11.58487,0.9120434,0.07250559,0.6712859,-3.027786
82.24827,-12.582,0.9174203,0.06718834,0.6801135,-3.027575
82.25986,-13.95016,0.9197528,0.06237498,0.6881771,-3.027378
82.27145,-15.63142,0.9192819,0.05804909,0.6954203,-3.027198
82.28305,-17.56394,0.9160262,0.0541996,0.7018091,-3.027039
82.30006,-20.71972,0.9056316,0.04940221,0.7096072,-3.02685
82.31707,-24.12994,0.889182,0.04556198,0.7155766,-3.026716
82.33408,-27.67222,0.8667031,0.04263251,0.7198066,-3.026642
82.35109,-31.22045,0.8363601,0.04061355,0.722394,-3.026627
82.36569,-34.20924,0.8030869,0.03959612,0.7234013,-3.026663
82.38029,-37.13293,0.7634322,0.03919806,0.7233821,-3.026742
82.39489,-39.97195,0.7172216,0.03940162,0.7224139,-3.026863
82.40949,-42.72277,0.6650753,0.0401855,0.720579,-3.027025
82.42526,-45.59855,0.6035329,0.04166156,0.717715,-3.027244
82.44104,-48.35532,0.5372059,0.04379412,0.7140081,-3.027508
82.45681,-50.97077,0.4676094,0.04658386,0.7095374,-3.027814
82.47259,-53.42421,0.3981119,0.05001666,0.704395,-3.02816
82.48529,-55.26581,0.3446545,0.05323861,0.6998264,-3.028466
82.498,-56.96936,0.2944968,0.05686065,0.6949245,-3.028794
82.51071,-58.52547,0.2487488,0.06086671,0.689735,-3.029143
82.52342,-59.93038,0.208262,0.06523529,0.6843029,-3.029511
82.53266,-60.85828,0.1823618,0.06862702,0.6802225,-3.02979
82.54191,-61.70935,0.1594741,0.07218544,0.6760517,-3.030076
82.55116,-62.4871,0.1395422,0.0758986,0.671805,-3.03037
82.56041,-63.19551,0.1223536,0.07975425,0.6674955,-3.030671
82.56965,-63.83911,0.1076039,0.08373989,0.6631354,-3.030978
82.5789,-64.42295,0.0951245,0.08784319,0.6587355,-3.031291
82.58815,-64.95186,0.08469868,0.09205217,0.6543057,-3.031609
82.59739,-65.43028,0.07598969,0.09635529,0.649855,-3.031931
82.60578,-65.82426,0.06929271,0.1003318,0.6458053,-3.032228
82.61417,-66.18335,0.06363827,0.1043688,0.6417502,-3.032527
82.62256,-66.51039,0.05889571,0.1084589,0.6376945,-3.032829
82.63095,-66.80793,0.05489577,0.112595,0.6336426,-3.033134
82.63901,-67.06806,0.05161181,0.1166035,0.6297595,-3.033429
82.64706,-67.30514,0.04881874,0.1206428,0.6258867,-3.033726
82.65512,-67.52096,0.04645111,0.1247078,0.6220269,-3.034025
82.66318,-67.71714,0.04442819,0.1287936,0.6181827,-3.034325
82.67159,-67.90264,0.04260693,0.133078,0.6141873,-3.03464
82.68,-68.06987,0.0410544,0.1373754,0.6102139,-3.034957
82.68841,-68.22025,0.03973529,0.1416813,0.6062646,-3.035275
82.69683,-68.35504,0.03860357,0.1459915,0.6023414,-3.035594
82.70601,-68.48572,0.03753602,0.1506951,0.5980924,-3.035943
82.71519,-68.6006,0.03662982,0.1553946,0.5938786,-3.036294
82.72436,-68.70094,0.03586569,0.1600857,0.5897017,-3.036645
82.73354,-68.78787,0.03521505,0.1647646,0.5855634,-3.036997
82.74391,-68.87121,0.03458609,0.1700311,0.5809365,-3.037396
82.75428,-68.94006,0.03406518,0.1752725,0.5763625,-3.037796
82.76465,-68.99562,0.0336416,0.1804846,0.5718429,-3.038196
82.77502,-69.03895,0.03329574,0.1856634,0.5673793,-3.038597
82.78708,-69.07524,0.0329696,0.1916373,0.562262,-3.039063
82.79914,-69.09767,0.03272543,0.1975565,0.5572234,-3.039529
82.81119,-69.10745,0.03255694,0.2034165,0.5522648,-3.039996
82.82325,-69.10568,0.03244915,0.2092134,0.5473873,-3.040463
82.83763,-69.08976,0.03238288,0.2160418,0.5416757,-3.041019
82.85201,-69.06019,0.03238753,0.2227702,0.536082,-3.041575
82.86639,-69.01827,0.03245907,0.2293941,0.5306071,-3.042131
82.88078,-68.96511,0.03258479,0.2359096,0.5252516,-3.042685
82.89832,-68.88651,0.03279608,0.2437061,0.5188811,-3.043361
82.91587,-68.79426,0.0330777,0.2513317,0.5126889,-3.044034
82.93341,-68.68978,0.03342799,0.2587826,0.5066749,-3.044706
82.95095,-68.57429,0.03383332,0.2660555,0.5008387,-3.045376
82.9718,-68.42424,0.03436521,0.2744604,0.4941358,-3.046169
82.99264,-68.26174,0.03497449,0.2826079,0.4876809,-3.046959
83.01348,-68.08817,0.03566928,0.2904961,0.4814719,-3.047744
83.03432,-67.90472,0.0364205,0.2981239,0.4755063,-3.048526
83.05498,-67.71416,0.03718816,0.3054279,0.4698303,-3.049297
83.07564,-67.51586,0.03802704,0.3124759,0.4643881,-3.050064
83.0963,-67.31068,0.03895541,0.3192685,0.4591766,-3.050827
83.11695,-67.09932,0.03992891,0.3258068,0.4541927,-3.051585
83.13569,-66.90285,0.04081715,0.3315171,0.4498672,-3.052268
83.15442,-66.70232,0.04176045,0.3370207,0.4457237,-3.052948
83.17316,-66.49816,0.04277139,0.3423191,0.4417594,-3.053623
83.19189,-66.29071,0.04381966,0.3474136,0.4379717,-3.054295
83.21025,-66.08453,0.04485702,0.3522104,0.4344285,-3.054949
83.22861,-65.87586,0.04594261,0.3568147,0.4310498,-3.0556
83.24697,-65.66499,0.04708711,0.3612281,0.427833,-3.056246
83.26533,-65.45215,0.04826723,0.3654524,0.4247756,-3.056889
83.28447,-65.22845,0.04950978,0.3696562,0.4217556,-3.057554
83.3036,-65.00315,0.05080328,0.3736585,0.4189028,-3.058215
83.32274,-64.77651,0.05216121,0.3774614,0.4162144,-3.058872
83.34188,-64.5487,0.0535565,0.3810671,0.4136871,-3.059524
83.36157,-64.31324,0.05500204,0.3845737,0.4112518,-3.06019
83.38126,-64.07698,0.05650159,0.387876,0.4089807,-3.060851
83.40095,-63.84014,0.05807062,0.3909764,0.4068706,-3.061508
83.42065,-63.60283,0.05967851,0.3938772,0.4049182,-3.06216
83.4408,-63.35949,0.06133239,0.3966423,0.4030796,-3.062822
83.46096,-63.116,0.06304272,0.3992034,0.4013993,-3.063479
83.48112,-62.87253,0.06482612,0.4015626,0.3998738,-3.064132
83.50128,-62.62911,0.06664999,0.4037228,0.3984998,-3.064779
83.52206,-62.37817,0.06853802,0.4057444,0.3972379,-3.065441
83.54284,-62.12753,0.07048606,0.4075595,0.3961296,-3.066097
83.56363,-61.87734,0.07251243,0.4091709,0.3951713,-3.066749
83.58441,-61.62754,0.07458184,0.4105813,0.3943592,-3.067395
83.60595,-61.36903,0.07673294,0.4118336,0.3936682,-3.068058
83.62748,-61.1111,0.07894934,0.412876,0.3931263,-3.068716
83.64901,-60.85387,0.08125176,0.4137111,0.39273,-3.069369
83.67055,-60.59716,0.08360124,0.4143422,0.3924751,-3.070015
83.69289,-60.33106,0.08604666,0.4147846,0.392356,-3.07068
83.71524,-60.06559,0.08856509,0.4150133,0.3923813,-3.071339
83.73759,-59.80083,0.09118028,0.4150313,0.3925472,-3.071992
83.75993,-59.53646,0.09384893,0.4148418,0.3928494,-3.072639
83.78313,-59.26196,0.09662886,0.4144293,0.3933033,-3.073304
83.80633,-58.98783,0.09949343,0.4137995,0.3938962,-3.073963
83.82953,-58.71412,0.1024705,0.4129553,0.3946246,-3.074615
83.85273,-58.44029,0.1055117,0.4119003,0.3954844,-3.075261
83.87679,-58.15545,0.1086813,0.4105873,0.3965106,-3.075923
83.90086,-57.87027,0.1119539,0.4090534,0.3976708,-3.076579
83.92492,-57.58478,0.1153632,0.4073014,0.3989617,-3.077228
83.94898,-57.29812,0.1188548,0.4053348,0.4003796,-3.077869
83.97387,-56.99936,0.1224938,0.4030791,0.4019754,-3.078526
83.99876,-56.69892,0.1262658,0.4005988,0.403701,-3.079174
84.02364,-56.39674,0.1302128,0.3978956,0.4055543,-3.079815
84.04853,-56.09148,0.1342739,0.3949726,0.407532,-3.080448
84.07413,-55.77264,0.1385048,0.3917402,0.4096928,-3.081091
84.09972,-55.44971,0.142919,0.3882774,0.4119823,-3.081726
84.12532,-55.12245,0.1475717,0.3845837,0.4144,-3.082352
84.15092,-54.7887,0.1523955,0.380661,0.4169442,-3.08297
84.17702,-54.43901,0.1574204,0.3764262,0.4196679,-3.083591
84.20313,-54.08088,0.1627163,0.3719491,0.4225254,-3.084202
84.22924,-53.71363,0.1683614,0.3672249,0.4255197,-3.084804
84.25534,-53.33358,0.1742846,0.3622525,0.4286521,-3.085396
84.28166,-52.93311,0.1804646,0.3569869,0.431951,-3.085982
84.30797,-52.51596,0.1870787,0.3514522,0.4354022,-3.086558
84.33428,-52.08022,0.1942488,0.345635,0.4390154,-3.087122
84.3606,-51.61905,0.2019142,0.3395261,0.4427979,-3.087673
84.38672,-51.12769,0.2099592,0.3331605,0.4467299,-3.088209
84.41285,-50.60246,0.218769,0.326464,0.4508604,-3.088731
84.43897,-50.03798,0.2285619,0.3194042,0.4552131,-3.089239
84.4651,-49.41984,0.2393341,0.3119528,0.4598095,-3.089731
84.49058,-48.74741,0.2508032,0.3042737,0.4645537,-3.090195
84.51606,-48.00066,0.2637864,0.2961189,0.4696054,-3.09064
84.54154,-47.16331,0.2787459,0.2874116,0.4750216,-3.091065
84.56703,-46.20007,0.2958909,0.2780751,0.4808618,-3.091467
84.59146,-45.11424,0.3146674,0.2684429,0.486931,-3.091828
84.61589,-43.8436,0.336872,0.2579838,0.4935808,-3.09216
84.64033,-42.33659,0.3636037,0.2465185,0.5009592,-3.092457
84.66476,-40.49812,0.395705,0.2338645,0.5092373,-3.092714
84.68827,-38.31331,0.4326857,0.2203763,0.5182548,-3.092915
84.71177,-35.61386,0.4779109,0.2053001,0.5286392,-3.093058
84.73528,-32.30392,0.532681,0.1885211,0.5407534,-3.09313
84.75879,-28.32683,0.5967568,0.1702187,0.5549501,-3.093117
84.78299,-23.62021,0.671009,0.150307,0.5720891,-3.092997
84.80719,-18.77555,0.7460209,0.130461,0.591798,-3.092761
84.83139,-14.49599,0.8128199,0.1117982,0.6135035,-3.092413
84.85559,-11.65955,0.8648638,0.09510015,0.6360665,-3.091978
84.86779,-11.03261,0.8842314,0.08756835,0.6472612,-3.091739
84.87999,-10.94292,0.899018,0.08063859,0.6580552,-3.091495
84.89218,-11.37433,0.9095217,0.07430467,0.6682723,-3.091254
84.90438,-12.29266,0.9161824,0.06855201,0.6777756,-3.091021
84.91658,-13.64068,0.9193619,0.06336351,0.6864574,-3.090801
84.92878,-15.34859,0.9193591,0.05871916,0.6942427,-3.090601
84.94098,-17.34778,0.916382,0.05460023,0.7010897,-3.090423
84.95318,-19.56687,0.9103146,0.05099671,0.7069788,-3.090271
84.96918,-22.69714,0.8971227,0.04703956,0.7132563,-3.090115
84.98518,-25.97696,0.8781595,0.04391773,0.7179516,-3.09001
85.00119,-29.31579,0.8532013,0.04159809,0.7211537,-3.089957
85.01719,-32.63065,0.8210798,0.04006842,0.7229558,-3.089958
85.03247,-35.72903,0.78319,0.03932385,0.7234732,-3.090008
85.04775,-38.74538,0.7382153,0.03924622,0.722912,-3.090105
85.06303,-41.66146,0.6860591,0.03981826,0.7213575,-3.090247
85.07831,-44.47715,0.6278456,0.04101659,0.7189032,-3.090434
85.09303,-47.09687,0.5676574,0.04274557,0.7157706,-3.090653
85.10775,-49.60523,0.5042814,0.04504265,0.7119447,-3.09091
85.12247,-51.98235,0.4392874,0.04790713,0.7074912,-3.091203
85.13719,-54.20843,0.3753567,0.05132826,0.7024834,-3.091529
85.15007,-56.01457,0.3224716,0.05476578,0.6977068,-3.091841
85.16294,-57.67441,0.2735337,0.05860704,0.6926087,-3.092175
85.17582,-59.18058,0.2295631,0.06283274,0.6872367,-3.092529
85.1887,-60.53172,0.1912238,0.06741834,0.6816362,-3.092902
85.19732,-61.35214,0.1688043,0.0706776,0.6777777,-3.093161
85.20595,-62.10737,0.1489667,0.07407575,0.6738481,-3.093427
85.21458,-62.80061,0.1316253,0.07760289,0.6698585,-3.093699
85.2232,-63.43533,0.1165861,0.08124899,0.6658192,-3.093976
85.23183,-64.01529,0.1035976,0.08500396,0.6617395,-3.094259
85.24046,-64.54456,0.09250649,0.08885784,0.6576281,-3.094547
85.24908,-65.02701,0.08312848,0.09280102,0.6534928,-3.094839
85.25771,-65.46625,0.07520363,0.0968242,0.6493405,-3.095135
85.2661,-65.85537,0.06864277,0.1008063,0.645291,-3.095426
85.2745,-66.20994,0.0631038,0.1048478,0.6412368,-3.09572
85.28289,-66.53279,0.05845818,0.1089415,0.6371826,-3.096018
85.29128,-66.82644,0.05453953,0.1130802,0.6331327,-3.096317
85.29935,-67.08334,0.05131858,0.1170943,0.6292481,-3.096608
85.30741,-67.31739,0.04857887,0.1211386,0.6253741,-3.0969
85.31548,-67.53034,0.04625622,0.1252078,0.6215137,-3.097194
85.32354,-67.72381,0.0442714,0.1292972,0.6176693,-3.09749
85.33199,-67.907,0.0424807,0.1335934,0.6136659,-3.097801
85.34043,-68.07199,0.0409545,0.137902,0.6096849,-3.098113
85.34887,-68.2202,0.0396581,0.1422184,0.6057286,-3.098427
85.35731,-68.3529,0.03854614,0.1465386,0.6017987,-3.098742
85.36653,-68.48151,0.03749624,0.1512584,0.5975375,-3.099087
85.37575,-68.59437,0.03660566,0.1559733,0.5933121,-3.099433
85.38497,-68.69271,0.03585548,0.1606792,0.5891242,-3.09978
85.3942,-68.77767,0.03521744,0.165372,0.5849756,-3.100128
85.40463,-68.85891,0.0346008,0.1706597,0.5803322,-3.100523
85.41506,-68.92566,0.03409133,0.1759212,0.5757426,-3.100918
85.42549,-68.97912,0.03367846,0.1811524,0.5712083,-3.101314
85.43592,-69.02037,0.03334277,0.1863492,0.5667309,-3.10171
85.44806,-69.05428,0.03302761,0.1923498,0.5615926,-3.102171
85.4602,-69.07431,0.03279418,0.1982941,0.5565344,-3.102633
85.47234,-69.08169,0.03263624,0.2041776,0.5515576,-3.103095
85.48448,-69.0775,0.03253889,0.2099963,0.5466634,-3.103557
85.49898,-69.05866,0.03248502,0.2168577,0.5409259,-3.104109
85.51349,-69.02614,0.03250226,0.2236166,0.5353086,-3.10466
85.52799,-68.98124,0.03258662,0.2302684,0.5298124,-3.10521
85.54249,-68.92508,0.0327254,0.2368093,0.5244377,-3.10576
85.56021,-68.84268,0.03295323,0.2446433,0.5180385,-3.10643
85.57792,-68.7466,0.03325212,0.2523022,0.5118213,-3.107098
85.59564,-68.63825,0.03362056,0.2597821,0.5057859,-3.107765
85.61335,-68.51886,0.03404463,0.2670799,0.4999317,-3.108429
85.6343,-68.3649,0.03459621,0.2754721,0.4932415,-3.109212
85.65525,-68.19858,0.03522602,0.2836036,0.4868017,-3.109991
85.6762,-68.02128,0.03594294,0.2914725,0.4806102,-3.110766
85.69715,-67.8342,0.03671657,0.2990779,0.4746646,-3.111537
85.71773,-67.64185,0.03749873,0.3062941,0.4690591,-3.112291
85.73832,-67.44197,0.03835195,0.3132559,0.4636854,-3.11304
85.7589,-67.2354,0.03929456,0.3199641,0.4585406,-3.113786
85.77948,-67.02281,0.04028224,0.3264197,0.4536213,-3.114527
85.79817,-66.82518,0.04118433,0.3320616,0.4493491,-3.115195
85.81685,-66.62359,0.04214128,0.3374979,0.4452575,-3.115859
85.83553,-66.41846,0.04316544,0.3427301,0.4413441,-3.11652
85.85422,-66.21014,0.04422713,0.3477596,0.437606,-3.117177
85.87262,-66.00212,0.04528355,0.3525177,0.4340927,-3.11782
85.89103,-65.79165,0.04638866,0.3570823,0.4307444,-3.118459
85.90943,-65.57903,0.04755325,0.3614552,0.4275586,-3.119093
85.92783,-65.36449,0.04875391,0.3656382,0.4245326,-3.119724
85.94702,-65.139,0.05001842,0.3697991,0.421545,-3.120378
85.96621,-64.91196,0.05133452,0.3737577,0.4187253,-3.121027
85.9854,-64.68363,0.05271591,0.3775159,0.4160703,-3.121671
86.00459,-64.45418,0.05413516,0.3810759,0.4135771,-3.122311
86.02432,-64.21724,0.05560445,0.3845322,0.411179,-3.122964
86.04405,-63.97954,0.05712834,0.3877835,0.4089453,-3.123613
86.06378,-63.74132,0.05872245,0.3908322,0.4068729,-3.124256
86.08351,-63.50266,0.06035592,0.3936807,0.4049583,-3.124895
86.10372,-63.25787,0.06203701,0.3963929,0.4031577,-3.125544
86.12392,-63.01297,0.06377521,0.3989002,0.4015157,-3.126188
86.14413,-62.76812,0.06558731,0.4012049,0.4000289,-3.126827
86.16433,-62.52336,0.06744046,0.4033098,0.3986937,-3.127461
86.18518,-62.27092,0.06935999,0.4052745,0.3974714,-3.12811
86.20602,-62.01881,0.07134035,0.4070318,0.396403,-3.128753
86.22687,-61.76719,0.0734001,0.4085843,0.395485,-3.129391
86.24771,-61.51596,0.07550361,0.409935,0.3947134,-3.130024
86.26932,-61.25591,0.07769096,0.4111248,0.3940644,-3.130674
86.29092,-60.99646,0.07994467,0.4121034,0.393565,-3.131318
86.31252,-60.73771,0.08228573,0.4128738,0.3932113,-3.131956
86.33412,-60.47948,0.08467479,0.4134391,0.3929994,-3.132589
86.35655,-60.21174,0.08716221,0.4138122,0.3929252,-3.133239
86.37897,-59.94462,0.08972404,0.4139704,0.3929956,-3.133884
86.40139,-59.67819,0.09238446,0.4139167,0.3932068,-3.134522
86.42381,-59.41211,0.09509966,0.4136545,0.3935547,-3.135154
86.44709,-59.13577,0.09792897,0.4131653,0.3940562,-3.135804
86.47037,-58.85973,0.100845,0.4124576,0.3946971,-3.136448
86.49365,-58.58405,0.1038761,0.4115342,0.3954738,-3.137084
86.51693,-58.30817,0.1069735,0.4103988,0.3963821,-3.137715
86.54107,-58.02109,0.1102025,0.4090012,0.397459,-3.138361
86.56522,-57.73356,0.1135378,0.4073815,0.3986701,-3.139001
86.58936,-57.44559,0.1170137,0.4055421,0.4000125,-3.139633
86.6135,-57.15628,0.1205753,0.4034868,0.4014822,-3.140259
86.63846,-56.85464,0.1242883,0.4011388,0.4031316,-3.140898
86.66343,-56.55109,0.1281395,0.3985645,0.4049115,-3.141529
86.68839,-56.24556,0.1321721,0.3957654,0.4068198,-3.142153
86.71335,-55.93662,0.1363247,0.3927448,0.4088533,-3.142768
86.739,-55.61379,0.1406522,0.3894122,0.4110712,-3.143393
86.76466,-55.28645,0.1451719,0.3858471,0.4134188,-3.144009
86.79032,-54.95432,0.1499411,0.3820484,0.4158962,-3.144617
86.81597,-54.6151,0.1548919,0.378018,0.4185017,-3.145215
86.84211,-54.25943,0.1600514,0.3736748,0.421287,-3.145816
86.86825,-53.89452,0.1654979,0.3690857,0.4242085,-3.146407
86.89439,-53.51962,0.1713137,0.3642453,0.4272698,-3.146989
86.92053,-53.13073,0.1774283,0.3591516,0.4304727,-3.14756
86.94684,-52.72045,0.1838128,0.3537663,0.4338416,-3.148124
86.97314,-52.2919,0.1906627,0.3481052,0.4373677,-3.148677
86.99945,-51.84289,0.1981085,0.3421532,0.4410619,-3.149219
87.02576,-51.36595,0.2060933,0.3358994,0.4449327,-3.149748
87.05182,-50.85668,0.2144866,0.3293914,0.4489531,-3.150259
87.07789,-50.31002,0.2237116,0.3225386,0.4531824,-3.150756
87.10396,-49.71973,0.2340075,0.3153045,0.4576471,-3.151239
87.13002,-49.06977,0.2453858,0.307657,0.4623719,-3.151705
87.15539,-48.36002,0.2575361,0.2997791,0.4672493,-3.152141
87.18076,-47.56703,0.2713625,0.2913939,0.4724582,-3.152559
87.20612,-46.67179,0.287382,0.282415,0.4780629,-3.152954
87.23149,-45.6341,0.3058577,0.2727553,0.4841317,-3.153326
87.25577,-44.45721,0.3261975,0.2627687,0.4904583,-3.153654
87.28006,-43.06924,0.3503982,0.251879,0.4974279,-3.153952
87.30434,-41.41043,0.3796854,0.239889,0.5052098,-3.154212
87.32863,-39.37391,0.4150119,0.2266037,0.5140005,-3.154428
87.35214,-36.93318,0.456124,0.212312,0.523705,-3.154584
87.37565,-33.90868,0.5062893,0.1963389,0.534967,-3.154677
87.39916,-30.22386,0.5662882,0.1786814,0.5481715,-3.15469
87.42267,-25.90614,0.6348203,0.1597349,0.5636447,-3.154609
87.44761,-20.8642,0.7132328,0.1390828,0.5828261,-3.154405
87.47255,-16.13831,0.7870686,0.1191963,0.6044425,-3.154078
87.4975,-12.59896,0.846846,0.1011554,0.6274423,-3.153647
87.52244,-10.99498,0.8883473,0.08549939,0.6503488,-3.15315
87.53735,-11.14825,0.9043495,0.0773285,0.66327,-3.152844
87.55226,-12.05162,0.9143652,0.07003304,0.6752223,-3.152546
87.56717,-13.61009,0.9190822,0.06358241,0.6859797,-3.152267
87.58208,-15.71226,0.9189168,0.05794881,0.695407,-3.152015
87.59699,-18.22543,0.9138718,0.05310993,0.7034295,-3.151798
87.61191,-21.03186,0.9043239,0.04902705,0.710028,-3.15162
87.62682,-24.02954,0.8903121,0.04566974,0.7152313,-3.151486
87.64173,-27.11545,0.8708956,0.04303405,0.7190847,-3.151397
87.65647,-30.17719,0.8456192,0.04112794,0.7216385,-3.151355
87.67121,-33.21095,0.8142119,0.03988295,0.723032,-3.151357
87.68595,-36.18231,0.7763276,0.03927734,0.7233491,-3.151405
87.70069,-39.07419,0.731982,0.03928783,0.7226768,-3.151495
87.71217,-41.26936,0.6931791,0.0397084,0.7215225,-3.151594
87.72366,-43.40851,0.6508283,0.04048393,0.7198532,-3.151719
87.73514,-45.48767,0.6052836,0.04161025,0.7177024,-3.151867
87.74663,-47.50416,0.5572571,0.04308249,0.715105,-3.152039
87.75812,-49.45367,0.5076473,0.04489711,0.712095,-3.152234
87.7696,-51.32569,0.4572521,0.04705435,0.708703,-3.152451
87.78109,-53.10945,0.4070456,0.04955221,0.7049615,-3.152689
87.79258,-54.79429,0.3581943,0.05238569,0.7009044,-3.152946
87.80616,-56.64538,0.3036958,0.0561608,0.6957445,-3.153275
87.81975,-58.33027,0.2540841,0.06037732,0.690247,-3.153628
87.83334,-59.84303,0.2103892,0.06500995,0.684467,-3.154003
87.84693,-61.18498,0.1731204,0.07002752,0.6784564,-3.154396
87.85467,-61.87665,0.1547471,0.0730476,0.6749441,-3.154629
87.86242,-62.51753,0.1383951,0.07617396,0.6713808,-3.154866
87.87017,-63.11013,0.1239733,0.07939932,0.6677743,-3.155109
87.87792,-63.65711,0.1113304,0.08271641,0.6641316,-3.155355
87.88567,-64.16124,0.100286,0.08611796,0.6604592,-3.155606
87.89342,-64.62543,0.09071544,0.08959683,0.6567632,-3.155861
87.90117,-65.05245,0.08247862,0.0931461,0.653049,-3.156118
87.90892,-65.44491,0.07539795,0.0967591,0.6493218,-3.156379
87.91736,-65.83601,0.0687905,0.1007597,0.6452521,-3.156667
87.9258,-66.19219,0.06321669,0.1048203,0.6411777,-3.156958
87.93424,-66.51629,0.05854637,0.1089334,0.6371034,-3.157252
87.94268,-66.81089,0.05461018,0.113092,0.6330335,-3.157548
87.95075,-67.06721,0.05139203,0.1171048,0.6291496,-3.157833
87.95882,-67.30067,0.04865463,0.1211477,0.6252764,-3.158121
87.96689,-67.51304,0.04633388,0.1252153,0.6214168,-3.15841
87.97497,-67.70594,0.04435071,0.1293031,0.6175733,-3.1587
87.98342,-67.88867,0.04256018,0.1336009,0.6135677,-3.159007
87.99187,-68.05319,0.0410344,0.1379109,0.6095846,-3.159314
88.00033,-68.2009,0.03973867,0.1422287,0.6056262,-3.159623
88.00878,-68.33308,0.03862756,0.14655,0.6016945,-3.159933
88.01802,-68.46111,0.03757865,0.1512714,0.597431,-3.160273
88.02725,-68.57337,0.03668929,0.1559877,0.5932034,-3.160614
88.03649,-68.67109,0.03594051,0.1606946,0.5890136,-3.160956
88.04573,-68.75542,0.03530402,0.1653884,0.5848631,-3.161298
88.05618,-68.83595,0.03468913,0.1706783,0.5802166,-3.161687
88.06663,-68.90196,0.03418165,0.1759418,0.5756242,-3.162076
88.07708,-68.95467,0.03377098,0.1811746,0.5710874,-3.162466
88.08753,-68.99514,0.03343766,0.1863727,0.5666077,-3.162856
88.09969,-69.02813,0.03312539,0.1923766,0.5614652,-3.163311
88.11186,-69.04722,0.03289512,0.1983237,0.5564032,-3.163766
88.12403,-69.05363,0.03274059,0.2042095,0.5514231,-3.164222
88.1362,-69.04845,0.03264689,0.21003,0.546526,-3.164677
88.15074,-69.02839,0.03259765,0.2168968,0.5407825,-3.165221
88.16529,-68.99461,0.03261991,0.2236601,0.5351599,-3.165764
88.17983,-68.94841,0.03270964,0.2303155,0.5296591,-3.166307
88.19437,-68.89093,0.03285413,0.236859,0.5242806,-3.166848
88.21215,-68.80682,0.03308953,0.2447008,0.5178732,-3.167509
88.22993,-68.70898,0.03339658,0.252366,0.5116492,-3.168169
88.24771,-68.59884,0.03377381,0.2598505,0.5056084,-3.168826
88.26549,-68.47763,0.03420719,0.2671513,0.4997503,-3.169481
88.28648,-68.32168,0.03476935,0.2755345,0.4930654,-3.170252
88.30748,-68.15338,0.03541046,0.2836555,0.4866323,-3.171019
88.32848,-67.97411,0.03613971,0.2915123,0.4804487,-3.171782
88.34948,-67.78507,0.03692611,0.2991042,0.4745122,-3.172541
88.37004,-67.59142,0.03771834,0.3062838,0.4689338,-3.173281
88.39061,-67.39032,0.03858194,0.3132091,0.4635868,-3.174016
88.41118,-67.18256,0.0395353,0.319881,0.4584684,-3.174747
88.43175,-66.96884,0.04053404,0.3263007,0.4535753,-3.175474
88.45043,-66.77014,0.04144683,0.3319126,0.4493247,-3.17613
88.4691,-66.56751,0.04241471,0.3373189,0.4452546,-3.176782
88.48778,-66.36137,0.04344997,0.3425211,0.4413626,-3.17743
88.50646,-66.15207,0.0445231,0.3475207,0.4376458,-3.178074
88.52489,-65.94271,0.04559325,0.3522582,0.4341468,-3.178705
88.54333,-65.73092,0.04671252,0.3568015,0.4308134,-3.179333
88.56176,-65.517,0.04789183,0.3611524,0.427643,-3.179956
88.58019,-65.30118,0.04910763,0.3653127,0.4246329,-3.180576
88.59941,-65.07438,0.05038817,0.3694493,0.4216624,-3.181217
88.61863,-64.84605,0.05172083,0.3733826,0.4188603,-3.181854
88.63785,-64.61645,0.05311945,0.3771149,0.4162235,-3.182487
88.65707,-64.38576,0.05455637,0.3806483,0.4137489,-3.183115
88.67683,-64.14761,0.05604377,0.3840756,0.4113709,-3.183756
88.69659,-63.90874,0.05758629,0.3872974,0.4091577,-3.184392
88.71635,-63.66935,0.05919968,0.3903159,0.4071061,-3.185023
88.73611,-63.42956,0.06085289,0.3931335,0.4052127,-3.185649
88.75635,-63.18356,0.06255502,0.3958143,0.4034337,-3.186286
88.77659,-62.93746,0.06431484,0.3982893,0.4018137,-3.186917
88.79683,-62.69145,0.06614929,0.400561,0.4003493,-3.187543
88.81707,-62.44553,0.06802532,0.402632,0.3990369,-3.188164
88.83795,-62.19183,0.06996936,0.4045616,0.3978381,-3.1888
88.85884,-61.93849,0.07197494,0.4062829,0.3967937,-3.18943
88.87973,-61.68564,0.07406078,0.4077986,0.3959,-3.190055
88.90062,-61.4332,0.07619099,0.4091115,0.3951533,-3.190675
88.92227,-61.17186,0.07840679,0.4102614,0.3945303,-3.191311
88.94392,-60.91111,0.08068982,0.4111992,0.3940573,-3.191942
88.96557,-60.65107,0.0830613,0.4119278,0.3937305,-3.192566
88.98722,-60.39154,0.08548158,0.4124503,0.3935458,-3.193185
89.00969,-60.12241,0.08800222,0.412778,0.3935003,-3.193822
89.03216,-59.85387,0.09059844,0.4128899,0.3935998,-3.194452
89.05464,-59.58602,0.09329471,0.4127888,0.3938405,-3.195076
89.07711,-59.31848,0.0960469,0.4124781,0.3942183,-3.195694
89.10045,-59.04056,0.09891556,0.4119374,0.3947514,-3.196329
89.12378,-58.7629,0.1018726,0.4111771,0.3954242,-3.196958
89.14712,-58.48556,0.1049469,0.4102001,0.3962333,-3.19758
89.17045,-58.20793,0.1080891,0.4090099,0.3971745,-3.198195
89.19465,-57.91896,0.1113657,0.4075543,0.3982857,-3.198826
89.21885,-57.62945,0.1147513,0.4058754,0.3995318,-3.19945
89.24305,-57.33939,0.1182807,0.4039756,0.4009097,-3.200067
89.26725,-57.04785,0.1218986,0.4018585,0.4024155,-3.200677
89.29227,-56.74379,0.1256712,0.3994458,0.4041024,-3.201299
89.31728,-56.43763,0.1295863,0.3968053,0.4059206,-3.201914
89.34229,-56.1293,0.1336881,0.3939385,0.4078679,-3.202521
89.36731,-55.81731,0.1379147,0.3908485,0.4099414,-3.20312
89.39301,-55.49114,0.1423205,0.3874445,0.4122003,-3.203727
89.4187,-55.16012,0.1469258,0.3838058,0.4145901,-3.204325
89.4444,-54.82395,0.1517897,0.3799314,0.417111,-3.204915
89.4701,-54.48019,0.156844,0.3758227,0.4197618,-3.205496
89.49626,-54.11954,0.1621134,0.3714005,0.4225927,-3.206077
89.52242,-53.749,0.1676831,0.3667294,0.4255619,-3.20665
89.54858,-53.36773,0.1736387,0.3618031,0.4286737,-3.207212
89.57474,-52.9715,0.1799104,0.3566191,0.4319301,-3.207764
89.60104,-52.55305,0.1864635,0.3511444,0.4353524,-3.208308
89.62734,-52.115,0.193508,0.3453881,0.4389361,-3.20884
89.65363,-51.65493,0.2011818,0.3393337,0.4426933,-3.209361
89.67993,-51.1648,0.2094317,0.332969,0.4466335,-3.209869
89.70595,-50.64051,0.2181149,0.3263513,0.4507236,-3.210358
89.73197,-50.07583,0.2276868,0.3193769,0.4550315,-3.210833
89.75798,-49.46381,0.238404,0.312006,0.4595862,-3.211293
89.784,-48.78694,0.250292,0.304203,0.464415,-3.211735
89.80928,-48.04552,0.2630177,0.2961661,0.4694014,-3.212147
89.83455,-47.21313,0.2775586,0.2875949,0.4747396,-3.21254
89.85982,-46.2684,0.294479,0.278395,0.4805006,-3.212909
89.8851,-45.1668,0.3140895,0.2684703,0.4867602,-3.213253
89.90927,-43.91135,0.3357705,0.2581892,0.4933048,-3.213553
89.93344,-42.42177,0.3616855,0.2469403,0.5005468,-3.213821
89.95762,-40.63151,0.3931591,0.2345138,0.5086736,-3.214048
89.98179,-38.42479,0.4312193,0.220709,0.5179033,-3.214227
90.00535,-35.76175,0.475912,0.205735,0.5282181,-3.214346
90.02891,-32.4619,0.5301939,0.1890369,0.5402561,-3.214393
90.05247,-28.47722,0.5941972,0.1707319,0.5544078,-3.214355
90.07604,-23.93125,0.6655439,0.151409,0.5709497,-3.214216
90.09341,-20.41189,0.7200464,0.1370671,0.5847535,-3.214042
90.11079,-17.06275,0.7720815,0.1231554,0.5997408,-3.213809
90.12817,-14.1997,0.818182,0.1100578,0.6155642,-3.213521
90.14555,-12.13314,0.8560762,0.09802251,0.6317474,-3.21319
90.15741,-11.313,0.8766209,0.09048227,0.6427042,-3.212948
90.16928,-10.99859,0.8927839,0.08350894,0.6533601,-3.212698
90.18114,-11.18665,0.9047699,0.07710161,0.6635427,-3.212448
90.19301,-11.85497,0.9129646,0.07124955,0.6731124,-3.212203
90.20487,-12.95809,0.9177319,0.0659378,0.6819543,-3.211969
90.21674,-14.43507,0.9193762,0.06114853,0.6899834,-3.21175
90.2286,-16.22345,0.9181338,0.05686432,0.6971461,-3.211551
90.24047,-18.25703,0.9139805,0.05307431,0.7034118,-3.211374
90.25705,-21.38384,0.9027486,0.04859284,0.7106493,-3.21117
90.27364,-24.72599,0.8856168,0.04501594,0.7161637,-3.21102
90.29023,-28.17381,0.8625051,0.04230326,0.7200422,-3.210926
90.30682,-31.61871,0.8318725,0.04044922,0.7223789,-3.210889
90.32163,-34.63674,0.7973649,0.03950474,0.7232598,-3.210904
90.33644,-37.58508,0.7562704,0.0391933,0.7230981,-3.210963
90.35125,-40.44449,0.7084364,0.03949712,0.7219734,-3.211065
90.36606,-43.21241,0.6546129,0.04039417,0.7199713,-3.21121
90.3815,-46.00409,0.5935978,0.04194029,0.717038,-3.211403
90.39694,-48.67978,0.5282968,0.04411304,0.7133104,-3.211638
90.41239,-51.21815,0.4602447,0.04691258,0.708863,-3.211913
90.42783,-53.59873,0.3925634,0.05032606,0.7037814,-3.212227
90.4406,-55.43092,0.3392344,0.05360135,0.6991615,-3.212513
90.45338,-57.12284,0.2893678,0.05727785,0.6942106,-3.212822
90.46615,-58.66555,0.2440531,0.0613386,0.688975,-3.213151
90.47892,-60.05587,0.204098,0.06576125,0.6835001,-3.213499
90.48804,-60.95663,0.1790586,0.06912675,0.6794671,-3.213758
90.49716,-61.78326,0.1569318,0.07265206,0.6753486,-3.214025
90.50629,-62.53922,0.1376511,0.07632565,0.6711582,-3.214298
90.51541,-63.22839,0.1210064,0.08013575,0.6669083,-3.214579
90.52453,-63.85515,0.1067049,0.08407043,0.6626106,-3.214865
90.53365,-64.4243,0.09458072,0.08811787,0.6582752,-3.215157
90.54277,-64.94046,0.08442447,0.09226665,0.6539117,-3.215454
90.5519,-65.40786,0.07591867,0.09650576,0.6495284,-3.215755
90.5603,-65.79898,0.06926906,0.1004835,0.6454777,-3.216036
90.56871,-66.15529,0.06365495,0.1045211,0.6414219,-3.216321
90.57712,-66.47962,0.05894639,0.1086112,0.637366,-3.216608
90.58553,-66.77454,0.05497517,0.1127467,0.6333142,-3.216898
90.59361,-67.03249,0.05171131,0.1167585,0.6294271,-3.217178
90.60169,-67.26741,0.04893587,0.1208006,0.6255506,-3.217461
90.60977,-67.48108,0.04658372,0.1248679,0.6216875,-3.217745
90.61785,-67.67511,0.04457449,0.1289556,0.6178403,-3.218032
90.6263,-67.85857,0.04276417,0.1332459,0.6138379,-3.218332
90.63475,-68.02374,0.04122179,0.1375487,0.6098579,-3.218634
90.6432,-68.17203,0.03991217,0.1418593,0.6059024,-3.218938
90.65165,-68.30472,0.03878939,0.1461738,0.6019735,-3.219242
90.66088,-68.4332,0.03773018,0.1508858,0.5977147,-3.219576
90.6701,-68.54585,0.03683221,0.1555929,0.5934917,-3.219911
90.67933,-68.64392,0.03607627,0.1602909,0.5893062,-3.220247
90.68856,-68.72854,0.0354338,0.1649759,0.58516,-3.220584
90.699,-68.80933,0.03481349,0.170254,0.58052,-3.220965
90.70943,-68.87557,0.03430153,0.175506,0.5759338,-3.221347
90.71987,-68.92845,0.0338872,0.1807274,0.571403,-3.22173
90.73031,-68.96908,0.03355087,0.1859144,0.5669291,-3.222114
90.74246,-69.00221,0.03323581,0.1919047,0.561794,-3.22256
90.75461,-69.0214,0.03300335,0.1978385,0.5567392,-3.223007
90.76676,-69.02788,0.03284714,0.2037112,0.551766,-3.223454
90.77891,-69.02274,0.03275221,0.209519,0.5468755,-3.223901
90.79343,-69.00269,0.03270196,0.2163712,0.5411393,-3.224435
90.80795,-68.96889,0.03272367,0.2231204,0.5355238,-3.224969
90.82248,-68.92264,0.03281324,0.2297619,0.5300298,-3.225502
90.837,-68.86508,0.03295793,0.236292,0.5246579,-3.226034
90.85476,-68.78079,0.03319413,0.244121,0.5182555,-3.226683
90.87252,-68.68273,0.03350243,0.2517735,0.5120363,-3.227331
90.89028,-68.57233,0.03388131,0.2592458,0.5060002,-3.227977
90.90804,-68.45083,0.03431672,0.2665347,0.5001466,-3.22862
90.92904,-68.29428,0.03488258,0.2749149,0.4934583,-3.229378
90.95005,-68.12532,0.03552801,0.2830324,0.4870222,-3.230132
90.97105,-67.94533,0.03626212,0.2908855,0.4808362,-3.230883
90.99205,-67.75552,0.03705396,0.2984731,0.4748977,-3.231629
91.01265,-67.5609,0.03785275,0.3056544,0.469313,-3.232357
91.03324,-67.35878,0.03872353,0.3125805,0.4639607,-3.23308
91.05383,-67.14998,0.03968477,0.3192523,0.4588378,-3.233799
91.07443,-66.93518,0.04069192,0.3256709,0.4539411,-3.234514
91.09312,-66.73549,0.04161258,0.3312807,0.4496883,-3.235159
91.11182,-66.53186,0.04258882,0.3366841,0.4456168,-3.2358
91.13052,-66.32471,0.04363301,0.3418826,0.4417239,-3.236437
91.14922,-66.1144,0.04471549,0.3468778,0.4380071,-3.23707
91.16767,-65.90408,0.04579479,0.3516089,0.4345096,-3.23769
91.18611,-65.69134,0.04692365,0.3561452,0.4311783,-3.238307
91.20456,-65.47646,0.04811304,0.3604886,0.4280105,-3.238919
91.22301,-65.2597,0.04933929,0.3646407,0.4250035,-3.239528
91.24224,-65.03193,0.05063088,0.3687676,0.4220371,-3.240157
91.26148,-64.80264,0.05197503,0.3726908,0.4192396,-3.240783
91.28071,-64.57208,0.05338564,0.3764123,0.4166079,-3.241404
91.29994,-64.34044,0.05483495,0.3799344,0.4141389,-3.24202
91.31972,-64.1013,0.05633555,0.3833498,0.4117667,-3.242649
91.33949,-63.86144,0.05789175,0.3865591,0.40956,-3.243272
91.35927,-63.62108,0.05951935,0.3895644,0.4075154,-3.243892
91.37904,-63.38032,0.0611872,0.3923683,0.4056295,-3.244506
91.3993,-63.13328,0.06290497,0.3950347,0.4038582,-3.24513
91.41956,-62.88616,0.06468095,0.3974947,0.4022465,-3.245749
91.43982,-62.63914,0.06653217,0.3997506,0.4007909,-3.246363
91.46008,-62.39221,0.06842543,0.4018052,0.3994878,-3.246972
91.48099,-62.13745,0.07038788,0.4037173,0.398299,-3.247595
91.50191,-61.88305,0.07241247,0.4054203,0.3972651,-3.248212
91.52282,-61.62914,0.07451802,0.4069169,0.3963825,-3.248824
91.54373,-61.37566,0.07666849,0.4082099,0.3956473,-3.249431
91.56541,-61.11319,0.07890593,0.4093385,0.3950367,-3.250054
91.58708,-60.85132,0.08121132,0.4102541,0.3945767,-3.250672
91.60876,-60.59017,0.08360604,0.4109596,0.3942633,-3.251283
91.63044,-60.32952,0.08605021,0.4114582,0.3940927,-3.251889
91.65295,-60.05918,0.08859643,0.4117603,0.3940621,-3.252512
91.67545,-59.78943,0.09121917,0.4118455,0.3941771,-3.253128
91.69796,-59.52035,0.0939431,0.4117168,0.394434,-3.253739
91.72046,-59.25156,0.09672387,0.4113776,0.3948284,-3.254343
91.74383,-58.97228,0.0996231,0.4108063,0.3953792,-3.254964
91.7672,-58.69324,0.1026121,0.4100144,0.3960704,-3.255578
91.79057,-58.41447,0.1057199,0.4090046,0.3968984,-3.256185
91.81394,-58.13536,0.108897,0.4077807,0.397859,-3.256786
91.83817,-57.8448,0.112211,0.4062891,0.3989911,-3.257402
91.86241,-57.5536,0.1156359,0.404573,0.4002585,-3.258011
91.88665,-57.26179,0.1192072,0.4026348,0.4016584,-3.258613
91.91088,-56.96838,0.1228692,0.4004782,0.4031869,-3.259207
91.93593,-56.6623,0.1266889,0.3980236,0.4048978,-3.259814
91.96097,-56.35398,0.1306544,0.39534,0.4067407,-3.260412
91.98602,-56.04332,0.1348107,0.3924285,0.4087136,-3.261003
92.01107,-55.7288,0.1390956,0.3892923,0.4108136,-3.261586
92.03679,-55.39988,0.1435636,0.3858403,0.4131,-3.262176
92.06251,-55.06584,0.1482368,0.3821518,0.4155185,-3.262758
92.08824,-54.72635,0.1531759,0.3782256,0.4180694,-3.263331
92.11396,-54.37888,0.1583123,0.3740629,0.4207517,-3.263895
92.14013,-54.01415,0.1636694,0.3695858,0.4236147,-3.264459
92.16631,-53.63902,0.1693375,0.3648569,0.426618,-3.265013
92.19248,-53.25256,0.1754047,0.3598697,0.4297661,-3.265557
92.21865,-52.85036,0.181802,0.354621,0.4330616,-3.266091
92.24494,-52.42525,0.1884904,0.3490818,0.4365233,-3.266616
92.27122,-51.97946,0.1956915,0.343256,0.44015,-3.26713
92.29751,-51.51038,0.2035488,0.3371261,0.4439547,-3.267631
92.3238,-51.00953,0.2120124,0.3306786,0.4479475,-3.26812
92.34977,-50.47297,0.2209304,0.3239786,0.4520912,-3.268589
92.37575,-49.89359,0.2307837,0.3169118,0.4564602,-3.269044
92.40173,-49.26378,0.2418433,0.3094359,0.4610853,-3.269482
92.42771,-48.56486,0.2541467,0.3015123,0.465996,-3.269904
92.45291,-47.79741,0.2673429,0.293351,0.471069,-3.270294
92.47811,-46.93255,0.2824696,0.284633,0.476511,-3.270664
92.50332,-45.94692,0.3001304,0.2752574,0.4823979,-3.27101
92.52852,-44.79238,0.3206753,0.2651209,0.4888123,-3.271329
92.55261,-43.47158,0.3434666,0.2546013,0.4955359,-3.271605
92.5767,-41.89729,0.3708009,0.2430609,0.5030024,-3.271846
92.60079,-39.99752,0.404077,0.2302816,0.5114145,-3.272045
92.62489,-37.65021,0.4443686,0.2160617,0.5210072,-3.272193
92.64853,-34.8014,0.4920532,0.2005255,0.5318448,-3.272277
92.67217,-31.27766,0.549639,0.183258,0.5445434,-3.272286
92.69581,-27.06311,0.6165836,0.1644891,0.5594876,-3.272202
92.71945,-22.37591,0.6895534,0.144962,0.5768936,-3.272014
92.73497,-19.25899,0.7378144,0.1322622,0.5896587,-3.271829
92.75048,-16.36068,0.7831681,0.1200174,0.6032941,-3.271597
92.766,-13.91116,0.8232245,0.108479,0.6175168,-3.271324
92.78152,-12.12614,0.8565024,0.09780759,0.6319705,-3.271018
92.79341,-11.31616,0.8769698,0.09027252,0.6429359,-3.270767
92.80529,-11.01359,0.8930502,0.08330582,0.6535954,-3.270511
92.81718,-11.21447,0.9049518,0.07690636,0.6637766,-3.270254
92.82906,-11.89587,0.9130608,0.07106327,0.6733398,-3.270002
92.84095,-13.01168,0.9177398,0.06576151,0.6821704,-3.269761
92.85283,-14.50052,0.9192929,0.06098317,0.6901841,-3.269536
92.86472,-16.29962,0.9179547,0.05671076,0.6973277,-3.26933
92.8766,-18.34252,0.9136959,0.05293349,0.7035713,-3.269147
92.89315,-21.46608,0.9023609,0.04848826,0.7107471,-3.268936
92.90969,-24.80076,0.8851401,0.04494201,0.7162108,-3.268778
92.92624,-28.23821,0.8619433,0.04225495,0.7200495,-3.268675
92.94278,-31.67167,0.8312596,0.04042101,0.722357,-3.26863
92.95762,-34.69277,0.7965904,0.03948681,0.7232218,-3.268637
92.97245,-37.64358,0.7553106,0.03918722,0.7230419,-3.268688
92.98729,-40.50488,0.7072709,0.03950444,0.7218974,-3.268783
93.00213,-43.27425,0.6532391,0.04041638,0.7198744,-3.26892
93.01754,-46.05524,0.5922895,0.04197167,0.7169327,-3.269105
93.03294,-48.72053,0.5271178,0.04414996,0.7132024,-3.269331
93.04835,-51.24886,0.4592604,0.04695133,0.7087575,-3.269598
93.06376,-53.61984,0.3918108,0.05036302,0.7036832,-3.269902
93.07654,-55.45007,0.3385137,0.05364513,0.6990571,-3.270182
93.08932,-57.13975,0.2887005,0.05732841,0.6941003,-3.270483
93.1021,-58.68002,0.243457,0.06139576,0.6888594,-3.270806
93.11488,-60.06776,0.203584,0.06582471,0.6833797,-3.271147
93.12399,-60.96478,0.1786571,0.06918693,0.6793526,-3.2714
93.1331,-61.788,0.1566299,0.07270804,0.6752405,-3.271661
93.14221,-62.54087,0.1374348,0.07637655,0.6710571,-3.271929
93.15132,-63.22728,0.1208619,0.08018077,0.6668147,-3.272204
93.16043,-63.85156,0.1066198,0.0841088,0.6625247,-3.272485
93.16953,-64.41851,0.09454301,0.0881489,0.6581975,-3.272771
93.17864,-64.93269,0.084423,0.09228971,0.6538423,-3.273062
93.18775,-65.39835,0.07594476,0.09652028,0.6494676,-3.273357
93.19616,-65.78882,0.06930177,0.1004983,0.6454161,-3.273634
93.20458,-66.14449,0.06369343,0.1045361,0.6413598,-3.273913
93.21299,-66.46818,0.05898986,0.1086261,0.6373034,-3.274196
93.2214,-66.76246,0.05502295,0.1127614,0.6332512,-3.274481
93.22949,-67.01986,0.05176197,0.116774,0.6293628,-3.274757
93.23758,-67.25422,0.04898921,0.1208167,0.625485,-3.275035
93.24567,-67.46732,0.04663953,0.1248844,0.6216208,-3.275315
93.25376,-67.66078,0.0446326,0.1289724,0.6177727,-3.275597
93.26222,-67.84368,0.04282413,0.1332639,0.6137683,-3.275893
93.27068,-68.00827,0.04128361,0.1375678,0.6097864,-3.27619
93.27914,-68.15598,0.03997584,0.1418793,0.6058293,-3.276489
93.2876,-68.28808,0.03885493,0.1461945,0.6018989,-3.276789
93.29684,-68.41593,0.03779751,0.1509083,0.5976374,-3.277118
93.30608,-68.52793,0.03690145,0.155617,0.5934119,-3.277448
93.31532,-68.62534,0.0361475,0.1603164,0.5892242,-3.277779
93.32456,-68.70929,0.03550709,0.1650024,0.5850759,-3.27811
93.33502,-68.78932,0.03488904,0.1702831,0.5804323,-3.278486
93.34547,-68.85478,0.0343795,0.1755374,0.5758428,-3.278863
93.35593,-68.90688,0.03396772,0.1807608,0.5713091,-3.279241
93.36638,-68.9467,0.0336341,0.1859493,0.5668325,-3.279618
93.37856,-68.97889,0.03332222,0.1919435,0.5616925,-3.280059
93.39074,-68.99711,0.03309318,0.1978807,0.5566333,-3.280499
93.40291,-69.0026,0.0329406,0.2037562,0.5516561,-3.28094
93.41509,-68.99644,0.0328495,0.2095662,0.5467621,-3.281381
93.42965,-68.97515,0.03280408,0.2164246,0.5410189,-3.281907
93.44422,-68.94007,0.03283096,0.2231789,0.5353972,-3.282434
93.45878,-68.8925,0.03292603,0.2298248,0.5298979,-3.282959
93.47335,-68.83361,0.03307652,0.2363582,0.5245214,-3.283484
93.49117,-68.74759,0.0333204,0.2441959,0.5181097,-3.284125
93.50899,-68.64776,0.03363695,0.2518555,0.5118828,-3.284764
93.52681,-68.53554,0.03402469,0.2593332,0.5058403,-3.285401
93.54464,-68.4122,0.03446945,0.2666258,0.4999817,-3.286036
93.56569,-68.25368,0.03504584,0.2749972,0.4932983,-3.286782
93.58674,-68.08275,0.03570248,0.2831043,0.4868684,-3.287525
93.60779,-67.90081,0.03644879,0.2909455,0.4806898,-3.288265
93.62884,-67.70907,0.03725326,0.2985197,0.4747598,-3.289
93.64941,-67.5132,0.03806184,0.3056645,0.4692017,-3.289714
93.66998,-67.30989,0.03894269,0.3125544,0.4638757,-3.290424
93.69056,-67.09995,0.03991431,0.3191902,0.4587787,-3.29113
93.71113,-66.88408,0.04093212,0.3255731,0.4539075,-3.291831
93.72982,-66.68335,0.04186318,0.3311534,0.4496755,-3.292463
93.74851,-66.47871,0.04285002,0.3365275,0.4456246,-3.293092
93.7672,-66.27059,0.04390497,0.3416968,0.4417523,-3.293717
93.78589,-66.05933,0.04499852,0.3466627,0.438056,-3.294338
93.80436,-65.8477,0.04609123,0.3513739,0.434572,-3.294948
93.82284,-65.63367,0.04723394,0.3558896,0.4312547,-3.295554
93.84132,-65.41753,0.0484377,0.3602116,0.4281014,-3.296156
93.85979,-65.19951,0.04967873,0.3643417,0.4251095,-3.296753
93.87906,-64.97047,0.05098595,0.3684449,0.4221594,-3.297372
93.89832,-64.73992,0.05234625,0.3723436,0.4193786,-3.297986
93.91758,-64.50814,0.05377364,0.37604,0.4167642,-3.298595
93.93684,-64.27529,0.05524018,0.3795361,0.4143129,-3.2992
93.95664,-64.03498,0.05675843,0.3829236,0.4119598,-3.299817
93.97644,-63.79397,0.0583328,0.3861042,0.4097726,-3.300429
93.99624,-63.55249,0.05997918,0.3890803,0.4077479,-3.301037
94.01604,-63.31063,0.06166628,0.3918543,0.4058821,-3.301639
94.03633,-63.06242,0.06340458,0.3944902,0.4041314,-3.302251
94.05662,-62.81413,0.06520168,0.3969189,0.4025407,-3.302858
94.07692,-62.56597,0.06707472,0.3991429,0.4011064,-3.30346
94.09721,-62.31792,0.06899031,0.4011647,0.399825,-3.304057
94.11816,-62.06194,0.07097672,0.4030429,0.3986586,-3.304667
94.13911,-61.80632,0.07302595,0.404711,0.3976476,-3.305272
94.16006,-61.55123,0.075157,0.4061718,0.3967883,-3.305872
94.18102,-61.29656,0.0773336,0.4074282,0.3960768,-3.306466
94.20274,-61.03282,0.07959888,0.4085182,0.3954911,-3.307077
94.22446,-60.76969,0.08193299,0.4093942,0.3950563,-3.307681
94.24618,-60.50727,0.08435752,0.4100592,0.3947687,-3.30828
94.26791,-60.24535,0.0868323,0.4105164,0.3946241,-3.308873
94.29046,-59.97364,0.08941113,0.4107745,0.394621,-3.309482
94.31302,-59.7025,0.09206765,0.4108147,0.394764,-3.310085
94.33557,-59.43201,0.09482684,0.41064,0.3950492,-3.310682
94.35813,-59.16179,0.09764399,0.4102537,0.3954723,-3.311273
94.38155,-58.88095,0.100582,0.4096326,0.3960534,-3.311879
94.40497,-58.60029,0.1036114,0.4087897,0.3967753,-3.312479
94.42839,-58.31987,0.1067619,0.4077278,0.3976345,-3.313073
94.45181,-58.03903,0.1099834,0.4064506,0.3986267,-3.313659
94.4761,-57.74658,0.1133445,0.4049028,0.3997919,-3.314261
94.50039,-57.4534,0.1168193,0.4031292,0.4010931,-3.314855
94.52468,-57.15949,0.1204438,0.4011323,0.4025272,-3.315441
94.54897,-56.86384,0.1241619,0.3989156,0.4040906,-3.316021
94.57406,-56.55532,0.1280411,0.3963982,0.4058378,-3.316612
94.59916,-56.24436,0.1320705,0.3936503,0.4077176,-3.317195
94.62425,-55.93087,0.1362962,0.3906729,0.4097284,-3.31777
94.64934,-55.61324,0.1406555,0.3874691,0.4118673,-3.318336
94.67511,-55.28092,0.1452025,0.3839475,0.4141935,-3.31891
94.70087,-54.94312,0.1499623,0.3801874,0.416653,-3.319475
94.72663,-54.59946,0.1549975,0.3761872,0.4192465,-3.32003
94.75239,-54.24732,0.1602394,0.3719479,0.421973,-3.320577
94.77858,-53.87744,0.1657088,0.3673937,0.4248807,-3.321123
94.80477,-53.49646,0.1715033,0.3625843,0.427931,-3.321659
94.83095,-53.10336,0.1777147,0.3575126,0.4311289,-3.322185
94.85714,-52.69347,0.1842748,0.3521748,0.4344775,-3.322701
94.88341,-52.25975,0.1911385,0.3465473,0.4379923,-3.323206
94.90969,-51.80392,0.1985432,0.3406271,0.4416768,-3.3237
94.93596,-51.32308,0.2066404,0.334395,0.4455449,-3.324182
94.96223,-50.80812,0.2153846,0.327836,0.449608,-3.32465
94.98816,-50.25542,0.2246111,0.3210253,0.4538228,-3.325098
95.01408,-49.65655,0.2348358,0.3138348,0.4582726,-3.325531
95.04001,-49.00308,0.2463496,0.3062185,0.462991,-3.325948
95.06593,-48.27464,0.2592065,0.298134,0.4680106,-3.326347
95.09104,-47.47221,0.2730317,0.2898063,0.4731988,-3.326714
95.11615,-46.56354,0.2889446,0.2808921,0.4787789,-3.32706
95.14126,-45.52246,0.3076024,0.2712814,0.4848342,-3.327381
95.16637,-44.29588,0.3294097,0.2608611,0.4914562,-3.327673
95.19036,-42.88574,0.3537092,0.2500196,0.4984222,-3.327921
95.21435,-41.19531,0.3829718,0.2380866,0.506194,-3.328132
95.23834,-39.14563,0.4186844,0.2248353,0.5149942,-3.328298
95.26233,-36.60795,0.4619548,0.2100698,0.5250807,-3.328409
95.28613,-33.50355,0.513754,0.1937671,0.5366593,-3.328453
95.30993,-29.68297,0.575659,0.1757664,0.5502866,-3.328414
95.33372,-25.18642,0.6460166,0.1564643,0.5663215,-3.328275
95.35752,-20.37938,0.7201814,0.1367913,0.5848703,-3.328026
95.37138,-17.68613,0.7621308,0.1256617,0.5967487,-3.327828
95.38523,-15.26563,0.8007127,0.1150087,0.6092144,-3.327595
95.39909,-13.27937,0.8344044,0.104983,0.6220306,-3.327331
95.41294,-11.86852,0.8623893,0.09567657,0.6349262,-3.327044
95.4268,-11.13598,0.8844428,0.08713095,0.6476045,-3.326741
95.44065,-11.09309,0.9006712,0.07935701,0.6597619,-3.326433
95.45451,-11.71015,0.911468,0.07234599,0.6711435,-3.32613
95.46836,-12.93302,0.917473,0.06607541,0.681564,-3.325839
95.48047,-14.42933,0.9192045,0.06117966,0.6897782,-3.325602
95.49258,-16.24934,0.9178707,0.05681153,0.6970906,-3.325385
95.5047,-18.32665,0.9136246,0.0529535,0.7034718,-3.325191
95.51681,-20.59324,0.9063009,0.04959672,0.7089117,-3.325024
95.53252,-23.71312,0.8916712,0.04597727,0.7145834,-3.324849
95.54824,-26.94631,0.8712828,0.04315525,0.7187548,-3.324725
95.56396,-30.21318,0.8448526,0.04110076,0.7215145,-3.324651
95.57967,-33.44451,0.8114204,0.03979828,0.7229551,-3.324629
95.5954,-36.60465,0.7706321,0.03922197,0.7231848,-3.324657
95.61112,-39.67376,0.7223532,0.03934338,0.7223019,-3.324734
95.62685,-42.63347,0.6665465,0.0401462,0.7203963,-3.324858
95.64257,-45.48478,0.6047178,0.04160569,0.7175694,-3.325029
95.65686,-47.98193,0.545121,0.04348469,0.7142828,-3.325221
95.67114,-50.36891,0.483158,0.04589538,0.7103679,-3.325449
95.68543,-52.62649,0.4204076,0.04883611,0.7058852,-3.32571
95.69971,-54.73573,0.3592877,0.05229648,0.7009011,-3.326002
95.71269,-56.50702,0.3071807,0.05587902,0.6959941,-3.326292
95.72567,-58.12728,0.2594364,0.05986449,0.6907763,-3.326604
95.73865,-59.59088,0.2169879,0.06423133,0.6852957,-3.326937
95.75163,-60.89822,0.1803441,0.06895293,0.6795981,-3.327287
95.75964,-61.6292,0.1606701,0.07202911,0.6759939,-3.327511
95.76764,-62.30525,0.1431752,0.07522071,0.6723328,-3.327741
95.77565,-62.92907,0.1277713,0.07851977,0.6686232,-3.327976
95.78366,-63.50352,0.1142987,0.08191828,0.6648734,-3.328216
95.79166,-64.03162,0.1025606,0.08540821,0.6610904,-3.32846
95.79967,-64.51659,0.09242453,0.08898168,0.6572812,-3.328708
95.80768,-64.96148,0.08373846,0.09263101,0.6534519,-3.32896
95.81568,-65.36919,0.07630396,0.09634883,0.6496081,-3.329215
95.82415,-65.76301,0.06958071,0.1003477,0.6455324,-3.329488
95.83262,-66.12149,0.06390982,0.1044071,0.6414516,-3.329765
95.84109,-66.4475,0.05915915,0.1085196,0.6373706,-3.330044
95.84956,-66.74368,0.05515654,0.1126779,0.6332939,-3.330326
95.85765,-67.00103,0.05188745,0.1166881,0.629406,-3.330598
95.86574,-67.23531,0.04910775,0.1207285,0.6255287,-3.330871
95.87383,-67.4483,0.0467522,0.1247939,0.621665,-3.331147
95.88193,-67.64161,0.04474035,0.1288794,0.6178174,-3.331424
95.89039,-67.82443,0.04292671,0.1331708,0.6138114,-3.331715
95.89886,-67.9889,0.04138208,0.1374743,0.609828,-3.332008
95.90733,-68.13644,0.04007111,0.1417856,0.6058694,-3.332302
95.9158,-68.26833,0.03894773,0.1461003,0.6019376,-3.332598
95.92504,-68.39591,0.03788843,0.1508129,0.5976753,-3.332921
95.93429,-68.5076,0.03699107,0.1555203,0.5934491,-3.333246
95.94354,-68.60467,0.03623631,0.1602182,0.5892608,-3.333572
95.95279,-68.68826,0.03559551,0.1649027,0.585112,-3.333899
95.96326,-68.76787,0.03497735,0.1701821,0.5804675,-3.334269
95.97372,-68.83287,0.03446811,0.1754348,0.5758772,-3.33464
95.98418,-68.88449,0.03405699,0.1806565,0.5713428,-3.335012
95.99465,-68.92381,0.0337243,0.1858432,0.5668657,-3.335384
96.00684,-68.95539,0.0334138,0.1918362,0.5617243,-3.335817
96.01903,-68.97298,0.03318646,0.1977719,0.5566638,-3.336251
96.03122,-68.9778,0.03303589,0.2036458,0.5516857,-3.336686
96.04341,-68.97097,0.03294706,0.2094538,0.5467911,-3.33712
96.05799,-68.94882,0.03290468,0.2163121,0.5410451,-3.337639
96.07258,-68.91285,0.03293498,0.2230659,0.5354211,-3.338157
96.08717,-68.86436,0.03303382,0.2297106,0.5299198,-3.338675
96.10175,-68.80452,0.0331884,0.2362425,0.524542,-3.339192
96.11961,-68.71726,0.03343783,0.2440822,0.5181254,-3.339824
96.13747,-68.61614,0.03376047,0.251743,0.5118944,-3.340454
96.15534,-68.50261,0.03415484,0.2592207,0.5058489,-3.341082
96.1732,-68.37791,0.03460669,0.2665123,0.4999883,-3.341707
96.19428,-68.21786,0.03519145,0.2748762,0.4933074,-3.342442
96.21536,-68.04539,0.03585711,0.2829748,0.486881,-3.343174
96.23644,-67.86191,0.03661328,0.2908063,0.4807069,-3.343902
96.25752,-67.66862,0.03742807,0.2983698,0.4747824,-3.344625
96.27809,-67.47161,0.03824534,0.3054899,0.4692407,-3.345327
96.29866,-67.26719,0.03913523,0.312355,0.463931,-3.346025
96.31922,-67.05617,0.04011632,0.318966,0.4588504,-3.346718
96.33979,-66.83925,0.04114394,0.325324,0.4539957,-3.347406
96.35848,-66.63752,0.04208452,0.3308837,0.4497771,-3.348028
96.37717,-66.4319,0.04308117,0.3362369,0.4457398,-3.348646
96.39586,-66.22281,0.04414621,0.3413851,0.4418812,-3.349259
96.41455,-66.01061,0.04525018,0.3463297,0.4381987,-3.349869
96.43305,-65.7978,0.04635488,0.3510253,0.4347244,-3.350469
96.45155,-65.5826,0.04751,0.3555248,0.4314172,-3.351064
96.47005,-65.36531,0.04872669,0.3598299,0.4282747,-3.351655
96.48855,-65.14616,0.04998105,0.3639424,0.425294,-3.352242
96.50784,-64.91596,0.05130234,0.3680264,0.4223562,-3.35285
96.52712,-64.68427,0.0526772,0.3719052,0.4195883,-3.353453
96.54641,-64.45137,0.05411973,0.375581,0.4169871,-3.354051
96.56569,-64.21742,0.05560183,0.379056,0.4145496,-3.354645
96.58551,-63.97602,0.05713619,0.3824207,0.4122114,-3.355251
96.60534,-63.73394,0.05872718,0.3855779,0.4100394,-3.355851
96.62516,-63.4914,0.06039076,0.38853,0.4080303,-3.356447
96.64498,-63.2485,0.0620955,0.3912793,0.4061805,-3.357038
96.6653,-62.99917,0.06385265,0.3938901,0.4044461,-3.357638
96.68562,-62.74979,0.06566915,0.3962929,0.4028722,-3.358234
96.70594,-62.50054,0.06756226,0.3984902,0.4014551,-3.358824
96.72626,-62.25143,0.06949842,0.4004846,0.4001913,-3.359409
96.74725,-61.9943,0.07150687,0.4023342,0.3990432,-3.360007
96.76824,-61.73754,0.0735788,0.4039729,0.398051,-3.3606
96.78922,-61.48132,0.07573336,0.4054034,0.3972109,-3.361188
96.81021,-61.22553,0.07793406,0.4066287,0.3965191,-3.36177
96.83197,-60.96059,0.08022506,0.4076858,0.3959541,-3.362368
96.85373,-60.69625,0.08258571,0.408528,0.3955405,-3.36296
96.87549,-60.43264,0.0850378,0.4091582,0.3952745,-3.363546
96.89725,-60.16951,0.08754091,0.4095797,0.3951519,-3.364126
96.91985,-59.89649,0.09014995,0.4097999,0.3951722,-3.364722
96.94245,-59.62403,0.0928378,0.4098013,0.3953389,-3.365313
96.96505,-59.35221,0.09562971,0.4095867,0.3956482,-3.365896
96.98764,-59.08062,0.09848066,0.4091596,0.396096,-3.366474
97.01111,-58.7983,0.1014547,0.4084951,0.3967031,-3.367067
97.03458,-58.51611,0.1045218,0.4076076,0.3974516,-3.367653
97.05805,-58.23411,0.107712,0.4065002,0.3983377,-3.368233
97.08152,-57.95162,0.1109748,0.4051763,0.3993574,-3.368805
97.10585,-57.65737,0.1143801,0.4035791,0.4005516,-3.369392
97.13018,-57.3623,0.1179014,0.4017549,0.4018823,-3.369972
97.15452,-57.0664,0.1215756,0.3997061,0.4033465,-3.370544
97.17885,-56.76862,0.1253462,0.3974363,0.4049406,-3.371109
97.20399,-56.45778,0.1292812,0.3948632,0.4067198,-3.371684
97.22913,-56.14431,0.1333706,0.3920582,0.4086325,-3.372252
97.25426,-55.82812,0.1376616,0.3890221,0.410677,-3.372811
97.2794,-55.50751,0.1420909,0.385758,0.4128505,-3.373363
97.30519,-55.17195,0.1467124,0.3821742,0.4152123,-3.37392
97.33098,-54.83056,0.151554,0.37835,0.4177087,-3.374469
97.35678,-54.48293,0.15668,0.3742833,0.4203406,-3.375008
97.38257,-54.12631,0.1620218,0.369975,0.4231072,-3.375538
97.40877,-53.7515,0.1675978,0.3653511,0.4260553,-3.376067
97.43497,-53.36492,0.1735125,0.360469,0.4291484,-3.376585
97.46117,-52.96544,0.1798613,0.3553205,0.432392,-3.377094
97.48737,-52.54815,0.1865769,0.3499014,0.4357894,-3.377591
97.51363,-52.10614,0.1936084,0.3441933,0.4393532,-3.378078
97.53989,-51.64062,0.2012085,0.3381864,0.4430911,-3.378553
97.56614,-51.14838,0.2095365,0.3318599,0.4470183,-3.379016
97.5924,-50.61974,0.2185515,0.3251975,0.4511473,-3.379464
97.61827,-50.05133,0.2280767,0.3182838,0.4554289,-3.379893
97.64415,-49.43346,0.2386619,0.3109776,0.4599552,-3.380305
97.67002,-48.75681,0.250618,0.3032292,0.4647623,-3.380701
97.69589,-47.99939,0.2640159,0.2949922,0.4698859,-3.381078
97.72092,-47.16248,0.2784583,0.2865059,0.4751851,-3.381423
97.74594,-46.21047,0.2951447,0.2774034,0.4808989,-3.381745
97.77096,-45.11436,0.3147858,0.2675663,0.4871179,-3.382042
97.79598,-43.81608,0.3378405,0.2568719,0.4939428,-3.382308
97.81989,-42.31667,0.3636392,0.2457156,0.5011489,-3.38253
97.84379,-40.50993,0.3948163,0.2333992,0.5092241,-3.382713
97.8677,-38.3107,0.4329278,0.2196915,0.5184107,-3.382847
97.8916,-35.58607,0.4790799,0.2044102,0.5289874,-3.382922
97.91562,-32.22451,0.5350241,0.1873441,0.5413431,-3.382926
97.93964,-28.12102,0.6009939,0.1686627,0.5559325,-3.382838
97.96366,-23.38562,0.6740334,0.1489369,0.5730668,-3.382645
97.98768,-18.54615,0.7482728,0.1292467,0.5927117,-3.382336
98.00042,-16.21398,0.7851625,0.1192769,0.6039979,-3.382127
98.01315,-14.19516,0.8183989,0.1097906,0.6156687,-3.381889
98.02588,-12.60622,0.8470131,0.1008802,0.6275173,-3.381629
98.03862,-11.54169,0.870605,0.09259826,0.639323,-3.381351
98.05135,-11.06174,0.8891848,0.08496497,0.6508554,-3.381064
98.06409,-11.1639,0.9029408,0.07798227,0.6618889,-3.380774
98.07682,-11.81828,0.9122374,0.07164,0.6722353,-3.38049
98.08955,-12.97656,0.9175328,0.06592064,0.6817543,-3.380217
98.10205,-14.53425,0.9191649,0.06089479,0.6901905,-3.379966
98.11455,-16.43252,0.9175493,0.05642921,0.6976645,-3.379737
98.12705,-18.5988,0.9128536,0.05250454,0.7041462,-3.379533
98.13955,-20.95854,0.9048656,0.04911187,0.7096268,-3.379358
98.15514,-24.07109,0.8897204,0.04561348,0.7150815,-3.379182
98.17074,-27.28473,0.868837,0.04289779,0.7190673,-3.379055
98.18634,-30.52372,0.8419143,0.04093604,0.7216724,-3.378979
98.20193,-33.72349,0.8080645,0.03971178,0.7229885,-3.378953
98.21784,-36.91171,0.7661555,0.03919542,0.7231139,-3.378977
98.23375,-40.00528,0.7165875,0.0393904,0.7221108,-3.379051
98.24965,-42.98555,0.6593442,0.04028084,0.7200715,-3.379174
98.26556,-45.85387,0.5960974,0.04184134,0.7171004,-3.379343
98.2797,-48.30973,0.5367093,0.04377504,0.7137576,-3.379531
98.29384,-50.65547,0.4752425,0.04622872,0.7098079,-3.379753
98.30797,-52.87208,0.4132747,0.04920033,0.7053103,-3.380007
98.32211,-54.94101,0.3531386,0.05267944,0.7003291,-3.380292
98.33513,-56.69867,0.3013619,0.05631795,0.6953723,-3.380579
98.34814,-58.3036,0.2541021,0.06035889,0.6901089,-3.380887
98.36116,-59.75089,0.2122565,0.0647798,0.6845873,-3.381215
98.37417,-61.04164,0.1762715,0.06955336,0.678853,-3.381562
98.38168,-61.7178,0.1581797,0.07245675,0.6754635,-3.381769
98.38919,-62.34595,0.1419928,0.07546061,0.6720249,-3.381981
98.3967,-62.92834,0.1276321,0.07855835,0.6685444,-3.382197
98.40422,-63.46735,0.1149676,0.08174336,0.6650286,-3.382418
98.41173,-63.96549,0.1038418,0.08500902,0.6614834,-3.382642
98.41924,-64.42538,0.09414006,0.08834881,0.6579145,-3.38287
98.42675,-64.84956,0.08573368,0.09175637,0.6543271,-3.383102
98.43426,-65.24045,0.07846223,0.09522556,0.6507258,-3.383336
98.44281,-65.64779,0.0713565,0.09924163,0.6466155,-3.383607
98.45136,-66.0183,0.06536924,0.1033215,0.6424985,-3.38388
98.45991,-66.355,0.06036102,0.1074572,0.6383802,-3.384157
98.46846,-66.66065,0.05614823,0.1116413,0.6342652,-3.384436
98.47655,-66.92359,0.05274341,0.1156392,0.6303777,-3.384703
98.48464,-67.163,0.0498491,0.1196684,0.6265002,-3.384971
98.49273,-67.3807,0.04739735,0.1237238,0.6226356,-3.385242
98.50082,-67.57834,0.04530446,0.1278004,0.6187865,-3.385514
98.50926,-67.76477,0.04342443,0.1320703,0.6147907,-3.385799
98.5177,-67.93261,0.04182353,0.1363534,0.6108167,-3.386086
98.52614,-68.08329,0.04046494,0.140645,0.606867,-3.386374
98.53458,-68.21813,0.03930099,0.1449411,0.6029433,-3.386664
98.54378,-68.34841,0.03820619,0.1496231,0.5986995,-3.38698
98.55298,-68.46268,0.03727836,0.1543009,0.5944908,-3.387298
98.56217,-68.5622,0.03649743,0.1589703,0.5903193,-3.387616
98.57137,-68.64812,0.03583389,0.1636272,0.5861865,-3.387936
98.58176,-68.7301,0.0351943,0.1688672,0.5815673,-3.388297
98.59215,-68.7974,0.03466625,0.1740819,0.5770012,-3.38866
98.60253,-68.85124,0.03423851,0.1792669,0.5724899,-3.389023
98.61292,-68.8927,0.03389096,0.1844183,0.5680347,-3.389386
98.625,-68.92665,0.03356526,0.1903633,0.5629247,-3.389809
98.63709,-68.94656,0.0333241,0.1962529,0.5578941,-3.390232
98.64917,-68.95366,0.03316084,0.2020826,0.5529441,-3.390656
98.66125,-68.94905,0.03306023,0.2078484,0.5480759,-3.391079
98.67569,-68.92954,0.0330047,0.214651,0.542366,-3.391585
98.69013,-68.89617,0.03302252,0.2213519,0.5367755,-3.39209
98.70458,-68.85025,0.0331094,0.2279468,0.5313053,-3.392595
98.71902,-68.79293,0.03325246,0.2344317,0.5259561,-3.393099
98.73669,-68.70876,0.03348824,0.2422145,0.519574,-3.393715
98.75437,-68.61068,0.03379739,0.2498227,0.5133739,-3.394328
98.77204,-68.50014,0.03417816,0.2572523,0.5073556,-3.39494
98.78972,-68.3784,0.03461656,0.2645,0.5015187,-3.39555
98.81072,-68.22068,0.03519042,0.272872,0.494818,-3.396271
98.83173,-68.05033,0.03584556,0.280981,0.4883705,-3.396989
98.85273,-67.86876,0.03659082,0.2888248,0.4821741,-3.397702
98.87373,-67.67722,0.03739552,0.2964025,0.4762264,-3.398412
98.89441,-67.47992,0.03821211,0.3036031,0.4706105,-3.399107
98.91509,-67.27494,0.03910266,0.3105455,0.4652302,-3.399797
98.93577,-67.06314,0.0400859,0.3172305,0.4600823,-3.400483
98.95645,-66.84522,0.0411167,0.3236592,0.4551637,-3.401164
98.97522,-66.64269,0.04205935,0.3292732,0.4508953,-3.401779
98.99398,-66.43616,0.04305916,0.3346784,0.4468105,-3.402389
99.01275,-66.22606,0.04412876,0.3398764,0.4429066,-3.402995
99.03152,-66.01274,0.04523792,0.3448686,0.4391811,-3.403597
99.05001,-65.79981,0.04634233,0.3495863,0.4356831,-3.404187
99.06849,-65.58443,0.04749755,0.3541076,0.4323529,-3.404772
99.08698,-65.36692,0.04871471,0.3584342,0.4291877,-3.405352
99.10547,-65.14751,0.04996985,0.3625679,0.4261849,-3.405929
99.12473,-64.91707,0.05129194,0.3666725,0.4232254,-3.406526
99.144,-64.68511,0.05266784,0.3705717,0.4204363,-3.407118
99.16326,-64.4519,0.05411161,0.3742676,0.4178143,-3.407705
99.18253,-64.21761,0.05559524,0.3777624,0.4153565,-3.408288
99.20234,-63.97565,0.05713272,0.3811497,0.4129962,-3.408883
99.22216,-63.73299,0.05872716,0.3843288,0.4108029,-3.409473
99.24198,-63.48986,0.06039454,0.3873021,0.4087732,-3.410058
99.26179,-63.24634,0.06210343,0.3900721,0.4069036,-3.410638
99.28211,-62.99637,0.06386506,0.3927033,0.4051498,-3.411227
99.30242,-62.74635,0.06568641,0.3951258,0.4035571,-3.411811
99.32274,-62.49644,0.06758473,0.3973422,0.4021221,-3.41239
99.34305,-62.24665,0.06952646,0.3993551,0.4008411,-3.412964
99.36403,-61.98885,0.07154068,0.4012229,0.3996761,-3.413551
99.385,-61.73142,0.07361874,0.4028791,0.3986678,-3.414132
99.40598,-61.47452,0.0757798,0.4043266,0.3978122,-3.414708
99.42695,-61.21805,0.07798734,0.4055683,0.3971056,-3.415279
99.4487,-60.95239,0.08028583,0.4066416,0.396526,-3.415865
99.47046,-60.68733,0.08265434,0.4074994,0.3960986,-3.416444
99.49221,-60.42299,0.08511467,0.4081447,0.3958195,-3.417018
99.51396,-60.15914,0.08762641,0.4085805,0.3956845,-3.417586
99.53655,-59.88535,0.09024501,0.4088149,0.3956925,-3.41817
99.55914,-59.61211,0.09294284,0.4088297,0.3958479,-3.418748
99.58172,-59.33951,0.09574519,0.4086279,0.3961465,-3.419319
99.60431,-59.06713,0.09860705,0.4082129,0.3965844,-3.419884
99.62777,-58.78397,0.1015931,0.4075599,0.3971819,-3.420464
99.65123,-58.50093,0.1046729,0.4066833,0.3979216,-3.421037
99.67469,-58.21806,0.1078762,0.4055859,0.3987998,-3.421604
99.69815,-57.93471,0.1111528,0.4042713,0.3998123,-3.422163
99.72248,-57.63951,0.1145733,0.4026826,0.4009998,-3.422737
99.74681,-57.34348,0.1181107,0.4008661,0.4023246,-3.423302
99.77114,-57.04659,0.1218019,0.398824,0.4037839,-3.423861
99.79547,-56.7478,0.1255903,0.3965599,0.4053737,-3.424412
99.8206,-56.43583,0.129545,0.3939916,0.4071495,-3.424974
99.84574,-56.12122,0.1336554,0.3911903,0.4090597,-3.425527
99.87087,-55.80382,0.1379688,0.3881568,0.4111025,-3.426073
99.896,-55.48195,0.1424221,0.3848941,0.4132753,-3.42661
99.92179,-55.14498,0.1470699,0.3813106,0.4156373,-3.427153
99.94758,-54.8021,0.1519401,0.3774852,0.4181349,-3.427687
99.97337,-54.45287,0.1570974,0.3734161,0.4207691,-3.428212
99.99916,-54.09452,0.1624733,0.3691039,0.423539,-3.428727
100.0254,-53.71777,0.1680867,0.3644747,0.4264916,-3.429241
100.0516,-53.32906,0.174043,0.3595856,0.4295903,-3.429745
100.0778,-52.92723,0.1804387,0.3544281,0.4328409,-3.430238
100.104,-52.50728,0.1872069,0.3489981,0.4362469,-3.430721
100.1302,-52.06228,0.1942962,0.3432776,0.4398204,-3.431193
100.1565,-51.59334,0.2019627,0.3372557,0.44357,-3.431652
100.1827,-51.09715,0.2103683,0.3309113,0.447511,-3.432099
100.209,-50.56387,0.2194735,0.3242274,0.4516564,-3.432533
100.2348,-49.99012,0.2290992,0.3172907,0.4559558,-3.432945
100.2607,-49.36587,0.2398047,0.3099568,0.4605033,-3.433342
100.2865,-48.68154,0.2519069,0.302175,0.4653359,-3.433722
100.3124,-47.91459,0.2654827,0.2938977,0.4704902,-3.434083
100.3374,-47.06636,0.2801285,0.2853675,0.4758233,-3.434412
100.3624,-46.10021,0.2970686,0.2762115,0.4815785,-3.434719
100.3874,-44.98623,0.3170305,0.2663082,0.4878489,-3.434999
100.4124,-43.66477,0.3404905,0.2555324,0.4947379,-3.435249
100.4363,-42.13648,0.366777,0.2442804,0.5020213,-3.435454
100.4602,-40.29225,0.3985738,0.2318467,0.5101943,-3.435618
100.484,-38.04514,0.4374538,0.218,0.5195055,-3.435734
100.5079,-35.26164,0.4845135,0.2025643,0.5302397,-3.43579
100.532,-31.81755,0.5417978,0.1852584,0.5428548,-3.435772
100.5561,-27.62779,0.6090117,0.166375,0.5577619,-3.43566
100.5803,-22.82799,0.6827449,0.1465419,0.5752511,-3.435441
100.6044,-17.99997,0.7567667,0.126877,0.5952361,-3.435105
100.6168,-15.77774,0.792199,0.117223,0.6063719,-3.434887
100.6293,-13.87984,0.8239145,0.1080527,0.6178373,-3.434643
100.6417,-12.41121,0.8510826,0.09944516,0.6294329,-3.434379
100.6542,-11.4547,0.8734044,0.09144392,0.6409504,-3.434099
100.6667,-11.06005,0.8909457,0.08406428,0.6521753,-3.433811
100.6791,-11.22071,0.9039138,0.07730607,0.6629002,-3.433521
100.6916,-11.90595,0.9126652,0.07115869,0.6729534,-3.433237
100.704,-13.06821,0.9176168,0.06560563,0.6822059,-3.432965
100.7167,-14.67018,0.9190552,0.06054734,0.6906996,-3.432705
100.7294,-16.617,0.9171647,0.05606373,0.6982011,-3.432468
100.7421,-18.83338,0.912115,0.05213463,0.7046813,-3.432257
100.7547,-21.2419,0.9036641,0.04875126,0.7101327,-3.432076
100.7703,-24.35071,0.8881105,0.04534036,0.7154305,-3.431897
100.7858,-27.55198,0.8668196,0.04270285,0.7192799,-3.431767
100.8013,-30.77261,0.8394792,0.04081062,0.721769,-3.431687
100.8168,-33.95127,0.8052514,0.03964658,0.7229892,-3.431657
100.8329,-37.16217,0.7624144,0.03918,0.7230288,-3.431676
100.849,-40.27551,0.7117811,0.03943616,0.7219269,-3.431747
100.865,-43.27234,0.6533532,0.04039959,0.7197773,-3.431867
100.8811,-46.15423,0.5889478,0.04204433,0.7166875,-3.432034
100.8951,-48.57716,0.5297394,0.04402264,0.7132996,-3.432217
100.9091,-50.88988,0.4686836,0.04651187,0.7093214,-3.432434
100.9231,-53.07358,0.4073554,0.04950963,0.7048109,-3.432682
100.9372,-55.11004,0.3480206,0.05300544,0.6998308,-3.432959
100.9502,-56.85595,0.2965405,0.05669066,0.6948329,-3.433242
100.9633,-58.44777,0.2497028,0.06077776,0.6895322,-3.433546
100.9763,-59.8812,0.2083733,0.06524356,0.6839769,-3.43387
100.9894,-61.15792,0.1729453,0.07006011,0.6782127,-3.434212
100.998,-61.92186,0.1526682,0.07343372,0.674294,-3.434447
101.0067,-62.62309,0.1348834,0.07693761,0.6703135,-3.434689
101.0153,-63.2652,0.1194653,0.08056168,0.6662816,-3.434936
101.024,-63.85188,0.1061865,0.08429584,0.662208,-3.435189
101.0326,-64.38697,0.09477649,0.08813007,0.6581015,-3.435447
101.0413,-64.87448,0.08508087,0.0920546,0.65397,-3.435709
101.0499,-65.31819,0.07691865,0.09606004,0.6498207,-3.435975
101.0586,-65.72154,0.07004044,0.1001374,0.64566,-3.436245
101.0669,-66.0731,0.0644331,0.1041026,0.6416694,-3.436506
101.0752,-66.3934,0.059691,0.1081187,0.6376784,-3.43677
101.0835,-66.68496,0.05570302,0.112179,0.6336913,-3.437037
101.0918,-66.95004,0.05232847,0.1162772,0.6297117,-3.437306
101.0999,-67.18692,0.04948616,0.1203383,0.6258092,-3.437573
101.1081,-67.40206,0.0470683,0.1244248,0.6219203,-3.437841
101.1162,-67.59715,0.0450181,0.1285319,0.6180477,-3.438111
101.1244,-67.77372,0.04326512,0.1326549,0.6141937,-3.438382
101.133,-67.94191,0.04166579,0.1370301,0.6101384,-3.438671
101.1416,-68.09244,0.04030462,0.1414134,0.6061086,-3.438961
101.1502,-68.22666,0.03915073,0.1458003,0.6021066,-3.439253
101.1589,-68.34582,0.03816303,0.1501868,0.5981342,-3.439545
101.1684,-68.46108,0.03722472,0.155017,0.5937915,-3.439868
101.1779,-68.56079,0.03643331,0.1598374,0.5894889,-3.440193
101.1874,-68.6462,0.03577186,0.1646435,0.5852281,-3.440518
101.1969,-68.71843,0.03521424,0.1694314,0.5810106,-3.440844
101.2077,-68.78598,0.03467706,0.1748625,0.5762575,-3.441216
101.2186,-68.83908,0.03424159,0.1802604,0.5715644,-3.441589
101.2294,-68.87893,0.03389827,0.1856207,0.5669329,-3.441962
101.2403,-68.90664,0.03362871,0.1909394,0.5623642,-3.442336
101.253,-68.92496,0.03338592,0.1971208,0.5570864,-3.442775
101.2657,-68.9293,0.03322336,0.203235,0.5518983,-3.443213
101.2784,-68.92093,0.03313523,0.2092773,0.5468012,-3.443652
101.2911,-68.90094,0.03310716,0.2152437,0.541796,-3.44409
101.3064,-68.86283,0.03313649,0.2223278,0.5358878,-3.444618
101.3218,-68.81081,0.03323844,0.2292914,0.5301154,-3.445145
101.3371,-68.74625,0.03340925,0.2361302,0.5244794,-3.445671
101.3524,-68.67032,0.03363625,0.2428403,0.5189801,-3.446196
101.3712,-68.56299,0.03397565,0.2509042,0.5124107,-3.446839
101.3901,-68.44178,0.03439111,0.2587645,0.5060476,-3.447479
101.4089,-68.30817,0.03488266,0.2664176,0.4998904,-3.448117
101.4277,-68.16346,0.03543376,0.2738606,0.4939379,-3.448753
101.4491,-67.98694,0.03610627,0.2820616,0.4874202,-3.449471
101.4705,-67.79902,0.03686101,0.289987,0.481163,-3.450186
101.4919,-67.60099,0.03771181,0.2976359,0.4751635,-3.450896
101.5133,-67.39396,0.03861984,0.3050078,0.4694188,-3.451602
101.5334,-67.19256,0.03948734,0.3116685,0.4642612,-3.452259
101.5534,-66.98488,0.04042408,0.3180869,0.459322,-3.452913
101.5735,-66.77162,0.04144767,0.324264,0.4545982,-3.453561
101.5935,-66.55335,0.04251602,0.3302014,0.4500867,-3.454206
101.612,-66.34838,0.04350742,0.3354576,0.4461176,-3.454795
101.6305,-66.14004,0.04455283,0.3405132,0.4423235,-3.45538
101.6489,-65.9287,0.0456636,0.3453697,0.4387016,-3.455962
101.6674,-65.71467,0.04681312,0.3500285,0.4352494,-3.456539
101.6861,-65.4953,0.04799189,0.3545504,0.4319211,-3.45712
101.7049,-65.27378,0.04922237,0.3588728,0.4287616,-3.457697
101.7236,-65.05043,0.0505165,0.3629976,0.4257682,-3.45827
101.7423,-64.82545,0.05184947,0.3669267,0.422938,-3.458838
101.7618,-64.58979,0.0532504,0.3708102,0.4201627,-3.459424
101.7813,-64.35289,0.05470672,0.374486,0.4175579,-3.460006
101.8007,-64.115,0.0562333,0.3779563,0.4151205,-3.460584
101.8202,-63.87627,0.05780069,0.3812235,0.4128471,-3.461156
101.8402,-63.63075,0.05941879,0.384365,0.4106829,-3.461738
101.8602,-63.38476,0.06109511,0.3872976,0.4086844,-3.462315
101.8802,-63.13851,0.06284609,0.3900239,0.4068481,-3.462887
101.9001,-62.89206,0.0646395,0.3925463,0.4051705,-3.463454
101.9207,-62.63871,0.06649185,0.394928,0.4036085,-3.464032
101.9412,-62.38546,0.06840552,0.3970998,0.4022067,-3.464604
101.9617,-62.13249,0.07039837,0.3990641,0.4009614,-3.46517
101.9822,-61.87976,0.0724359,0.4008238,0.399869,-3.465732
102.0034,-61.61851,0.0745534,0.4024318,0.3988956,-3.466307
102.0247,-61.35773,0.07673701,0.4038263,0.398078,-3.466876
102.0459,-61.09757,0.07900675,0.4050102,0.3974123,-3.46744
102.0671,-60.83788,0.08132483,0.4059864,0.3968946,-3.467998
102.0892,-60.56869,0.08374026,0.4067832,0.3965095,-3.468571
102.1112,-60.30012,0.08622892,0.4073623,0.3962756,-3.469139
102.1332,-60.03226,0.08881376,0.4077268,0.396189,-3.4697
102.1553,-59.76485,0.09145283,0.4078798,0.3962454,-3.470255
102.1782,-59.48716,0.09420563,0.4078186,0.3964512,-3.470825
102.2011,-59.20992,0.09704247,0.4075355,0.3968032,-3.471389
102.2239,-58.9332,0.09999018,0.4070336,0.3972974,-3.471947
102.2468,-58.65651,0.1030019,0.4063164,0.3979298,-3.472498
102.2706,-58.36861,0.1061458,0.4053477,0.3987282,-3.473063
102.2944,-58.08057,0.1093909,0.4041531,0.3996676,-3.473621
102.3181,-57.7924,0.1127695,0.4027353,0.4007446,-3.474173
102.3419,-57.50332,0.1162289,0.4010979,0.4019552,-3.474717
102.3665,-57.2019,0.1198414,0.3991738,0.4033461,-3.475273
102.3911,-56.89908,0.1235831,0.3970194,0.4048738,-3.475822
102.4157,-56.59483,0.1274943,0.3946365,0.4065356,-3.476364
102.4404,-56.28789,0.1315162,0.3920285,0.4083281,-3.476897
102.4658,-55.96709,0.1357154,0.3891072,0.4103097,-3.477439
102.4911,-55.64264,0.1400913,0.3859494,0.4124262,-3.477973
102.5165,-55.31431,0.1446966,0.3825551,0.4146769,-3.478499
102.5419,-54.98011,0.1494661,0.3789265,0.4170594,-3.479015
102.5679,-54.62971,0.1544454,0.3749744,0.419631,-3.479535
102.5938,-54.27155,0.1596844,0.3707743,0.4223416,-3.480045
102.6198,-53.90502,0.1652573,0.3663223,0.4251935,-3.480546
102.6458,-53.52667,0.171095,0.3616178,0.4281871,-3.481037
102.672,-53.1279,0.1771968,0.3566018,0.4313599,-3.481523
102.6983,-52.71362,0.1837118,0.3513131,0.4346878,-3.481999
102.7245,-52.28209,0.1907555,0.3457395,0.4381795,-3.482463
102.7508,-51.82697,0.1982668,0.3398732,0.4418409,-3.482915
102.777,-51.3424,0.2061562,0.3337285,0.4456651,-3.483354
102.8031,-50.82633,0.2147681,0.3272542,0.4496864,-3.483779
102.8293,-50.27386,0.2243074,0.3204208,0.4539262,-3.48419
102.8554,-49.67173,0.2347621,0.313203,0.4584041,-3.484586
102.881,-49.01823,0.2458832,0.3057395,0.4630386,-3.484957
102.9066,-48.29605,0.2584198,0.2978138,0.4679702,-3.48531
102.9322,-47.49052,0.2727997,0.2893555,0.4732509,-3.485644
102.9578,-46.56952,0.2892003,0.280295,0.4789348,-3.485956
102.9824,-45.53569,0.307106,0.2709418,0.4848399,-3.486231
103.0069,-44.33316,0.3281777,0.260805,0.4912912,-3.48648
103.0315,-42.91555,0.3534307,0.2497186,0.4984238,-3.486695
103.0561,-41.19594,0.3836281,0.2375119,0.5063925,-3.486872
103.0797,-39.16443,0.4181942,0.2245606,0.5150115,-3.486999
103.1033,-36.66462,0.4604245,0.2101005,0.5248852,-3.487072
103.1269,-33.59685,0.5118039,0.1939695,0.536355,-3.487079
103.1505,-29.8703,0.5725843,0.1762339,0.5497712,-3.487006
103.1746,-25.40489,0.6441496,0.1567692,0.5658763,-3.486833
103.1988,-20.58662,0.7192054,0.1369598,0.5845784,-3.486545
103.2229,-15.99951,0.7893597,0.117908,0.605539,-3.486144
103.247,-12.56072,0.8473006,0.100543,0.6278308,-3.485645
103.2585,-11.60642,0.8688529,0.09306617,0.6384912,-3.485383
103.27,-11.11502,0.886214,0.08611752,0.6489316,-3.485113
103.2815,-11.09491,0.8995185,0.07970032,0.65899,-3.484839
103.293,-11.5361,0.9091086,0.07380732,0.6685305,-3.484569
103.3045,-12.40578,0.9153433,0.06842589,0.6774371,-3.484306
103.3159,-13.65279,0.9185154,0.06354083,0.6856188,-3.484055
103.3274,-15.22246,0.9188772,0.05913642,0.6930135,-3.48382
103.3389,-17.05562,0.9164844,0.05520138,0.6995815,-3.483605
103.3564,-20.2159,0.9068981,0.05009084,0.7079651,-3.483321
103.374,-23.67727,0.8910394,0.04599534,0.7144075,-3.483095
103.3915,-27.30313,0.8690856,0.04286068,0.7189983,-3.482931
103.409,-30.9461,0.8388494,0.04069348,0.721836,-3.482831
103.4235,-33.89194,0.8065956,0.03962856,0.722952,-3.482796
103.4379,-36.77788,0.7681741,0.03916844,0.7230588,-3.482803
103.4524,-39.58374,0.7234049,0.03929557,0.7222314,-3.482852
103.4668,-42.30471,0.6728102,0.03998936,0.7205489,-3.48294
103.4795,-44.62568,0.6242997,0.04105214,0.718426,-3.48305
103.4922,-46.87269,0.5724222,0.04253736,0.7157424,-3.483188
103.5049,-49.03684,0.5179877,0.04444319,0.7125408,-3.483355
103.5175,-51.10906,0.4623765,0.04676482,0.7088668,-3.483548
103.5302,-53.07737,0.4071695,0.04949757,0.704766,-3.483767
103.5429,-54.9247,0.353623,0.05263779,0.7002816,-3.484011
103.5556,-56.63729,0.3030398,0.05617572,0.695459,-3.484276
103.5683,-58.20555,0.2566995,0.06009583,0.6903438,-3.484563
103.5793,-59.44297,0.2207122,0.06378444,0.6857118,-3.484827
103.5903,-60.56856,0.1888818,0.06772805,0.6809219,-3.485103
103.6013,-61.58561,0.1613419,0.07190828,0.6760004,-3.485391
103.6122,-62.49915,0.1378899,0.07630549,0.6709714,-3.48569
103.6207,-63.13585,0.1223797,0.07982358,0.6670426,-3.485927
103.6292,-63.71905,0.1089543,0.08344836,0.6630723,-3.486168
103.6376,-64.25242,0.09744804,0.08717051,0.659069,-3.486415
103.6461,-64.73948,0.08761968,0.0909809,0.65504,-3.486665
103.6545,-65.18369,0.07921399,0.09487068,0.6509924,-3.48692
103.663,-65.58851,0.07209656,0.09883132,0.6469324,-3.487178
103.6714,-65.9571,0.06611519,0.1028547,0.6428655,-3.487439
103.6799,-66.29236,0.06107078,0.1069332,0.6387969,-3.487703
103.688,-66.58635,0.05692412,0.1109082,0.6348794,-3.48796
103.6962,-66.85415,0.05340698,0.1149213,0.6309683,-3.48822
103.7043,-67.09782,0.05043627,0.118967,0.6270668,-3.488481
103.7125,-67.31922,0.04790909,0.1230397,0.623178,-3.488744
103.7208,-67.5238,0.04569501,0.1272145,0.6192292,-3.489015
103.7291,-67.70867,0.04381029,0.1314072,0.6152989,-3.489286
103.7374,-67.87537,0.04221105,0.135613,0.6113897,-3.48956
103.7457,-68.02528,0.04084168,0.1398276,0.6075037,-3.489834
103.7547,-68.16954,0.03956753,0.1443773,0.6033415,-3.490132
103.7636,-68.29718,0.03848551,0.1489278,0.5992107,-3.49043
103.7726,-68.40949,0.03757165,0.1534746,0.5951131,-3.49073
103.7815,-68.50766,0.03679233,0.1580137,0.5910505,-3.49103
103.7915,-68.60207,0.03604448,0.1630799,0.5865474,-3.491367
103.8016,-68.68147,0.0354208,0.168127,0.582092,-3.491705
103.8116,-68.74708,0.03490803,0.1731508,0.577686,-3.492044
103.8216,-68.8,0.03448388,0.1781473,0.5733309,-3.492383
103.8332,-68.84662,0.03407997,0.1838772,0.5683677,-3.492776
103.8448,-68.87903,0.03376685,0.189561,0.5634757,-3.493168
103.8563,-68.89844,0.03353682,0.195194,0.5586565,-3.493561
103.8679,-68.90596,0.03337352,0.2007724,0.5539113,-3.493954
103.8816,-68.90079,0.03324765,0.2073189,0.5483754,-3.494421
103.8954,-68.88168,0.03319772,0.213778,0.5429466,-3.494887
103.9091,-68.84993,0.03321886,0.2201453,0.5376259,-3.495353
103.9229,-68.80669,0.03329767,0.2264168,0.5324142,-3.495819
103.9396,-68.73993,0.03345566,0.2339209,0.5262146,-3.496384
103.9563,-68.65921,0.03368677,0.2412726,0.5201781,-3.496949
103.973,-68.56593,0.03398818,0.2484677,0.514305,-3.497512
103.9898,-68.46135,0.03434689,0.2555028,0.5085951,-3.498073
104.0101,-68.32039,0.03484134,0.2638427,0.5018673,-3.498753
104.0305,-68.16599,0.03541639,0.2719377,0.4953796,-3.49943
104.0509,-67.99966,0.03607678,0.2797851,0.4891303,-3.500103
104.0712,-67.82269,0.03679842,0.2873829,0.4831176,-3.500773
104.0924,-67.6287,0.03758185,0.2950143,0.4771165,-3.501466
104.1135,-67.42559,0.03844428,0.3023747,0.4713658,-3.502154
104.1347,-67.2144,0.0394041,0.3094642,0.4658623,-3.502837
104.1559,-66.996,0.04041583,0.3162836,0.460603,-3.503516
104.1751,-66.79216,0.04134337,0.3222409,0.4560373,-3.504127
104.1943,-66.58361,0.04233295,0.3279777,0.4516673,-3.504735
104.2135,-66.37085,0.04339906,0.3334954,0.4474902,-3.505339
104.2327,-66.15431,0.04450696,0.3387954,0.4435032,-3.505938
104.2511,-65.94362,0.04557929,0.3436717,0.4398582,-3.506509
104.2695,-65.73019,0.04670354,0.3483511,0.4363826,-3.507075
104.2879,-65.51436,0.04789059,0.3528352,0.4330738,-3.507637
104.3063,-65.29639,0.0491162,0.3571259,0.4299291,-3.508196
104.3254,-65.06823,0.05040251,0.3613747,0.4268372,-3.50877
104.3445,-64.83834,0.05174247,0.3654191,0.4239162,-3.50934
104.3636,-64.607,0.05314947,0.369261,0.4211629,-3.509906
104.3827,-64.3744,0.05459658,0.3729027,0.4185745,-3.510467
104.4024,-64.13295,0.05610425,0.3764568,0.4160702,-3.511042
104.4221,-63.89062,0.05766908,0.3798017,0.4137352,-3.511613
104.4419,-63.64766,0.05930684,0.3829397,0.4115661,-3.512178
104.4616,-63.40418,0.06098651,0.3858732,0.4095596,-3.512738
104.4818,-63.15426,0.06271805,0.3886693,0.4076688,-3.513307
104.502,-62.90415,0.0645095,0.3912556,0.4059416,-3.513871
104.5222,-62.65405,0.06637791,0.3936348,0.4043744,-3.514429
104.5424,-62.40398,0.06829004,0.3958094,0.4029636,-3.514983
104.5633,-62.14619,0.07027144,0.39784,0.4016691,-3.515548
104.5841,-61.88871,0.07231657,0.3996585,0.4005332,-3.516108
104.605,-61.63168,0.07444422,0.4012676,0.3995522,-3.516662
104.6258,-61.37503,0.07661845,0.4026702,0.3987224,-3.517211
104.6474,-61.1093,0.078882,0.4039092,0.3980175,-3.517774
104.669,-60.84413,0.0812151,0.4049321,0.3974671,-3.518331
104.6906,-60.57966,0.0836391,0.4057418,0.397067,-3.518882
104.7122,-60.31569,0.08611429,0.4063414,0.3968132,-3.519428
104.7346,-60.0418,0.08869538,0.4067452,0.3967002,-3.519988
104.7571,-59.7685,0.09135473,0.4069287,0.3967368,-3.520542
104.7795,-59.49586,0.09411702,0.4068948,0.3969189,-3.52109
104.8019,-59.22351,0.09693806,0.406647,0.3972425,-3.521632
104.8252,-58.94041,0.09988247,0.4061667,0.3977238,-3.522188
104.8485,-58.65752,0.1029187,0.4054619,0.3983496,-3.522737
104.8718,-58.37491,0.1060759,0.4045354,0.3991161,-3.52328
104.8951,-58.09195,0.1093047,0.4033909,0.4000191,-3.523816
104.9193,-57.79719,0.1126767,0.4019768,0.401096,-3.524365
104.9435,-57.50177,0.1161624,0.4003339,0.4023126,-3.524906
104.9677,-57.20568,0.1197975,0.3984645,0.4036655,-3.525441
104.9918,-56.90793,0.1235265,0.3963722,0.4051511,-3.525968
105.0168,-56.59708,0.1274214,0.3939781,0.4068229,-3.526505
105.0418,-56.28388,0.1314663,0.39135,0.4086309,-3.527034
105.0668,-55.96821,0.135707,0.388489,0.4105732,-3.527556
105.0919,-55.6485,0.1400814,0.3853982,0.412647,-3.528069
105.1175,-55.31382,0.1446496,0.3819855,0.414912,-3.528588
105.1432,-54.97374,0.1494304,0.3783305,0.4173138,-3.529098
105.1689,-54.62789,0.1544857,0.3744318,0.4198529,-3.529599
105.1946,-54.27365,0.1597479,0.3702903,0.422528,-3.530091
105.2208,-53.90136,0.165245,0.3658268,0.4253898,-3.530583
105.2469,-53.51805,0.171067,0.3611043,0.4283973,-3.531064
105.2731,-53.12267,0.1773055,0.3561155,0.4315556,-3.531535
105.2992,-52.71061,0.1838928,0.350857,0.4348673,-3.531995
105.3255,-52.27438,0.1907922,0.3452997,0.4383515,-3.532446
105.3517,-51.8161,0.1982329,0.3394457,0.4420082,-3.532885
105.378,-51.33283,0.2063664,0.3332759,0.4458513,-3.533311
105.4042,-50.81553,0.2151478,0.3267757,0.449892,-3.533725
105.4302,-50.26016,0.2244203,0.3200142,0.4540905,-3.534119
105.4561,-49.65863,0.2346928,0.3128692,0.4585266,-3.534498
105.482,-49.00245,0.2462565,0.3052949,0.4632338,-3.534861
105.508,-48.27132,0.2591662,0.297249,0.4682447,-3.535205
105.5331,-47.46588,0.2730531,0.2889515,0.4734293,-3.53552
105.5582,-46.55408,0.2890329,0.2800643,0.4790084,-3.535814
105.5833,-45.50969,0.3077637,0.2704775,0.4850653,-3.536082
105.6085,-44.27961,0.3296513,0.2600783,0.4916916,-3.536322
105.6325,-42.86558,0.354042,0.2492517,0.4986663,-3.53652
105.6565,-41.17088,0.3834069,0.2373313,0.5064501,-3.53668
105.6805,-39.11666,0.4192315,0.2240915,0.5152657,-3.536796
105.7045,-36.57457,0.4626187,0.2093382,0.5253709,-3.536856
105.7284,-33.46531,0.514551,0.1930445,0.5369761,-3.536849
105.7522,-29.64249,0.5765589,0.1750618,0.5506331,-3.536759
105.776,-25.14976,0.6469465,0.1557925,0.5666971,-3.53657
105.7999,-20.35704,0.7210238,0.1361693,0.5852668,-3.53627
105.8137,-17.68217,0.7627989,0.1250909,0.5971325,-3.536043
105.8276,-15.28337,0.8011819,0.1144907,0.609576,-3.535781
105.8414,-13.32047,0.8346706,0.1045171,0.6223606,-3.535489
105.8553,-11.93259,0.8624649,0.09526049,0.6352161,-3.535174
105.8691,-11.22041,0.88435,0.08676173,0.6478475,-3.534843
105.883,-11.19426,0.9004384,0.07903128,0.6599537,-3.534508
105.8968,-11.82392,0.9111234,0.07206033,0.6712825,-3.534177
105.9107,-13.0548,0.9170324,0.06582669,0.6816504,-3.533859
105.9229,-14.56746,0.9186815,0.06092503,0.6898804,-3.533596
105.9351,-16.40549,0.9172206,0.0565571,0.6971964,-3.533354
105.9473,-18.50142,0.9128031,0.05270511,0.7035694,-3.533135
105.9595,-20.78612,0.905252,0.04936025,0.7089898,-3.532944
105.9752,-23.89762,0.8904016,0.04579453,0.7145753,-3.53274
105.9909,-27.1182,0.8697863,0.04302065,0.7186727,-3.532586
106.0066,-30.36965,0.8431194,0.04100909,0.7213703,-3.532482
106.0223,-33.58449,0.8094727,0.03974385,0.7227603,-3.53243
106.0381,-36.75009,0.768219,0.03919742,0.7229474,-3.532427
106.0539,-39.82353,0.7194213,0.03935326,0.7220165,-3.532474
106.0697,-42.78621,0.6630565,0.04019523,0.7200583,-3.532569
106.0855,-45.63914,0.6006998,0.04169835,0.7171753,-3.53271
106.0997,-48.11487,0.5412424,0.0436017,0.713868,-3.532874
106.114,-50.48035,0.4795567,0.0460312,0.7099416,-3.533073
106.1282,-52.71648,0.4172191,0.04898489,0.7054561,-3.533305
106.1425,-54.80449,0.356606,0.05245225,0.7004773,-3.533567
106.1555,-56.56669,0.30471,0.05605747,0.6955522,-3.533832
106.1685,-58.17716,0.2572394,0.06006469,0.6903182,-3.534119
106.1815,-59.63062,0.215108,0.06445186,0.6848236,-3.534426
106.1945,-60.92781,0.1787955,0.06919201,0.6791141,-3.53475
106.2023,-61.63745,0.1597213,0.07221019,0.6755828,-3.534954
106.2102,-62.29463,0.1427265,0.07533816,0.6719975,-3.535163
106.218,-62.90187,0.1277255,0.07856842,0.6683664,-3.535377
106.2259,-63.46187,0.1145689,0.08189344,0.6646968,-3.535595
106.2337,-63.97748,0.1030742,0.08530568,0.6609958,-3.535818
106.2416,-64.45169,0.09311503,0.08879772,0.6572695,-3.536045
106.2495,-64.88739,0.08454768,0.09236237,0.6535239,-3.536275
106.2573,-65.28729,0.07718796,0.09599267,0.6497642,-3.536508
106.2658,-65.68375,0.07035037,0.09999847,0.6456741,-3.536765
106.2743,-66.04434,0.06458574,0.1040655,0.6415787,-3.537025
106.2829,-66.37199,0.05975955,0.1081861,0.6374829,-3.537287
106.2914,-66.66938,0.05569603,0.1123528,0.6333914,-3.537553
106.2995,-66.92689,0.05238725,0.1163609,0.6294994,-3.537808
106.3076,-67.16113,0.04957482,0.1203992,0.6256182,-3.538065
106.3157,-67.3739,0.04719257,0.1244623,0.6217506,-3.538324
106.3239,-67.56684,0.04515898,0.1285455,0.6178993,-3.538584
106.3323,-67.74906,0.04332729,0.1328332,0.6138905,-3.538858
106.3408,-67.9128,0.04176833,0.1371329,0.6099046,-3.539134
106.3493,-68.05948,0.04044625,0.1414401,0.6059436,-3.539411
106.3578,-68.19041,0.03931436,0.1457505,0.6020096,-3.539689
106.3671,-68.31681,0.03824818,0.1504579,0.5977453,-3.539994
106.3764,-68.42723,0.03734613,0.1551598,0.5935174,-3.5403
106.3857,-68.52293,0.03658859,0.1598519,0.5893277,-3.540606
106.3949,-68.60506,0.03594656,0.16453,0.5851779,-3.540914
106.4054,-68.68294,0.03532833,0.1698037,0.5805308,-3.541263
106.4159,-68.74613,0.03482055,0.1750502,0.5759385,-3.541613
106.4264,-68.79584,0.03441222,0.1802649,0.5714027,-3.541963
106.4369,-68.83317,0.03408346,0.185444,0.5669248,-3.542314
106.4492,-68.86236,0.03377851,0.1914326,0.5617786,-3.542723
106.4614,-68.87745,0.03355805,0.1973627,0.5567143,-3.543132
106.4737,-68.87968,0.03341554,0.2032299,0.5517334,-3.543542
106.4859,-68.87017,0.03333583,0.20903,0.5468369,-3.543951
106.5006,-68.84466,0.03330561,0.2158885,0.5410808,-3.544442
106.5153,-68.8052,0.03334956,0.2226404,0.5354485,-3.544932
106.5299,-68.75311,0.03346342,0.2292812,0.5299409,-3.545421
106.5446,-68.68957,0.03363428,0.2358069,0.5245586,-3.545909
106.5626,-68.59743,0.0339059,0.2436548,0.5181238,-3.546506
106.5806,-68.49125,0.03425286,0.2513196,0.5118785,-3.547102
106.5987,-68.37253,0.0346737,0.2587973,0.5058224,-3.547696
106.6167,-68.24254,0.03515383,0.2660846,0.4999548,-3.548287
106.6379,-68.07656,0.0357717,0.2744171,0.4932873,-3.54898
106.6591,-67.89814,0.03647302,0.2824799,0.4868781,-3.549669
106.6803,-67.70868,0.03726819,0.2902713,0.4807248,-3.550354
106.7015,-67.50943,0.03812376,0.2977903,0.4748248,-3.551035
106.722,-67.30807,0.03897519,0.3048137,0.4693486,-3.55169
106.7426,-67.09943,0.03990066,0.3115819,0.4641046,-3.552341
106.7631,-66.88432,0.04091889,0.3180957,0.4590896,-3.552988
106.7837,-66.66341,0.04198501,0.3243562,0.4543005,-3.553629
106.8024,-66.45781,0.04296326,0.329836,0.4501348,-3.554209
106.8211,-66.2484,0.04399871,0.3351084,0.446151,-3.554785
106.8398,-66.0356,0.04510366,0.340175,0.4423464,-3.555357
106.8585,-65.81975,0.04624888,0.3450373,0.4387185,-3.555925
106.877,-65.6024,0.04740102,0.3496716,0.4352832,-3.556486
106.8956,-65.38271,0.04860528,0.3541073,0.4320171,-3.557042
106.9142,-65.16099,0.04987316,0.3583459,0.4289176,-3.557594
106.9328,-64.93746,0.05118026,0.3623895,0.4259819,-3.558142
106.9522,-64.70283,0.05255709,0.3663977,0.4230938,-3.558709
106.9716,-64.46679,0.05398941,0.3701982,0.4203775,-3.559271
106.991,-64.22961,0.0554917,0.3737931,0.4178297,-3.559828
107.0103,-63.99144,0.0570352,0.3771846,0.4154473,-3.56038
107.0302,-63.74583,0.05863327,0.3804602,0.413168,-3.560943
107.0502,-63.49963,0.06028992,0.3835258,0.4110566,-3.561501
107.0701,-63.25305,0.06202147,0.3863837,0.4091095,-3.562054
107.09,-63.00617,0.06379593,0.3890365,0.4073233,-3.562601
107.1104,-62.75255,0.06562759,0.3915484,0.4056538,-3.563158
107.1309,-62.49895,0.06752081,0.3938494,0.4041465,-3.56371
107.1513,-62.24555,0.06949327,0.3959419,0.4027977,-3.564256
107.1717,-61.99234,0.07151076,0.3978289,0.4016037,-3.564797
107.1928,-61.73077,0.07360634,0.399566,0.4005284,-3.565351
107.214,-61.46963,0.07576803,0.401089,0.3996107,-3.565899
107.2351,-61.20906,0.07801558,0.4024006,0.3988469,-3.566441
107.2562,-60.94894,0.08031162,0.4035037,0.3982329,-3.566978
107.2781,-60.67935,0.08270438,0.4044313,0.39775,-3.567529
107.3,-60.41036,0.08517011,0.4051405,0.3974202,-3.568074
107.322,-60.14209,0.08773137,0.4056341,0.3972397,-3.568613
107.3439,-59.87428,0.09034676,0.4059156,0.3972043,-3.569146
107.3666,-59.59619,0.09307563,0.4059868,0.3973166,-3.569693
107.3894,-59.31859,0.09588783,0.4058353,0.3975772,-3.570234
107.4122,-59.04155,0.09880973,0.405464,0.3979821,-3.570768
107.4349,-58.7646,0.1017951,0.4048765,0.3985271,-3.571296
107.4586,-58.47644,0.1049126,0.4040412,0.399237,-3.571838
107.4822,-58.18823,0.1081299,0.4029789,0.4000901,-3.572373
107.5059,-57.89998,0.1114785,0.4016923,0.4010828,-3.5729
107.5295,-57.61094,0.1149068,0.4001852,0.4022109,-3.573421
107.554,-57.30956,0.1184883,0.398394,0.4035191,-3.573954
107.5786,-57.00694,0.1221965,0.3963712,0.4049661,-3.574479
107.6031,-56.70304,0.1260707,0.3941187,0.406549,-3.574996
107.6276,-56.39666,0.130053,0.3916402,0.4082644,-3.575506
107.6529,-56.07644,0.1342132,0.3888489,0.4101698,-3.576024
107.6782,-55.75281,0.1385455,0.3858199,0.4122119,-3.576534
107.7035,-55.42558,0.1431015,0.3825534,0.4143895,-3.577035
107.7288,-55.09282,0.1478166,0.379052,0.4167002,-3.577528
107.7547,-54.74394,0.1527418,0.3752246,0.4192025,-3.578024
107.7806,-54.38774,0.1579188,0.3711485,0.4218448,-3.578511
107.8065,-54.02364,0.1634194,0.3668204,0.4246289,-3.578988
107.8324,-53.64834,0.1691752,0.3622398,0.4275551,-3.579455
107.8586,-53.25288,0.1751934,0.3573423,0.4306642,-3.579919
107.8849,-52.84271,0.18161,0.3521728,0.433928,-3.580371
107.9111,-52.4162,0.188536,0.34672,0.4373545,-3.580813
107.9373,-51.96733,0.1959094,0.340977,0.4409492,-3.581242
107.9635,-51.48981,0.2036529,0.3349483,0.4447107,-3.581659
107.9897,-50.98245,0.2120881,0.3285942,0.4486661,-3.582063
108.0159,-50.44069,0.2214101,0.321887,0.4528356,-3.582453
108.0421,-49.85207,0.2316012,0.3148034,0.4572371,-3.582827
108.0677,-49.21435,0.2424305,0.3074685,0.4617972,-3.583179
108.0934,-48.51196,0.254603,0.2996839,0.4666449,-3.583514
108.119,-47.73139,0.2685219,0.2913836,0.471829,-3.583829
108.1447,-46.84269,0.284342,0.282503,0.4773995,-3.584123
108.1693,-45.8482,0.3015722,0.2733366,0.4831831,-3.584382
108.194,-44.69644,0.3217775,0.26342,0.4894865,-3.584616
108.2187,-43.34472,0.3459113,0.2525966,0.4964354,-3.584818
108.2434,-41.71208,0.3746765,0.240705,0.5041732,-3.584983
108.267,-39.79178,0.4074507,0.2281329,0.5124991,-3.5851
108.2907,-37.43688,0.4474424,0.2141163,0.5219981,-3.585166
108.3143,-34.54733,0.4962225,0.198466,0.5329938,-3.585171
108.3379,-31.01379,0.5543353,0.1811759,0.5458293,-3.585099
108.3572,-27.62626,0.6086625,0.1659802,0.5579273,-3.584974
108.3766,-23.88177,0.6674223,0.1502218,0.5716735,-3.584779
108.3959,-19.99939,0.7272043,0.1344382,0.587057,-3.58451
108.4152,-16.37059,0.7837416,0.1192196,0.6038426,-3.584169
108.4272,-14.4509,0.8152887,0.1102549,0.6148296,-3.583922
108.4393,-12.91066,0.8428412,0.1017952,0.6259929,-3.583655
108.4513,-11.82586,0.8658958,0.09389033,0.6371384,-3.583372
108.4634,-11.24844,0.884402,0.08656307,0.6480763,-3.583079
108.4754,-11.19851,0.8985774,0.07981638,0.6586206,-3.582781
108.4875,-11.6533,0.9087062,0.07364337,0.6686021,-3.582487
108.4995,-12.5728,0.9151436,0.06803069,0.6778852,-3.582201
108.5116,-13.90433,0.9182012,0.06296315,0.6863702,-3.581928
108.5254,-15.85292,0.9177197,0.05780259,0.6950315,-3.581638
108.5392,-18.15726,0.913367,0.05331103,0.7024927,-3.581378
108.553,-20.72466,0.9053045,0.04946266,0.7087392,-3.581151
108.5669,-23.45964,0.8930208,0.04625077,0.71378,-3.580961
108.582,-26.53763,0.8741517,0.04346495,0.717945,-3.580798
108.597,-29.65212,0.8494928,0.04139308,0.7208002,-3.580682
108.6121,-32.74777,0.8186821,0.04001072,0.7224314,-3.580613
108.6272,-35.78412,0.7812257,0.03929721,0.7229276,-3.580589
108.6403,-38.36284,0.7431339,0.03920156,0.7225091,-3.580606
108.6534,-40.8738,0.7000031,0.03957985,0.7213576,-3.580656
108.6665,-43.30956,0.6520321,0.04042292,0.7195252,-3.580739
108.6797,-45.66902,0.6000622,0.04171948,0.7170671,-3.580853
108.6928,-47.95026,0.5452628,0.04346086,0.7140365,-3.580997
108.7059,-50.13929,0.4885049,0.04564853,0.7104771,-3.581171
108.719,-52.22153,0.4310504,0.04828081,0.7064362,-3.581373
108.7322,-54.1822,0.3746755,0.05135072,0.7019645,-3.581601
108.7454,-56.02187,0.320695,0.05488289,0.6970664,-3.581857
108.7586,-57.70758,0.2709102,0.058837,0.6918326,-3.582136
108.7719,-59.23175,0.2263865,0.06319171,0.6863142,-3.582436
108.7851,-60.59339,0.1877955,0.06791999,0.6805604,-3.582755
108.7937,-61.39176,0.1660383,0.07117096,0.6767251,-3.582971
108.8023,-62.12649,0.1467981,0.0745561,0.6728219,-3.583194
108.8109,-62.80078,0.1299825,0.07806567,0.6688615,-3.583422
108.8195,-63.41807,0.115397,0.08168983,0.6648538,-3.583657
108.8281,-63.98204,0.1027949,0.08541872,0.660808,-3.583896
108.8367,-64.49665,0.09202488,0.08924263,0.6567324,-3.58414
108.8452,-64.96566,0.08290702,0.09315218,0.6526344,-3.584388
108.8538,-65.39257,0.07519175,0.09713831,0.6485209,-3.58464
108.8623,-65.77434,0.06873592,0.1011221,0.6444691,-3.584891
108.8707,-66.12176,0.06328653,0.1051637,0.6404135,-3.585145
108.8792,-66.4376,0.05871652,0.1092557,0.6363589,-3.585402
108.8876,-66.72442,0.05486193,0.113391,0.6323096,-3.585661
108.8957,-66.97568,0.05168412,0.1174137,0.6284135,-3.585914
108.9039,-67.20406,0.04898286,0.1214651,0.6245291,-3.586168
108.912,-67.41134,0.04669451,0.1255401,0.6206591,-3.586424
108.9202,-67.59913,0.04474057,0.1296338,0.6168061,-3.586681
108.9287,-67.77683,0.04297479,0.1339447,0.6127838,-3.586953
108.9372,-67.93625,0.04147227,0.1382664,0.6087853,-3.587226
108.9458,-68.07881,0.04019852,0.1425942,0.6048126,-3.587501
108.9543,-68.20579,0.03910839,0.1469242,0.6008677,-3.587776
108.9637,-68.32839,0.03807918,0.151665,0.5965804,-3.588079
108.973,-68.4351,0.03720956,0.1563988,0.5923307,-3.588383
108.9824,-68.52718,0.03648063,0.1611214,0.5881204,-3.588688
108.9917,-68.60578,0.03586415,0.1658286,0.5839511,-3.588994
109.0024,-68.67992,0.03527073,0.1711457,0.5792726,-3.589342
109.013,-68.73941,0.03478563,0.1764336,0.5746506,-3.58969
109.0236,-68.78545,0.03439821,0.1816877,0.5700868,-3.590039
109.0342,-68.81915,0.034089,0.1869043,0.5655826,-3.590388
109.0466,-68.8442,0.03380501,0.1929472,0.5603964,-3.590796
109.059,-68.85515,0.03360471,0.1989288,0.5552948,-3.591205
109.0714,-68.85324,0.03348172,0.2048443,0.5502791,-3.591614
109.0838,-68.8396,0.03342109,0.2106899,0.5453504,-3.592022
109.0987,-68.80908,0.03341346,0.2176145,0.539546,-3.592512
109.1136,-68.76456,0.03348009,0.2244277,0.5338696,-3.593002
109.1285,-68.7074,0.03361682,0.231125,0.5283219,-3.593491
109.1434,-68.63877,0.0338108,0.2377025,0.5229037,-3.593978
109.1617,-68.54022,0.03411149,0.2456196,0.5164204,-3.594576
109.18,-68.4276,0.03448856,0.2533459,0.5101331,-3.595172
109.1983,-68.30242,0.03494099,0.2608774,0.5040414,-3.595766
109.2167,-68.16597,0.03545353,0.2682112,0.4981445,-3.596357
109.238,-67.99434,0.03610175,0.2765005,0.4915208,-3.597042
109.2593,-67.81054,0.03683419,0.284516,0.485158,-3.597723
109.2807,-67.61597,0.03766261,0.2922563,0.4790536,-3.5984
109.302,-67.41183,0.03855126,0.2997207,0.4732049,-3.599073
109.3224,-67.20871,0.03942145,0.3065977,0.4678505,-3.599711
109.3428,-66.99867,0.04036478,0.3132233,0.4627241,-3.600345
109.3632,-66.78248,0.04139979,0.3195983,0.4578227,-3.600975
109.3836,-66.56079,0.04248223,0.3257239,0.4531431,-3.6016
109.4022,-66.35394,0.04347921,0.3311033,0.4490592,-3.602167
109.4208,-66.14344,0.04453284,0.3362772,0.4451551,-3.60273
109.4394,-65.92972,0.04565508,0.3412471,0.4414284,-3.603289
109.4581,-65.71309,0.04681764,0.3460145,0.4378762,-3.603844
109.4767,-65.49339,0.04799661,0.3505905,0.434489,-3.604396
109.4954,-65.27144,0.04922823,0.3549666,0.4312718,-3.604944
109.5141,-65.04753,0.05052427,0.3591446,0.4282216,-3.605487
109.5327,-64.82191,0.05186001,0.3631264,0.4253358,-3.606026
109.5522,-64.58524,0.05326632,0.3670678,0.4225012,-3.606583
109.5716,-64.34725,0.05472884,0.3708004,0.4198387,-3.607135
109.5911,-64.10819,0.05626234,0.3743264,0.4173452,-3.607683
109.6105,-63.86822,0.05783759,0.3776481,0.4150172,-3.608225
109.6305,-63.62101,0.05946712,0.3808486,0.4127959,-3.608778
109.6505,-63.37327,0.06115592,0.3838384,0.4107423,-3.609325
109.6704,-63.12522,0.06292046,0.3866201,0.408853,-3.609867
109.6904,-62.87693,0.06472846,0.3891959,0.4071246,-3.610404
109.7109,-62.62173,0.06659607,0.3916299,0.4055132,-3.610951
109.7314,-62.36661,0.06852605,0.393852,0.404064,-3.611492
109.7519,-62.11173,0.07053631,0.395865,0.4027734,-3.612027
109.7724,-61.85708,0.07259227,0.3976714,0.4016376,-3.612558
109.7936,-61.59388,0.07472922,0.3993255,0.4006218,-3.6131
109.8148,-61.33114,0.07693334,0.4007644,0.3997637,-3.613638
109.836,-61.06901,0.07922469,0.4019907,0.3990596,-3.614169
109.8573,-60.80734,0.08156545,0.4030077,0.3985054,-3.614695
109.8793,-60.53605,0.08400571,0.4038449,0.3980844,-3.615235
109.9013,-60.26537,0.08652036,0.4044625,0.3978167,-3.615769
109.9233,-59.99541,0.08913242,0.4048635,0.3976983,-3.616296
109.9453,-59.72587,0.09179992,0.4050512,0.397725,-3.616818
109.9682,-59.44591,0.094584,0.4050238,0.3979019,-3.617353
109.991,-59.16639,0.09745352,0.4047725,0.3982272,-3.617882
110.0139,-58.88737,0.1004354,0.4043001,0.3986968,-3.618405
110.0368,-58.60837,0.1034829,0.4036104,0.3993066,-3.618921
110.0605,-58.31797,0.1066661,0.4026677,0.4000838,-3.61945
110.0843,-58.02739,0.1099523,0.4014966,0.4010043,-3.619972
110.108,-57.73666,0.113374,0.4000999,0.4020645,-3.620487
110.1318,-57.44496,0.1168787,0.3984813,0.4032604,-3.620995
110.1564,-57.14068,0.120541,0.3965737,0.4046386,-3.621513
110.181,-56.83493,0.1243353,0.3944329,0.4061559,-3.622025
110.2056,-56.52766,0.1283023,0.3920609,0.4078097,-3.622528
110.2303,-56.21758,0.1323833,0.389461,0.4095964,-3.623024
110.2556,-55.89332,0.1366475,0.3865446,0.4115747,-3.623527
110.281,-55.56524,0.1410929,0.3833885,0.4136905,-3.624022
110.3064,-55.23309,0.1457733,0.3799926,0.415943,-3.624508
110.3318,-54.8948,0.1506234,0.376359,0.41833,-3.624986
110.3577,-54.53988,0.1556914,0.372398,0.4209091,-3.625465
110.3837,-54.17684,0.1610273,0.3681851,0.4236301,-3.625935
110.4097,-53.805,0.1667073,0.363716,0.4264956,-3.626396
110.4356,-53.42079,0.172663,0.3589898,0.4295064,-3.626846
110.4619,-53.01547,0.1788941,0.3539482,0.4326992,-3.627291
110.4881,-52.59386,0.1855548,0.3486283,0.4360514,-3.627725
110.5144,-52.15408,0.1927649,0.3430172,0.439572,-3.628148
110.5406,-51.68946,0.2004653,0.3371063,0.4432677,-3.628558
110.5668,-51.19414,0.2085632,0.3309133,0.4471292,-3.628954
110.5929,-50.66554,0.2174188,0.3243817,0.4511947,-3.629337
110.619,-50.09834,0.227247,0.3174799,0.455487,-3.629705
110.6452,-49.47848,0.2380441,0.3101809,0.4600269,-3.630058
110.6707,-48.80436,0.2495493,0.3026309,0.4647284,-3.630386
110.6962,-48.05708,0.2625538,0.294601,0.4697404,-3.630696
110.7218,-47.22065,0.2775126,0.2860162,0.4751187,-3.630985
110.7473,-46.26053,0.2946301,0.2768018,0.4809216,-3.631252
110.7718,-45.17936,0.3133699,0.2672776,0.4869611,-3.631483
110.7963,-43.91654,0.3354957,0.2569303,0.4935792,-3.631685
110.8208,-42.42164,0.3620896,0.2455846,0.5009215,-3.631854
110.8454,-40.60148,0.3939767,0.2330619,0.5091557,-3.631981
110.8689,-38.44198,0.4306532,0.2197164,0.5181187,-3.632058
110.8925,-35.77841,0.4754573,0.2048023,0.528431,-3.632078
110.9161,-32.51606,0.5297036,0.1882012,0.5404495,-3.632028
110.9397,-28.59472,0.5932093,0.1700768,0.5545225,-3.631893
110.9639,-23.95069,0.6668651,0.1503426,0.5714815,-3.63165
110.9882,-19.14518,0.7416622,0.1306166,0.5909963,-3.631291
111.0124,-14.86156,0.8087863,0.1120067,0.6125284,-3.630821
111.0367,-11.97252,0.8615518,0.09531209,0.6349695,-3.630263
111.049,-11.30238,0.8814013,0.08774368,0.6461753,-3.629959
111.0612,-11.16874,0.8966293,0.08077822,0.6569961,-3.629651
111.0735,-11.55832,0.907514,0.07441102,0.6672524,-3.629345
111.0858,-12.43901,0.9144911,0.06862822,0.6768036,-3.629046
111.098,-13.75476,0.9179256,0.06341303,0.6855384,-3.628761
111.1103,-15.43611,0.9181216,0.0587456,0.6933784,-3.628495
111.1226,-17.41434,0.9152954,0.05460714,0.700279,-3.628251
111.1349,-19.61753,0.9093366,0.05098752,0.7062187,-3.628033
111.1509,-22.72755,0.8962533,0.04702049,0.7125458,-3.62779
111.167,-25.99241,0.8773705,0.04389097,0.7172866,-3.627598
111.1831,-29.32051,0.8524812,0.0415654,0.7205288,-3.627459
111.1992,-32.62728,0.8204104,0.04003164,0.7223649,-3.627374
111.2144,-35.70598,0.7827232,0.03928674,0.7229092,-3.627342
111.2297,-38.70427,0.7380127,0.03920439,0.722379,-3.627356
111.245,-41.60356,0.6861916,0.03976731,0.7208588,-3.627415
111.2603,-44.40324,0.6283664,0.04095221,0.7184417,-3.627519
111.2751,-47.02111,0.5682676,0.04267435,0.7153296,-3.627658
111.2899,-49.52711,0.5049692,0.04496594,0.7115195,-3.627836
111.3047,-51.90127,0.4400358,0.04782599,0.7070778,-3.62805
111.3195,-54.1239,0.376156,0.05124327,0.7020785,-3.628298
111.3324,-55.92238,0.3234389,0.05466847,0.6973195,-3.62854
111.3453,-57.57498,0.2746361,0.0584953,0.692239,-3.628804
111.3582,-59.07434,0.2307606,0.06270434,0.6868844,-3.629089
111.3711,-60.41907,0.1924758,0.06727096,0.6813015,-3.629392
111.3798,-61.24181,0.1698988,0.07054332,0.6774231,-3.629606
111.3885,-61.99842,0.1499301,0.07395567,0.6734726,-3.629827
111.3973,-62.69218,0.1324837,0.07749786,0.6694613,-3.630054
111.406,-63.3266,0.1173629,0.0811596,0.6653998,-3.630287
111.4147,-63.90553,0.1043118,0.08493055,0.6612979,-3.630525
111.4234,-64.43311,0.09317554,0.08880051,0.6571642,-3.630768
111.4321,-64.91329,0.08376761,0.09275964,0.6530067,-3.631015
111.4409,-65.34975,0.07582404,0.09679843,0.6488327,-3.631267
111.4493,-65.73456,0.0692713,0.1007826,0.6447753,-3.631514
111.4578,-66.08467,0.06374087,0.1048252,0.6407137,-3.631764
111.4662,-66.4029,0.05910395,0.1089188,0.6366529,-3.632017
111.4747,-66.69182,0.05519408,0.1130563,0.6325971,-3.632273
111.4828,-66.94452,0.05197612,0.1170756,0.6287002,-3.632521
111.491,-67.17419,0.04924115,0.121124,0.6248148,-3.632771
111.4991,-67.38262,0.04692469,0.1251963,0.6209436,-3.633024
111.5073,-67.57143,0.04494724,0.1292875,0.6170894,-3.633277
111.5158,-67.74993,0.04316233,0.1335919,0.6130696,-3.633545
111.5243,-67.91006,0.04164376,0.1379073,0.6090733,-3.633813
111.5329,-68.05325,0.04035659,0.1422291,0.6051028,-3.634084
111.5414,-68.1808,0.03925518,0.1465531,0.6011599,-3.634355
111.5508,-68.30389,0.03821611,0.1512849,0.5968772,-3.634653
111.5601,-68.41103,0.03733825,0.15601,0.5926318,-3.634952
111.5695,-68.5035,0.03660243,0.1607239,0.5884257,-3.635252
111.5788,-68.58244,0.03598016,0.1654227,0.5842605,-3.635553
111.5894,-68.65691,0.03538144,0.1707285,0.5795882,-3.635895
111.6,-68.71668,0.03489193,0.1760052,0.5749723,-3.636238
111.6106,-68.76297,0.03450086,0.1812486,0.5704142,-3.636581
111.6212,-68.79689,0.0341886,0.1864544,0.5659156,-3.636924
111.6336,-68.82216,0.03390174,0.192484,0.5607368,-3.637326
111.646,-68.83329,0.03369911,0.1984525,0.5556423,-3.637728
111.6583,-68.83154,0.03357427,0.2043554,0.5506334,-3.63813
111.6707,-68.81803,0.03351217,0.2101886,0.5457112,-3.638531
111.6856,-68.78764,0.03350322,0.2170986,0.5399144,-3.639014
111.7005,-68.74322,0.03356893,0.2238978,0.5342451,-3.639495
111.7153,-68.68613,0.0337051,0.2305814,0.5287043,-3.639976
111.7302,-68.61755,0.03389883,0.2371457,0.5232926,-3.640456
111.7485,-68.51898,0.03419973,0.24505,0.5168145,-3.641044
111.7668,-68.40631,0.03457741,0.2527639,0.5105321,-3.64163
111.7851,-68.28104,0.03503076,0.2602835,0.504445,-3.642214
111.8034,-68.14447,0.03554457,0.2676058,0.4985524,-3.642796
111.8247,-67.97239,0.03619582,0.2758949,0.4919233,-3.64347
111.8461,-67.78807,0.03693185,0.2839098,0.4855555,-3.644141
111.8674,-67.59293,0.03776436,0.2916492,0.4794466,-3.644808
111.8887,-67.38817,0.03865765,0.2991124,0.4735938,-3.64547
111.9092,-67.18422,0.03953361,0.3059944,0.468231,-3.6461
111.9296,-66.9733,0.04048331,0.312624,0.463097,-3.646725
111.95,-66.7562,0.04152535,0.3190021,0.4581889,-3.647345
111.9704,-66.53356,0.0426153,0.32513,0.4535035,-3.647961
111.989,-66.32587,0.04361919,0.3305094,0.449416,-3.64852
112.0077,-66.11452,0.04468017,0.3356827,0.4455089,-3.649074
112.0263,-65.89993,0.0458103,0.3406513,0.4417798,-3.649624
112.045,-65.68243,0.04698112,0.3454168,0.4382259,-3.650171
112.0637,-65.46195,0.04816808,0.3499883,0.4348391,-3.650713
112.0823,-65.23921,0.04940809,0.3543593,0.4316226,-3.651252
112.101,-65.01452,0.05071293,0.3585317,0.4285737,-3.651787
112.1197,-64.7881,0.05205781,0.3625074,0.4256896,-3.652317
112.1391,-64.55063,0.05347386,0.3664418,0.4228573,-3.652864
112.1586,-64.31183,0.05494651,0.3701669,0.4201976,-3.653407
112.1781,-64.07197,0.05649057,0.3736849,0.4177072,-3.653945
112.1975,-63.8312,0.05807675,0.3769981,0.4153829,-3.654478
112.2175,-63.58314,0.05971803,0.3801898,0.4131654,-3.655021
112.2375,-63.33456,0.06141898,0.3831702,0.4111161,-3.655559
112.2575,-63.08567,0.06319617,0.3859419,0.4092317,-3.656091
112.2774,-62.83656,0.06501721,0.3885072,0.4075084,-3.656619
112.298,-62.58048,0.06689877,0.39093,0.4059026,-3.657155
112.3185,-62.32448,0.06884317,0.3931404,0.4044595,-3.657686
112.339,-62.06873,0.07086841,0.3951409,0.4031755,-3.658212
112.3595,-61.81322,0.07293978,0.3969344,0.4020467,-3.658732
112.3808,-61.5491,0.07509323,0.3985745,0.4010385,-3.659265
112.402,-61.28545,0.07731439,0.3999986,0.4001885,-3.659792
112.4232,-61.02241,0.07962344,0.4012096,0.399493,-3.660313
112.4444,-60.75983,0.08198241,0.4022104,0.3989478,-3.660829
112.4665,-60.48757,0.08444218,0.4030302,0.3985366,-3.661358
112.4885,-60.21591,0.08697705,0.4036297,0.3982792,-3.661881
112.5106,-59.94497,0.08961015,0.4040118,0.3981716,-3.662398
112.5326,-59.67445,0.09229936,0.4041798,0.3982095,-3.662909
112.5555,-59.39341,0.09510673,0.4041312,0.3983986,-3.663433
112.5784,-59.1128,0.09800049,0.4038578,0.3987365,-3.663951
112.6013,-58.83268,0.1010078,0.4033625,0.3992193,-3.664462
112.6242,-58.55253,0.1040816,0.4026489,0.3998427,-3.664967
112.648,-58.2609,0.107293,0.4016807,0.4006346,-3.665484
112.6717,-57.96904,0.1106089,0.4004831,0.4015703,-3.665994
112.6955,-57.67698,0.114062,0.3990589,0.4026463,-3.666498
112.7193,-57.38389,0.1175996,0.3974118,0.4038585,-3.666994
112.7439,-57.07809,0.1212971,0.3954738,0.4052541,-3.6675
112.7686,-56.77074,0.1251289,0.3933016,0.4067894,-3.667999
112.7932,-56.46176,0.1291362,0.390897,0.4084619,-3.66849
112.8179,-56.14985,0.1332599,0.3882634,0.4102681,-3.668974
112.8433,-55.82359,0.1375698,0.3853116,0.4122668,-3.669464
112.8687,-55.49333,0.1420648,0.3821186,0.4144039,-3.669946
112.8941,-55.15882,0.1467995,0.3786843,0.4166787,-3.670419
112.9195,-54.81792,0.1517086,0.3750107,0.4190889,-3.670884
112.9455,-54.46013,0.1568397,0.3710086,0.4216921,-3.671349
112.9714,-54.09389,0.1622456,0.3667526,0.4244385,-3.671806
112.9974,-53.71847,0.1680043,0.3622381,0.427331,-3.672252
113.0234,-53.33018,0.1740477,0.357464,0.4303705,-3.672689
113.0496,-52.92034,0.180373,0.3523742,0.4335926,-3.673119
113.0759,-52.49352,0.1871417,0.3470027,0.4369764,-3.673538
113.1021,-52.04773,0.1944768,0.3413362,0.4405315,-3.673946
113.1284,-51.57605,0.2023212,0.3353652,0.444265,-3.674342
113.1545,-51.07272,0.2105764,0.3291123,0.448165,-3.674723
113.1806,-50.5346,0.2196182,0.3225144,0.4522736,-3.67509
113.2067,-49.95602,0.2296705,0.3155385,0.4566149,-3.675442
113.2328,-49.32223,0.2407358,0.3081557,0.4612111,-3.675778
113.2583,-48.63183,0.252542,0.3005205,0.4659712,-3.67609
113.2838,-47.86447,0.2659168,0.2923916,0.4710523,-3.676383
113.3093,-47.00305,0.281339,0.2836901,0.4765132,-3.676655
113.3348,-46.01093,0.2990352,0.2743369,0.482416,-3.676904
113.3592,-44.8908,0.3184517,0.2646612,0.4885674,-3.677116
113.3837,-43.57799,0.3414385,0.25413,0.495324,-3.6773
113.4081,-42.0186,0.3691326,0.2425603,0.5028404,-3.677447
113.4326,-40.11436,0.4024081,0.2297675,0.5112951,-3.677553
113.4562,-37.84697,0.4408415,0.2160832,0.5205484,-3.677606
113.4797,-35.0459,0.4877663,0.2007862,0.531231,-3.6776
113.5033,-31.62287,0.5443116,0.1838006,0.543711,-3.677519
113.5269,-27.54881,0.6098795,0.1653778,0.5583292,-3.677351
113.5513,-22.76361,0.685189,0.1453894,0.5760617,-3.677067
113.5758,-17.99291,0.759542,0.1257008,0.5963006,-3.676666
113.6002,-13.99544,0.823888,0.1074097,0.618327,-3.676156
113.6246,-11.59354,0.8722901,0.0912095,0.640889,-3.675567
113.6378,-11.19943,0.8907842,0.08345101,0.6527057,-3.675231
113.651,-11.41913,0.9041731,0.07638443,0.6639533,-3.674895
113.6642,-12.21446,0.9128739,0.06999702,0.6744327,-3.674566
113.6774,-13.52844,0.9173774,0.06426897,0.6840001,-3.674251
113.6906,-15.27942,0.9179973,0.05918023,0.6925508,-3.673956
113.7038,-17.37933,0.9150477,0.05470548,0.7000223,-3.673686
113.7169,-19.74571,0.908694,0.05082235,0.7063912,-3.673446
113.7301,-22.29385,0.8985922,0.04752275,0.7116566,-3.673239
113.7455,-25.3877,0.8815212,0.04440854,0.7164255,-3.673041
113.7608,-28.54699,0.8586723,0.04204021,0.7198097,-3.672892
113.7762,-31.70704,0.8297061,0.04039144,0.7218967,-3.67279
113.7915,-34.81659,0.7939503,0.03944308,0.7227771,-3.672737
113.8082,-38.12247,0.7473324,0.03917326,0.7224834,-3.672732
113.8249,-41.31941,0.6923451,0.03967689,0.7209884,-3.672782
113.8417,-44.38619,0.6290606,0.04094068,0.718394,-3.672885
113.8584,-47.32466,0.5599799,0.04293578,0.714821,-3.673039
113.872,-49.62372,0.5015939,0.04508832,0.7112636,-3.673199
113.8856,-51.8114,0.4422419,0.04771987,0.7071756,-3.673389
113.8993,-53.86975,0.3834704,0.05082652,0.7026109,-3.673609
113.9129,-55.78214,0.327297,0.05439709,0.6976268,-3.673856
113.9261,-57.47735,0.2772007,0.05827385,0.6924654,-3.674118
113.9393,-59.01354,0.2322245,0.06254935,0.6870161,-3.674402
113.9524,-60.38904,0.1930988,0.06719746,0.6813278,-3.674704
113.9656,-61.60777,0.1599901,0.07218774,0.6754458,-3.675024
113.9738,-62.28626,0.1424219,0.07542724,0.6717332,-3.675229
113.9819,-62.91128,0.1269697,0.07877592,0.6679717,-3.67544
113.99,-63.48594,0.1135087,0.08222538,0.6641696,-3.675655
113.9982,-64.01336,0.1018445,0.0857673,0.6603345,-3.675875
114.0063,-64.49671,0.09175735,0.08939346,0.6564734,-3.676099
114.0145,-64.93927,0.08311129,0.09309585,0.6525926,-3.676326
114.0226,-65.34409,0.07575408,0.09686681,0.648698,-3.676557
114.0307,-65.714,0.06949032,0.100699,0.6447947,-3.676791
114.0391,-66.05955,0.06400929,0.1046808,0.6407922,-3.677034
114.0474,-66.37402,0.05937664,0.1087123,0.6367902,-3.67728
114.0558,-66.65992,0.05548291,0.1127867,0.632793,-3.677528
114.0641,-66.91951,0.05218933,0.1168977,0.6288043,-3.677778
114.0723,-67.15108,0.04941634,0.1209689,0.6248947,-3.678026
114.0805,-67.36107,0.04705806,0.1250644,0.6209995,-3.678276
114.0887,-67.55115,0.04505899,0.1291791,0.6171215,-3.678528
114.0969,-67.72284,0.04335026,0.1333085,0.6132629,-3.678781
114.1056,-67.88654,0.04178701,0.1377037,0.60919,-3.67905
114.1143,-68.03257,0.04045805,0.1421056,0.6051438,-3.679322
114.123,-68.16233,0.03933314,0.1465098,0.6011264,-3.679594
114.1317,-68.27705,0.03837177,0.1509122,0.5971396,-3.679868
114.1413,-68.38768,0.03745819,0.1557694,0.5927725,-3.680171
114.1509,-68.48273,0.03669004,0.1606149,0.5884469,-3.680475
114.1606,-68.56345,0.03605069,0.1654444,0.5841646,-3.68078
114.1702,-68.63098,0.03551428,0.1702538,0.5799272,-3.681086
114.1812,-68.69328,0.03499937,0.1757209,0.5751412,-3.681436
114.1922,-68.74106,0.03458606,0.1811522,0.5704176,-3.681787
114.2031,-68.77552,0.03426487,0.1865431,0.5657578,-3.682138
114.2141,-68.79778,0.03401754,0.1918897,0.5611632,-3.682489
114.2271,-68.80968,0.03380058,0.1981189,0.5558422,-3.682903
114.24,-68.80747,0.03366469,0.2042765,0.5506146,-3.683316
114.2529,-68.79245,0.03360404,0.210358,0.5454817,-3.683729
114.2659,-68.76572,0.0336043,0.2163593,0.5404444,-3.684143
114.2815,-68.71919,0.03366931,0.2235066,0.5344802,-3.684641
114.2971,-68.65859,0.03380882,0.2305263,0.528658,-3.68514
114.3128,-68.58529,0.03401906,0.2374137,0.5229787,-3.685637
114.3284,-68.50051,0.03428724,0.2441651,0.5174424,-3.686132
114.3477,-68.38192,0.03467989,0.2522874,0.5108219,-3.68674
114.367,-68.24929,0.03515206,0.2601941,0.504418,-3.687346
114.3862,-68.10415,0.03570456,0.2678818,0.49823,-3.687949
114.4055,-67.94784,0.03631929,0.2753479,0.4922567,-3.688549
114.427,-67.76164,0.03705066,0.2834145,0.4858434,-3.689214
114.4485,-67.56442,0.03786671,0.2912013,0.479693,-3.689876
114.47,-67.35743,0.03878312,0.2987077,0.4738027,-3.690533
114.4914,-67.14177,0.03975791,0.3059335,0.4681695,-3.691185
114.5113,-66.93522,0.04067557,0.312373,0.4631809,-3.691784
114.5312,-66.7228,0.04166283,0.3185736,0.458407,-3.692379
114.5511,-66.50516,0.04273685,0.3245362,0.4538448,-3.69297
114.571,-66.28283,0.04385671,0.3302625,0.4494913,-3.693556
114.5895,-66.07248,0.04490678,0.3353726,0.4456305,-3.694096
114.608,-65.85894,0.04601192,0.3402813,0.4419446,-3.694633
114.6265,-65.64258,0.04718345,0.3449902,0.4384311,-3.695165
114.645,-65.4237,0.04839526,0.349501,0.4350873,-3.695694
114.6639,-65.19768,0.04964913,0.3539079,0.4318425,-3.696229
114.6828,-64.96966,0.05095711,0.3581114,0.4287693,-3.696761
114.7017,-64.73992,0.0523318,0.3621135,0.4258649,-3.697287
114.7205,-64.5087,0.05374738,0.365916,0.4231262,-3.69781
114.7402,-64.26711,0.05523255,0.369657,0.4204536,-3.698348
114.7598,-64.02443,0.05677562,0.373187,0.4179535,-3.698881
114.7794,-63.78091,0.05839208,0.3765085,0.4156224,-3.699409
114.799,-63.53668,0.06005148,0.3796237,0.4134571,-3.699932
114.8192,-63.28563,0.06176516,0.3826063,0.4114054,-3.700463
114.8393,-63.03424,0.06353969,0.3853769,0.4095208,-3.70099
114.8594,-62.78271,0.06539202,0.387938,0.4078,-3.701511
114.8795,-62.5311,0.06728909,0.3902922,0.4062392,-3.702027
114.9003,-62.27208,0.06925281,0.3925018,0.4047961,-3.702553
114.921,-62.01326,0.07128094,0.3944975,0.403515,-3.703073
114.9417,-61.75482,0.07339204,0.396282,0.4023922,-3.703587
114.9624,-61.49669,0.07555053,0.3978581,0.4014238,-3.704097
114.9838,-61.22957,0.07779751,0.399274,0.4005793,-3.704618
115.0053,-60.96297,0.08011443,0.4004721,0.3998924,-3.705134
115.0268,-60.69704,0.08252227,0.4014552,0.3993593,-3.705644
115.0482,-60.43158,0.0849819,0.4022264,0.3989756,-3.706149
115.0705,-60.15617,0.08754814,0.4028066,0.3987312,-3.706666
115.0928,-59.88134,0.09019269,0.4031644,0.3986398,-3.707177
115.115,-59.60719,0.09293979,0.4033029,0.3986973,-3.707683
115.1373,-59.33338,0.09574591,0.4032255,0.3988995,-3.708181
115.1605,-59.04873,0.09867667,0.40292,0.3992585,-3.708693
115.1836,-58.76437,0.1016987,0.4023876,0.3997654,-3.709198
115.2068,-58.48035,0.1048408,0.4016314,0.4004165,-3.709697
115.2299,-58.19607,0.1080542,0.4006549,0.4012075,-3.710188
115.254,-57.8999,0.1114127,0.3994119,0.4021722,-3.710692
115.278,-57.60319,0.1148837,0.3979375,0.40328,-3.711188
115.302,-57.30593,0.118502,0.3962342,0.4045277,-3.711677
115.3261,-57.00717,0.1222132,0.3943056,0.4059113,-3.712159
115.351,-56.69519,0.1260931,0.3920759,0.4074824,-3.712649
115.3758,-56.38105,0.1301205,0.3896094,0.4091932,-3.713132
115.4007,-56.06462,0.1343403,0.3869074,0.4110414,-3.713607
115.4256,-55.74441,0.1386913,0.3839731,0.413024,-3.714074
115.4512,-55.4091,0.1432398,0.3807142,0.4152012,-3.714546
115.4768,-55.06868,0.1479964,0.3772103,0.4175182,-3.715009
115.5024,-54.72279,0.1530217,0.3734601,0.419975,-3.715464
115.528,-54.36889,0.1582489,0.3694649,0.4225703,-3.715909
115.5541,-53.99688,0.163715,0.3651412,0.4253575,-3.716353
115.5802,-53.61432,0.1694981,0.3605562,0.4282925,-3.716787
115.6063,-53.22019,0.1756872,0.3557032,0.4313799,-3.717211
115.6324,-52.81007,0.1822154,0.3505792,0.434622,-3.717625
115.6586,-52.37594,0.1890575,0.3451466,0.438043,-3.718029
115.6849,-51.92061,0.1964258,0.3394168,0.4416371,-3.718422
115.7111,-51.44128,0.2044669,0.3333716,0.4454173,-3.718803
115.7374,-50.9293,0.2131345,0.3269975,0.4493942,-3.71917
115.7634,-50.38006,0.2222869,0.3203516,0.4535347,-3.71952
115.7893,-49.78649,0.2324064,0.3133257,0.4579103,-3.719855
115.8153,-49.14061,0.2437732,0.3058762,0.4625527,-3.720173
115.8413,-48.42303,0.2564337,0.2979632,0.4674928,-3.720474
115.8665,-47.6339,0.2700383,0.2897931,0.4726085,-3.720747
115.8917,-46.74322,0.2856533,0.2810466,0.4781085,-3.720999
115.9169,-45.72634,0.3039078,0.2716192,0.4840722,-3.721227
115.942,-44.53291,0.3251781,0.2614039,0.4905863,-3.721426
115.9661,-43.16492,0.3488226,0.2507769,0.4974332,-3.721587
115.9902,-41.53109,0.3772163,0.2390938,0.5050571,-3.721711
116.0143,-39.55653,0.4117964,0.2261346,0.5136696,-3.721792
116.0384,-37.11683,0.4536437,0.2117033,0.5235158,-3.72182
116.0622,-34.14764,0.5033821,0.1958598,0.5347232,-3.721784
116.0859,-30.48966,0.5630793,0.1783138,0.5478785,-3.721668
116.1097,-26.15694,0.6316481,0.1593789,0.56335,-3.721458
116.1335,-21.43854,0.7050805,0.1398894,0.5812941,-3.72114
116.1482,-18.56007,0.7499697,0.1280663,0.5935881,-3.720886
116.1629,-15.9342,0.7916627,0.116714,0.606592,-3.720592
116.1776,-13.75267,0.8282569,0.1060267,0.6200457,-3.720263
116.1923,-12.1882,0.8586466,0.09612553,0.6336391,-3.719906
116.207,-11.37227,0.8824482,0.08706809,0.6470249,-3.719531
116.2217,-11.32164,0.8997225,0.07887093,0.6598412,-3.71915
116.2364,-12.00175,0.9108892,0.07152571,0.6717854,-3.718774
116.2511,-13.35016,0.9167168,0.06500563,0.6826445,-3.718414
116.2633,-14.89907,0.9179476,0.0602072,0.690707,-3.718132
116.2754,-16.7611,0.9160926,0.05593602,0.6978588,-3.717872
116.2876,-18.87009,0.9112887,0.05217483,0.7040743,-3.717636
116.2998,-21.15852,0.9033489,0.04891511,0.7093465,-3.717427
116.3154,-24.26562,0.8879917,0.04544926,0.71476,-3.717201
116.3311,-27.47272,0.8668338,0.04276759,0.7187037,-3.717024
116.3468,-30.70432,0.8395781,0.04084111,0.7212662,-3.716897
116.3624,-33.89627,0.8053528,0.03965292,0.7225396,-3.716821
116.3784,-37.08046,0.7629917,0.03917351,0.722621,-3.716794
116.3944,-40.16968,0.7129488,0.03940796,0.7215713,-3.716817
116.4104,-43.14494,0.6552298,0.04034065,0.7194833,-3.716889
116.4264,-46.00731,0.5915755,0.04194611,0.7164624,-3.717008
116.4405,-48.43918,0.5323756,0.04390583,0.7131019,-3.71715
116.4546,-50.76076,0.4712457,0.04638009,0.709143,-3.717325
116.4687,-52.95314,0.4097583,0.04936644,0.7046446,-3.717533
116.4828,-54.99798,0.3502028,0.05285419,0.6996701,-3.71777
116.4959,-56.74334,0.2987232,0.05651647,0.6946969,-3.718014
116.5089,-58.33534,0.2518215,0.06057966,0.6894193,-3.71828
116.522,-59.76945,0.2103708,0.06502073,0.6838858,-3.718566
116.5351,-61.04713,0.174784,0.06981187,0.678142,-3.71887
116.5437,-61.80815,0.1544861,0.0731516,0.6742554,-3.719079
116.5523,-62.50703,0.1366523,0.07662018,0.670307,-3.719294
116.5609,-63.14724,0.1211625,0.08020767,0.6663073,-3.719515
116.5696,-63.73238,0.1077975,0.08390415,0.6622657,-3.719741
116.5782,-64.26622,0.0962956,0.08769974,0.658191,-3.719973
116.5868,-64.7527,0.08650414,0.09158479,0.6540911,-3.720208
116.5954,-65.19554,0.07824462,0.09555004,0.6499731,-3.720448
116.6041,-65.59816,0.07127279,0.09958661,0.6458436,-3.720691
116.6124,-65.95294,0.06552198,0.1035578,0.6418367,-3.720929
116.6208,-66.27583,0.06066137,0.1075807,0.6378292,-3.721171
116.6291,-66.56939,0.05657687,0.1116483,0.6338253,-3.721415
116.6375,-66.83596,0.05312361,0.1157542,0.6298291,-3.721661
116.6457,-67.07316,0.05022556,0.119811,0.6259219,-3.721905
116.6539,-67.28834,0.04776173,0.1238932,0.6220283,-3.722151
116.6621,-67.48322,0.04567401,0.127996,0.6181512,-3.722398
116.6702,-67.65933,0.04389045,0.1321144,0.6142928,-3.722646
116.6789,-67.82675,0.04226555,0.1364826,0.6102349,-3.722911
116.6876,-67.9763,0.0408841,0.1408586,0.606203,-3.723176
116.6962,-68.10936,0.03971451,0.1452379,0.602199,-3.723443
116.7049,-68.22721,0.03871481,0.1496164,0.5982249,-3.723711
116.7145,-68.34084,0.03776678,0.1544372,0.5938811,-3.724008
116.724,-68.43877,0.03696884,0.1592475,0.5895778,-3.724305
116.7336,-68.52225,0.03630362,0.1640429,0.5853167,-3.724604
116.7431,-68.59242,0.03574449,0.1688196,0.5810995,-3.724903
116.754,-68.65752,0.03520759,0.1742402,0.5763447,-3.725245
116.7649,-68.70801,0.03477467,0.1796266,0.5716508,-3.725587
116.7758,-68.74512,0.03443588,0.1849745,0.5670192,-3.72593
116.7867,-68.76996,0.03417255,0.1902797,0.5624513,-3.726273
116.7995,-68.7848,0.03393864,0.1964523,0.5571685,-3.726676
116.8123,-68.7855,0.03378699,0.202556,0.5519768,-3.727079
116.8251,-68.77333,0.03371159,0.2085861,0.5468776,-3.727483
116.8379,-68.74942,0.03369787,0.2145387,0.5418719,-3.727886
116.8533,-68.70631,0.03374666,0.2216209,0.5359509,-3.728372
116.8688,-68.64909,0.03387041,0.2285795,0.5301685,-3.728857
116.8842,-68.57915,0.03406521,0.2354099,0.5245254,-3.729341
116.8997,-68.4977,0.03431821,0.2421083,0.5190222,-3.729824
116.9187,-68.38307,0.03469309,0.2501766,0.5124328,-3.730417
116.9378,-68.25431,0.03514741,0.258035,0.5060557,-3.731008
116.9568,-68.11298,0.03568142,0.2656798,0.49989,-3.731596
116.9759,-67.96039,0.0362778,0.2731081,0.4939348,-3.732181
116.9974,-67.77605,0.03699873,0.2812322,0.4874626,-3.732838
117.0189,-67.58033,0.03780526,0.2890763,0.4812544,-3.733491
117.0404,-67.37456,0.03871231,0.2966394,0.4753076,-3.734139
117.0619,-67.15985,0.03967898,0.3039213,0.4696191,-3.734783
117.082,-66.95272,0.04059612,0.3104507,0.4645507,-3.735378
117.102,-66.73947,0.04158438,0.3167374,0.4597007,-3.735968
117.122,-66.52078,0.04266138,0.3227825,0.4550662,-3.736554
117.142,-66.29723,0.04378514,0.3285875,0.4506441,-3.737136
117.1606,-66.08654,0.04483413,0.3337447,0.4467399,-3.73767
117.1791,-65.87257,0.04593905,0.3386991,0.4430122,-3.7382
117.1976,-65.65569,0.04711135,0.3434523,0.4394585,-3.738726
117.2161,-65.43621,0.04832442,0.3480059,0.436076,-3.739247
117.235,-65.21037,0.04957492,0.3524384,0.4328054,-3.739774
117.2539,-64.98249,0.05087976,0.3566676,0.4297067,-3.740297
117.2727,-64.75284,0.05225141,0.3606954,0.4267769,-3.740815
117.2916,-64.52166,0.05366419,0.3645236,0.4240133,-3.741328
117.3112,-64.2799,0.05514797,0.3682941,0.421313,-3.741857
117.3308,-64.03701,0.0566899,0.3718532,0.4187858,-3.742382
117.3504,-63.79323,0.05830537,0.3752034,0.4164283,-3.742901
117.37,-63.54872,0.05996407,0.378347,0.4142372,-3.743416
117.3902,-63.29726,0.06167799,0.3813593,0.4121589,-3.743938
117.4103,-63.04544,0.06345303,0.384159,0.4102485,-3.744456
117.4304,-62.79345,0.06530618,0.3867486,0.4085026,-3.744968
117.4505,-62.54137,0.06720434,0.3891308,0.4069175,-3.745475
117.4712,-62.2819,0.069169,0.391368,0.4054506,-3.745992
117.4919,-62.02262,0.07119833,0.3933909,0.4041464,-3.746503
117.5126,-61.7637,0.07331087,0.395202,0.4030011,-3.747008
117.5333,-61.50509,0.07547109,0.3968043,0.4020108,-3.747508
117.5547,-61.23749,0.07771986,0.3982465,0.4011446,-3.748021
117.5762,-60.97041,0.08003882,0.3994705,0.4004368,-3.748527
117.5976,-60.70398,0.0824489,0.4004789,0.3998832,-3.749027
117.619,-60.43804,0.08491103,0.4012751,0.3994799,-3.749522
117.6413,-60.1621,0.08748023,0.4018805,0.3992158,-3.75003
117.6635,-59.88675,0.09012795,0.4022631,0.3991053,-3.750531
117.6858,-59.61209,0.09287841,0.4024258,0.3991445,-3.751026
117.7081,-59.33775,0.09568813,0.4023721,0.3993292,-3.751515
117.7312,-59.05256,0.09862314,0.4020905,0.3996706,-3.752017
117.7543,-58.76765,0.1016497,0.4015816,0.4001607,-3.752511
117.7775,-58.48308,0.1047964,0.4008481,0.4007957,-3.752999
117.8006,-58.19826,0.1080147,0.3998938,0.4015712,-3.753481
117.8246,-57.90151,0.111379,0.398673,0.4025207,-3.753974
117.8486,-57.60423,0.1148558,0.3972202,0.4036142,-3.754459
117.8727,-57.3064,0.1184803,0.3955377,0.4048482,-3.754937
117.8967,-57.00707,0.122198,0.3936293,0.4062188,-3.755408
117.9216,-56.69447,0.1260854,0.3914195,0.4077774,-3.755888
117.9464,-56.37971,0.1301207,0.3889721,0.4094764,-3.75636
117.9713,-56.06267,0.1343486,0.3862885,0.4113137,-3.756824
117.9962,-55.74183,0.1387081,0.3833717,0.413286,-3.75728
118.0217,-55.40584,0.1432666,0.3801297,0.4154537,-3.75774
118.0473,-55.06473,0.1480337,0.3766417,0.4177619,-3.758192
118.0729,-54.71813,0.1530699,0.3729066,0.4202107,-3.758635
118.0985,-54.36352,0.1583088,0.3689256,0.4227988,-3.759069
118.1246,-53.99069,0.1637884,0.3646148,0.4255797,-3.759502
118.1507,-53.60729,0.1695859,0.3600417,0.4285093,-3.759924
118.1768,-53.21229,0.1757906,0.3551997,0.431592,-3.760337
118.2029,-52.80124,0.1823356,0.3500857,0.4348302,-3.760739
118.2291,-52.36607,0.1891968,0.3446615,0.4382485,-3.761132
118.2554,-51.9096,0.1965863,0.3389389,0.4418408,-3.761513
118.2816,-51.42905,0.2046511,0.3328998,0.44562,-3.761882
118.3079,-50.9157,0.2133451,0.3265304,0.4495969,-3.762238
118.3338,-50.3649,0.2225274,0.3198876,0.4537387,-3.762576
118.3598,-49.76957,0.2326812,0.3128632,0.4581166,-3.762899
118.3858,-49.12165,0.2440881,0.3054136,0.4627627,-3.763206
118.4117,-48.40167,0.2567957,0.2974986,0.4677079,-3.763495
118.4369,-47.60973,0.2704536,0.2893247,0.4728301,-3.763757
118.4621,-46.71568,0.286133,0.280572,0.4783386,-3.763997
118.4873,-45.69467,0.3044664,0.2711356,0.4843132,-3.764213
118.5125,-44.49606,0.3258334,0.2609078,0.4908411,-3.764401
118.5366,-43.12179,0.3495914,0.2502651,0.4977048,-3.76455
118.5607,-41.48,0.3781263,0.2385619,0.5053498,-3.764663
118.5848,-39.49545,0.4128797,0.225578,0.5139892,-3.764732
118.6089,-37.0435,0.4549322,0.2111186,0.5238692,-3.764748
118.6327,-34.05846,0.5049396,0.195235,0.5351257,-3.7647
118.6564,-30.38339,0.5649043,0.1776549,0.5483411,-3.764572
118.6802,-26.03674,0.6336627,0.1587028,0.5638808,-3.764348
118.704,-21.3172,0.7071174,0.1392243,0.5818923,-3.764017
118.7186,-18.46876,0.7515901,0.1275063,0.594132,-3.763757
118.7332,-15.87721,0.7928315,0.116261,0.6070622,-3.763458
118.7478,-13.72988,0.8289946,0.1056761,0.6204258,-3.763124
118.7624,-12.19458,0.8590172,0.09586844,0.6339174,-3.762763
118.777,-11.39809,0.8825394,0.08689325,0.6471966,-3.762384
118.7916,-11.35606,0.8996311,0.07876621,0.6599102,-3.762
118.8062,-12.03438,0.910709,0.07147891,0.6717625,-3.761621
118.8208,-13.37133,0.9165175,0.06500532,0.6825448,-3.761256
118.8331,-14.9222,0.9177661,0.06019145,0.6906341,-3.760969
118.8453,-16.78846,0.9159056,0.05590831,0.6978071,-3.760703
118.8575,-18.90334,0.9110748,0.05213848,0.7040381,-3.760461
118.8697,-21.19866,0.9030829,0.04887342,0.7093198,-3.760247
118.8854,-24.30223,0.8876921,0.04541794,0.7147179,-3.760014
118.901,-27.5053,0.8665011,0.04274531,0.7186492,-3.759831
118.9167,-30.73263,0.8392132,0.04082664,0.7212019,-3.759698
118.9323,-33.92035,0.8049629,0.03964495,0.7224679,-3.759616
118.9484,-37.1049,0.762526,0.03917065,0.7225433,-3.759582
118.9644,-40.19439,0.7123991,0.03941101,0.7214866,-3.759599
118.9804,-43.16976,0.6545908,0.04035045,0.7193907,-3.759665
118.9964,-46.03204,0.5908545,0.04196346,0.7163611,-3.759777
119.0105,-48.46029,0.5316822,0.04392742,0.7129975,-3.759913
119.0246,-50.77822,0.4706027,0.04640509,0.7090371,-3.760083
119.0387,-52.96694,0.4091882,0.049394,0.7045382,-3.760284
119.0528,-55.00814,0.3497214,0.0528834,0.6995645,-3.760516
119.0659,-56.75163,0.2982884,0.05654964,0.6945886,-3.760755
119.0789,-58.34166,0.2514432,0.06061657,0.6893086,-3.761015
119.092,-59.77377,0.2100551,0.06506108,0.6837731,-3.761296
119.1051,-61.04946,0.1745315,0.06985528,0.6780277,-3.761594
119.1137,-61.80749,0.1543183,0.07318876,0.6741494,-3.761799
119.1223,-62.5037,0.1365555,0.0766503,0.6702098,-3.76201
119.1309,-63.14154,0.1211231,0.08023003,0.6662193,-3.762227
119.1395,-63.72459,0.1078037,0.08391808,0.6621871,-3.762449
119.1481,-64.2566,0.09633751,0.08770464,0.6581221,-3.762676
119.1567,-64.74147,0.08657265,0.09158014,0.654032,-3.762908
119.1653,-65.18291,0.0783317,0.09553536,0.6499239,-3.763143
119.1739,-65.58429,0.07137254,0.09956148,0.6458043,-3.763382
119.1823,-65.939,0.0656149,0.1035337,0.6417957,-3.763617
119.1907,-66.26177,0.06074884,0.1075576,0.6377864,-3.763855
119.199,-66.55517,0.05666011,0.1116262,0.6337808,-3.764096
119.2074,-66.82154,0.05320357,0.1157331,0.6297829,-3.764339
119.2156,-67.05847,0.05030344,0.11979,0.6258748,-3.764579
119.2238,-67.27337,0.04783804,0.1238724,0.6219803,-3.764821
119.232,-67.46793,0.04574918,0.1279752,0.6181023,-3.765065
119.2402,-67.64372,0.04396485,0.1320937,0.6142432,-3.76531
119.2489,-67.8108,0.04233928,0.1364622,0.6101841,-3.765571
119.2575,-67.95998,0.04095751,0.1408385,0.606151,-3.765833
119.2662,-68.09266,0.0397879,0.145218,0.602146,-3.766097
119.2749,-68.2101,0.03878843,0.1495965,0.598171,-3.766361
119.2844,-68.32329,0.03784077,0.1544178,0.5938256,-3.766654
119.294,-68.42075,0.03704348,0.1592285,0.5895209,-3.766947
119.3036,-68.50375,0.03637913,0.1640242,0.5852586,-3.767242
119.3131,-68.57343,0.03582107,0.1688009,0.5810404,-3.767537
119.324,-68.63796,0.0352855,0.1742224,0.5762836,-3.767874
119.335,-68.68786,0.03485416,0.1796095,0.5715878,-3.768212
119.3459,-68.72437,0.03451717,0.1849578,0.5669546,-3.768551
119.3568,-68.74858,0.03425582,0.1902632,0.5623854,-3.768889
119.3696,-68.76267,0.03402441,0.1964376,0.5570997,-3.769287
119.3824,-68.76259,0.03387553,0.2025426,0.5519055,-3.769686
119.3952,-68.74962,0.03380315,0.2085737,0.5468041,-3.770084
119.408,-68.7249,0.03379268,0.2145267,0.5417965,-3.770482
119.4235,-68.68076,0.03384572,0.2216123,0.535871,-3.770962
119.439,-68.62248,0.0339741,0.2285735,0.5300848,-3.771441
119.4545,-68.55145,0.03417388,0.2354057,0.5244386,-3.771919
119.47,-68.46888,0.0344322,0.2421052,0.5189329,-3.772396
119.4891,-68.35279,0.03481416,0.2501771,0.5123388,-3.772982
119.5082,-68.22256,0.03527615,0.2580378,0.505958,-3.773566
119.5273,-68.07971,0.03581849,0.2656834,0.4997899,-3.774147
119.5464,-67.9256,0.03642367,0.2731113,0.4938335,-3.774725
119.5679,-67.73986,0.0371534,0.2812187,0.4873728,-3.775372
119.5894,-67.54277,0.03796924,0.2890454,0.4811767,-3.776015
119.611,-67.33566,0.03888633,0.2965904,0.4752425,-3.776654
119.6325,-67.11964,0.03986338,0.3038537,0.469567,-3.777288
119.6525,-66.91161,0.04078894,0.3103562,0.4645181,-3.777873
119.6725,-66.69749,0.04178585,0.3166162,0.4596874,-3.778454
119.6925,-66.47798,0.04287171,0.3226348,0.4550719,-3.779031
119.7126,-66.25363,0.04400461,0.3284133,0.4506687,-3.779603
119.7311,-66.04201,0.04506347,0.3335515,0.4467778,-3.780128
119.7496,-65.82713,0.04617852,0.3384867,0.4430636,-3.78065
119.7682,-65.60936,0.04736126,0.3432203,0.4395235,-3.781167
119.7867,-65.38901,0.04858508,0.3477539,0.4361548,-3.78168
119.8056,-65.16211,0.04984796,0.35217,0.4328956,-3.782199
119.8245,-64.93316,0.05116561,0.356382,0.4298087,-3.782713
119.8434,-64.70248,0.05255059,0.3603919,0.4268913,-3.783223
119.8623,-64.47027,0.05397708,0.3642017,0.4241404,-3.783728
119.8819,-64.22753,0.05547501,0.3679514,0.4214545,-3.784249
119.9015,-63.98366,0.05703153,0.3714894,0.4189419,-3.784764
119.9212,-63.73893,0.05866214,0.3748177,0.4165995,-3.785275
119.9408,-63.49349,0.06033636,0.3779389,0.4144237,-3.78578
119.9609,-63.24107,0.06206656,0.3809279,0.4123614,-3.786294
119.9811,-62.98831,0.06385836,0.3837037,0.4104674,-3.786803
120.0012,-62.73541,0.06572882,0.3862688,0.4087381,-3.787306
120.0213,-62.48242,0.06764473,0.3886258,0.40717,-3.787804
120.0421,-62.22197,0.06962844,0.3908372,0.4057205,-3.788311
120.0628,-61.96172,0.07167737,0.3928335,0.4044341,-3.788813
120.0835,-61.70185,0.0738102,0.3946173,0.4033069,-3.789309
120.1042,-61.44229,0.07599119,0.3961916,0.4023352,-3.7898
120.1257,-61.17366,0.0782622,0.3976045,0.4014884,-3.790303
120.1472,-60.90557,0.08060409,0.3987982,0.4008002,-3.790799
120.1687,-60.63813,0.08303796,0.3997757,0.4002668,-3.79129
120.1901,-60.37117,0.08552449,0.4005401,0.3998839,-3.791775
120.2124,-60.09414,0.08811975,0.4011119,0.3996413,-3.792273
120.2347,-59.81769,0.09079444,0.40146,0.3995527,-3.792764
120.257,-59.54191,0.09357302,0.4015873,0.3996142,-3.793249
120.2793,-59.26644,0.09641174,0.4014974,0.3998215,-3.793728
120.3025,-58.98001,0.09937771,0.4011774,0.4001867,-3.794219
120.3257,-58.69384,0.1024365,0.400629,0.4007011,-3.794703
120.3489,-58.40797,0.1056172,0.3998553,0.4013607,-3.79518
120.372,-58.12179,0.1088707,0.3988597,0.4021613,-3.795651
120.3961,-57.82356,0.1122726,0.3975953,0.4031372,-3.796133
120.4202,-57.52471,0.1157892,0.3960978,0.4042574,-3.796607
120.4442,-57.22525,0.119456,0.3943696,0.4055187,-3.797074
120.4683,-56.92418,0.1232181,0.3924143,0.4069171,-3.797534
120.4932,-56.60967,0.1271529,0.3901553,0.4085047,-3.798002
120.5181,-56.29285,0.131239,0.3876575,0.4102333,-3.798462
120.543,-55.9736,0.1355219,0.3849222,0.4121009,-3.798914
120.5679,-55.65034,0.1399404,0.3819524,0.4141042,-3.799358
120.5935,-55.31169,0.1445615,0.3786554,0.4163039,-3.799806
120.6192,-54.96764,0.1493973,0.3751109,0.4186451,-3.800245
120.6448,-54.6178,0.1545096,0.3713174,0.4211281,-3.800675
120.6704,-54.25954,0.1598319,0.367276,0.4237516,-3.801096
120.6965,-53.8827,0.1654004,0.362904,0.4265685,-3.801515
120.7226,-53.49474,0.171298,0.3582672,0.4295358,-3.801925
120.7487,-53.09455,0.1776166,0.3533583,0.4326585,-3.802323
120.7748,-52.6775,0.1842902,0.3481738,0.4359392,-3.802711
120.8011,-52.23561,0.19129,0.3426796,0.4394001,-3.80309
120.8273,-51.77129,0.1988403,0.3368823,0.4430385,-3.803457
120.8536,-51.28154,0.2070945,0.3307624,0.4468684,-3.803811
120.8798,-50.75715,0.2160102,0.324305,0.4509013,-3.804151
120.9057,-50.19371,0.225436,0.3175749,0.4550997,-3.804474
120.9317,-49.58312,0.2358831,0.3104533,0.4595418,-3.804781
120.9576,-48.91664,0.2476488,0.3028934,0.4642619,-3.805072
120.9835,-48.17347,0.2607937,0.2948521,0.4692932,-3.805344
121.0086,-47.35405,0.2749486,0.286548,0.4745065,-3.805588
121.0338,-46.42553,0.2912493,0.2776418,0.4801242,-3.80581
121.0589,-45.36087,0.3103705,0.2680218,0.4862317,-3.806008
121.084,-44.10552,0.3327345,0.257573,0.4929235,-3.806175
121.108,-42.66087,0.3576841,0.2466794,0.4999791,-3.806304
121.1321,-40.92762,0.3877391,0.2346712,0.5078656,-3.806395
121.1561,-38.82552,0.4244016,0.2213236,0.5168116,-3.806439
121.1801,-36.22582,0.4687624,0.2064499,0.5270801,-3.806427
121.204,-33.04144,0.5219867,0.1899764,0.5389296,-3.806346
121.2279,-29.14256,0.5852056,0.1718548,0.5528814,-3.80618
121.2519,-24.59745,0.6563178,0.1525428,0.5692711,-3.805913
121.2758,-19.82431,0.7302227,0.1330168,0.5881473,-3.805535
121.2893,-17.28123,0.7702763,0.1223532,0.5998203,-3.80527
121.3028,-15.03224,0.8068042,0.1121737,0.6119964,-3.804973
121.3164,-13.22119,0.8385026,0.1026055,0.6244471,-3.804649
121.3299,-11.96983,0.8647245,0.09372467,0.6369186,-3.804304
121.3434,-11.36221,0.8853423,0.08556389,0.6491383,-3.803946
121.357,-11.40296,0.9005043,0.07813033,0.6608334,-3.803585
121.3705,-12.06116,0.9105952,0.07141467,0.6717758,-3.803228
121.384,-13.28331,0.9161658,0.06539677,0.6817982,-3.802885
121.3965,-14.83975,0.9176593,0.0604427,0.6901235,-3.802585
121.409,-16.72997,0.9159056,0.05604319,0.6974959,-3.802307
121.4215,-18.88283,0.9110634,0.05217939,0.7038865,-3.802054
121.434,-21.22521,0.9029212,0.04884257,0.7092866,-3.80183
121.4496,-24.31926,0.8875443,0.04540045,0.714666,-3.801592
121.4652,-27.51242,0.866395,0.04273701,0.7185864,-3.801403
121.4809,-30.72992,0.8391767,0.04082363,0.7211352,-3.801264
121.4965,-33.90835,0.8050341,0.03964338,0.7224037,-3.801175
121.5125,-37.09295,0.7626227,0.03916639,0.722486,-3.801134
121.5285,-40.18258,0.7125188,0.03940442,0.7214351,-3.801144
121.5445,-43.15811,0.6547301,0.04034186,0.7193439,-3.801203
121.5605,-46.02052,0.5910096,0.04195314,0.7163181,-3.801309
121.5747,-48.44907,0.5318428,0.04391593,0.712957,-3.801439
121.5888,-50.76726,0.4707643,0.04639267,0.7089983,-3.801603
121.6029,-52.95619,0.4093458,0.04938085,0.7045007,-3.801798
121.617,-54.99756,0.3498718,0.05286972,0.6995277,-3.802024
121.6301,-56.7405,0.29845,0.05653406,0.6945542,-3.802257
121.6431,-58.33005,0.2516107,0.06059888,0.6892766,-3.802513
121.6562,-59.76174,0.210223,0.06504108,0.6837433,-3.802787
121.6693,-61.03706,0.1746952,0.06983279,0.6780001,-3.80308
121.6779,-61.79426,0.1544935,0.07316166,0.6741266,-3.803281
121.6865,-62.48973,0.1367372,0.07661832,0.6701918,-3.803489
121.6951,-63.12693,0.1213065,0.0801929,0.6662061,-3.803702
121.7037,-63.70943,0.1079854,0.08387557,0.6621788,-3.80392
121.7123,-64.24096,0.09651539,0.08765654,0.6581187,-3.804143
121.7209,-64.72541,0.08674475,0.09152626,0.6540335,-3.804371
121.7295,-65.16646,0.07849653,0.09547554,0.6499304,-3.804602
121.7381,-65.56751,0.07152952,0.09949557,0.6458157,-3.804837
121.7465,-65.92251,0.06575516,0.1034687,0.6418049,-3.805069
121.7549,-66.24549,0.06087536,0.1074935,0.6377934,-3.805304
121.7632,-66.53903,0.0567755,0.111563,0.6337857,-3.805541
121.7716,-66.80547,0.05330995,0.1156709,0.6297856,-3.805781
121.7798,-67.04234,0.05040347,0.1197275,0.6258767,-3.806018
121.788,-67.25714,0.04793289,0.1238095,0.6219814,-3.806257
121.7962,-67.45158,0.04583987,0.1279118,0.6181026,-3.806497
121.8044,-67.62721,0.0440522,0.1320298,0.6142428,-3.806739
121.8131,-67.79409,0.04242384,0.1363978,0.610183,-3.806996
121.8218,-67.94304,0.04103994,0.1407734,0.6061493,-3.807255
121.8305,-68.07548,0.03986876,0.1451521,0.6021437,-3.807515
121.8391,-68.19265,0.03886818,0.1495299,0.5981682,-3.807775
121.8487,-68.30553,0.03791969,0.1543504,0.5938223,-3.808064
121.8583,-68.40265,0.03712199,0.1591601,0.589517,-3.808354
121.8679,-68.48529,0.03645758,0.1639548,0.5852543,-3.808644
121.8774,-68.55459,0.03589977,0.1687303,0.5810357,-3.808936
121.8883,-68.61868,0.03536471,0.1741511,0.5762781,-3.809269
121.8993,-68.66812,0.03493419,0.1795373,0.5715816,-3.809602
121.9102,-68.70414,0.03459829,0.1848844,0.5669479,-3.809936
121.9211,-68.72786,0.03433828,0.1901884,0.5623783,-3.81027
121.9339,-68.74134,0.03410864,0.1963625,0.557091,-3.810664
121.9468,-68.74063,0.03396185,0.2024669,0.5518955,-3.811057
121.9596,-68.72701,0.03389181,0.208497,0.5467931,-3.81145
121.9724,-68.70161,0.03388393,0.2144488,0.541785,-3.811842
121.9879,-68.65661,0.03394044,0.2215354,0.5358565,-3.812316
122.0035,-68.59745,0.03407265,0.2284969,0.530068,-3.81279
122.019,-68.52551,0.0342766,0.2353289,0.5244201,-3.813262
122.0345,-68.44201,0.03453941,0.2420274,0.5189131,-3.813733
122.0536,-68.32469,0.03492745,0.2501009,0.5123154,-3.814312
122.0728,-68.19319,0.03539606,0.2579619,0.5059321,-3.814888
122.0919,-68.04905,0.03594562,0.2656068,0.4997624,-3.815461
122.111,-67.89363,0.03655847,0.2730329,0.4938054,-3.816032
122.1326,-67.70665,0.03729611,0.2811264,0.4873535,-3.81667
122.1541,-67.50834,0.03812036,0.2889386,0.4811668,-3.817304
122.1757,-67.30002,0.03904654,0.2964684,0.4752424,-3.817934
122.1972,-67.08281,0.04003304,0.3037159,0.4695773,-3.818559
122.2172,-66.8739,0.04096652,0.3101965,0.4645436,-3.819135
122.2372,-66.65895,0.04197161,0.3164346,0.459728,-3.819707
122.2572,-66.43862,0.04306589,0.3224313,0.4551277,-3.820274
122.2772,-66.21348,0.04420752,0.328188,0.4507394,-3.820837
122.2958,-66.00097,0.04527566,0.3333102,0.4468592,-3.821354
122.3143,-65.78522,0.04640028,0.338229,0.4431559,-3.821867
122.3329,-65.56659,0.04759291,0.342946,0.439627,-3.822376
122.3514,-65.3454,0.04882693,0.3474627,0.4362697,-3.822881
122.3703,-65.11749,0.05010136,0.3518642,0.4330201,-3.823392
122.3892,-64.88755,0.05143097,0.356061,0.4299433,-3.823898
122.4081,-64.6559,0.05282843,0.3600551,0.4270364,-3.8244
122.4271,-64.42273,0.05426776,0.3638485,0.4242965,-3.824897
122.4467,-64.17905,0.05577897,0.3675799,0.4216228,-3.825409
122.4664,-63.93426,0.05734921,0.371099,0.419123,-3.825916
122.486,-63.68863,0.05899405,0.3744079,0.4167936,-3.826418
122.5057,-63.4423,0.0606829,0.3775091,0.4146312,-3.826915
122.5258,-63.18897,0.06242846,0.3804773,0.4125828,-3.82742
122.546,-62.93531,0.06423609,0.3832317,0.4107031,-3.82792
122.5661,-62.68152,0.06612293,0.3857749,0.4089885,-3.828414
122.5863,-62.42767,0.06805564,0.3881094,0.4074353,-3.828904
122.6071,-62.16627,0.07005737,0.3902975,0.4060012,-3.829402
122.6278,-61.90509,0.07212486,0.3922699,0.4047305,-3.829895
122.6486,-61.6443,0.07427689,0.3940291,0.4036195,-3.830382
122.6693,-61.38384,0.07647757,0.3955781,0.4026642,-3.830863
122.6908,-61.11422,0.07876968,0.3969643,0.4018347,-3.831357
122.7123,-60.84515,0.08113331,0.3981306,0.4011642,-3.831844
122.7338,-60.57674,0.08358974,0.39908,0.4006488,-3.832325
122.7553,-60.3088,0.08609945,0.3998155,0.4002843,-3.832801
122.7777,-60.03072,0.08871946,0.4003566,0.4000611,-3.833289
122.8,-59.7532,0.0914198,0.4006731,0.3999924,-3.83377
122.8223,-59.47635,0.09422511,0.4007681,0.400074,-3.834246
122.8447,-59.19979,0.09709142,0.400645,0.4003018,-3.834714
122.8679,-58.91217,0.1000869,0.4002898,0.4006888,-3.835195
122.8911,-58.62477,0.1031764,0.3997052,0.4012253,-3.835669
122.9143,-58.33764,0.1063894,0.3988944,0.4019074,-3.836136
122.9375,-58.05015,0.1096767,0.3978609,0.4027309,-3.836597
122.9617,-57.75049,0.1131145,0.3965562,0.403731,-3.837067
122.9858,-57.45015,0.116669,0.3950174,0.4048758,-3.837531
123.0099,-57.1491,0.1203762,0.3932469,0.4061622,-3.837987
123.034,-56.84634,0.1241809,0.3912484,0.4075861,-3.838436
123.0589,-56.52998,0.1281611,0.3889438,0.4092006,-3.838892
123.0839,-56.21118,0.1322959,0.3863993,0.4109566,-3.839341
123.1088,-55.88978,0.1366316,0.3836159,0.4128522,-3.839781
123.1337,-55.56417,0.1411067,0.3805968,0.4148844,-3.840213
123.1594,-55.22295,0.1457881,0.3772487,0.4171139,-3.840649
123.1851,-54.87605,0.15069,0.3736516,0.4194858,-3.841076
123.2107,-54.52306,0.1558758,0.3698036,0.4220007,-3.841494
123.2364,-54.16126,0.1612786,0.3657057,0.4246575,-3.841902
123.2625,-53.78051,0.1669331,0.3612765,0.427508,-3.842309
123.2886,-53.38809,0.1729275,0.3565799,0.4305109,-3.842705
123.3147,-52.98285,0.1793568,0.3516081,0.4336712,-3.84309
123.3408,-52.55993,0.1861554,0.3463572,0.4369922,-3.843465
123.3671,-52.11146,0.1932901,0.3407971,0.4404935,-3.84383
123.3933,-51.63945,0.2009973,0.3349291,0.4441758,-3.844182
123.4195,-51.14066,0.2094368,0.3287325,0.4480541,-3.844522
123.4458,-50.60541,0.2185697,0.3221913,0.4521406,-3.844848
123.4717,-50.0295,0.2282348,0.315378,0.4563934,-3.845155
123.4976,-49.40382,0.2389708,0.3081631,0.4608975,-3.845447
123.5234,-48.71894,0.2510905,0.3004971,0.4656892,-3.845722
123.5493,-47.95274,0.2646684,0.2923337,0.4708044,-3.845977
123.5744,-47.10592,0.2793166,0.283903,0.4761069,-3.846205
123.5995,-46.14296,0.2962355,0.2748471,0.4818318,-3.84641
123.6245,-45.03456,0.3161421,0.2650475,0.4880705,-3.846589
123.6496,-43.72227,0.339501,0.2543819,0.4949245,-3.846737
123.6735,-42.20676,0.3656451,0.2432398,0.5021719,-3.846846
123.6975,-40.38135,0.3972217,0.2309304,0.5103006,-3.846915
123.7214,-38.16122,0.4357811,0.2172266,0.5195542,-3.846934
123.7454,-35.41525,0.4824004,0.201955,0.5302115,-3.846895
123.7695,-32.02939,0.5388744,0.18489,0.5426814,-3.846782
123.7936,-27.91522,0.605196,0.1662561,0.5573952,-3.846578
123.8177,-23.19956,0.6782136,0.1466476,0.5746445,-3.846267
123.8418,-18.42764,0.7518942,0.1271465,0.5943595,-3.845842
123.8545,-16.16253,0.7881279,0.1173337,0.6056084,-3.845572
123.8673,-14.2215,0.8206378,0.1080088,0.6172108,-3.845275
123.88,-12.71578,0.8485164,0.09925868,0.6289596,-3.844957
123.8927,-11.73383,0.871412,0.09113194,0.6406371,-3.844623
123.9055,-11.32956,0.8893628,0.08364648,0.6520176,-3.844279
123.9182,-11.49708,0.902573,0.07680317,0.6628825,-3.843934
123.9309,-12.20449,0.9114054,0.07059148,0.6730512,-3.843595
123.9437,-13.40186,0.9162888,0.06499448,0.6823887,-3.843268
123.9565,-15.03665,0.91751,0.05994392,0.6908796,-3.842956
123.9694,-17.01781,0.9153034,0.05547981,0.698355,-3.842668
123.9823,-19.26821,0.9098372,0.05158146,0.7047868,-3.842407
123.9952,-21.70832,0.9008405,0.04824032,0.7101688,-3.842175
124.0106,-24.79499,0.8847588,0.04494783,0.7152784,-3.841941
124.0261,-27.96622,0.8629138,0.04241761,0.7189652,-3.841754
124.0416,-31.15179,0.8349907,0.04062219,0.721316,-3.841617
124.0571,-34.29378,0.8002195,0.03954364,0.7224214,-3.841529
124.0734,-37.52142,0.756155,0.03915242,0.7223545,-3.841487
124.0897,-40.64887,0.7041464,0.03949771,0.7211293,-3.841498
124.106,-43.65629,0.6442319,0.04056471,0.718842,-3.84156
124.1223,-46.545,0.578437,0.04232671,0.7156038,-3.841669
124.1362,-48.91807,0.5195902,0.04436723,0.7121637,-3.841799
124.1501,-51.1805,0.4592268,0.04690668,0.7081543,-3.841961
124.1641,-53.31375,0.3989113,0.04994195,0.7036321,-3.842154
124.178,-55.30015,0.3408149,0.05346213,0.698658,-3.842375
124.1911,-57.02261,0.2899309,0.05721003,0.6936113,-3.842608
124.2042,-58.58938,0.2438467,0.06135746,0.6882669,-3.842862
124.2173,-59.99708,0.2033757,0.06588007,0.6826735,-3.843136
124.2305,-61.24819,0.1688309,0.07074888,0.6768768,-3.843428
124.2383,-61.9203,0.1510692,0.07379156,0.6733547,-3.843608
124.2461,-62.54225,0.1352923,0.07693749,0.669784,-3.843794
124.2539,-63.11665,0.1214018,0.08017936,0.6661723,-3.843984
124.2617,-63.64617,0.1092419,0.08350982,0.6625266,-3.844178
124.2694,-64.1336,0.0986303,0.0869216,0.6588532,-3.844376
124.2772,-64.58183,0.0894427,0.09040758,0.6551582,-3.844578
124.285,-64.9936,0.08154046,0.09396086,0.6514469,-3.844784
124.2928,-65.3715,0.07474971,0.09757479,0.6477242,-3.844992
124.3013,-65.74784,0.0684073,0.1015771,0.6436573,-3.845223
124.3098,-66.08988,0.06305756,0.105636,0.6395875,-3.845456
124.3183,-66.40044,0.0585745,0.1097442,0.6355197,-3.845692
124.3268,-66.68205,0.05479532,0.1138945,0.631458,-3.845931
124.335,-66.92804,0.05168464,0.1179248,0.6275562,-3.846163
124.3432,-67.15129,0.04904107,0.1219826,0.6236668,-3.846397
124.3514,-67.35357,0.0468022,0.1260628,0.6197928,-3.846633
124.3596,-67.53648,0.04489106,0.1301603,0.6159365,-3.84687
124.3682,-67.70973,0.04315918,0.1344884,0.6118982,-3.847121
124.3768,-67.8647,0.04168711,0.1388259,0.6078846,-3.847374
124.3854,-68.0028,0.04044087,0.1431683,0.603898,-3.847627
124.394,-68.12534,0.03937588,0.1475114,0.5999402,-3.847882
124.4035,-68.24333,0.03837005,0.1522755,0.5956305,-3.848163
124.413,-68.34537,0.03752262,0.1570309,0.5913599,-3.848445
124.4224,-68.43275,0.03681492,0.1617732,0.58713,-3.848728
124.4319,-68.50661,0.03621897,0.1664985,0.5829427,-3.849012
124.4426,-68.57551,0.03564699,0.171847,0.578234,-3.849335
124.4534,-68.62965,0.03518341,0.1771637,0.573584,-3.849659
124.4642,-68.67027,0.03481765,0.1824441,0.5689944,-3.849984
124.4749,-68.69849,0.03453032,0.1876844,0.5644665,-3.850308
124.4875,-68.7171,0.03427168,0.1937696,0.5592402,-3.850689
124.5001,-68.72148,0.0340977,0.1997893,0.554102,-3.85107
124.5127,-68.71288,0.03400198,0.205739,0.5490532,-3.851451
124.5253,-68.69246,0.03396956,0.2116147,0.544095,-3.851832
124.5406,-68.65351,0.03399736,0.218597,0.5382372,-3.85229
124.5558,-68.60037,0.03410141,0.225461,0.5325135,-3.852748
124.571,-68.53443,0.03427751,0.2322022,0.5269246,-3.853205
124.5862,-68.4569,0.0345127,0.2388166,0.5214711,-3.85366
124.6049,-68.34685,0.03486745,0.2467975,0.51493,-3.854221
124.6237,-68.22253,0.03530224,0.2545757,0.5085952,-3.854778
124.6424,-68.0855,0.03581659,0.2621474,0.5024661,-3.855334
124.6612,-67.93708,0.03639406,0.2695096,0.4965421,-3.855886
124.6827,-67.75432,0.03710759,0.2776936,0.4899978,-3.856517
124.7042,-67.5597,0.03790867,0.285597,0.4837193,-3.857143
124.7258,-67.35458,0.03881115,0.2932188,0.477704,-3.857764
124.7473,-67.14016,0.03977563,0.3005584,0.471949,-3.858381
124.7675,-66.93101,0.04070202,0.3072014,0.4667731,-3.858957
124.7877,-66.71538,0.0417023,0.313596,0.4618215,-3.859528
124.808,-66.494,0.04279476,0.3197431,0.4570914,-3.860094
124.8282,-66.26747,0.04393591,0.3256442,0.4525794,-3.860656
124.8468,-66.05495,0.04499592,0.3308581,0.4486176,-3.861169
124.8654,-65.839,0.04611365,0.3358664,0.4448354,-3.861678
124.884,-65.62002,0.04730094,0.3406705,0.44123,-3.862183
124.9027,-65.39833,0.04853021,0.3452719,0.4377988,-3.862683
124.9215,-65.17142,0.04979075,0.349726,0.4344996,-3.863185
124.9404,-64.94239,0.05110656,0.3539759,0.4313733,-3.863683
124.9592,-64.71155,0.05249005,0.3580236,0.428417,-3.864177
124.9781,-64.47913,0.05391554,0.3618708,0.4256279,-3.864666
124.9977,-64.23586,0.05541458,0.365663,0.4229003,-3.86517
125.0173,-63.9914,0.05697271,0.3692426,0.4203472,-3.865669
125.0369,-63.74604,0.05860533,0.3726119,0.4179652,-3.866164
125.0565,-63.4999,0.06028212,0.3757733,0.4157509,-3.866653
125.0766,-63.24657,0.06201673,0.3788047,0.4136489,-3.86715
125.0967,-62.99285,0.06381355,0.3816219,0.4117165,-3.867642
125.1169,-62.73896,0.06568963,0.3842273,0.4099502,-3.868129
125.137,-62.48496,0.06761176,0.3866236,0.4083463,-3.868611
125.1577,-62.22351,0.06960182,0.3888736,0.4068618,-3.869101
125.1784,-61.96225,0.07165767,0.3909075,0.4055416,-3.869585
125.1991,-61.70134,0.073798,0.3927279,0.404382,-3.870064
125.2198,-61.44074,0.07598707,0.3943378,0.403379,-3.870538
125.2413,-61.17106,0.07826668,0.3957863,0.4025011,-3.871023
125.2627,-60.9019,0.08061771,0.3970146,0.4017832,-3.871502
125.2842,-60.63339,0.08306128,0.3980257,0.4012213,-3.871975
125.3056,-60.36535,0.08555811,0.3988228,0.4008111,-3.872442
125.3279,-60.08718,0.08816483,0.3994273,0.4005413,-3.872921
125.3502,-59.80958,0.09085159,0.3998071,0.4004269,-3.873393
125.3725,-59.53266,0.09364282,0.3999651,0.4004638,-3.87386
125.3947,-59.25604,0.09649483,0.3999047,0.4006476,-3.87432
125.4179,-58.96839,0.09947567,0.3996141,0.4009899,-3.874791
125.4411,-58.68098,0.1025501,0.399094,0.4014826,-3.875256
125.4642,-58.39387,0.105747,0.3983472,0.4021219,-3.875714
125.4874,-58.10646,0.1090176,0.3973775,0.4029033,-3.876166
125.5114,-57.80689,0.1124385,0.3961383,0.4038608,-3.876627
125.5355,-57.50669,0.1159751,0.3946647,0.404964,-3.877082
125.5595,-57.20586,0.1196628,0.392959,0.4062096,-3.877528
125.5836,-56.90341,0.1234469,0.3910249,0.4075935,-3.877968
125.6085,-56.58738,0.1274063,0.3887858,0.4091678,-3.878415
125.6334,-56.26901,0.1315184,0.3863064,0.4108846,-3.878854
125.6582,-55.94817,0.1358288,0.3835879,0.4127416,-3.879286
125.6831,-55.62327,0.1402764,0.3806333,0.4147359,-3.879709
125.7088,-55.2828,0.1449302,0.3773497,0.416928,-3.880135
125.7344,-54.93685,0.1498009,0.3738168,0.4192632,-3.880553
125.76,-54.585,0.154951,0.3700329,0.4217416,-3.880962
125.7856,-54.22461,0.160314,0.3659992,0.4243622,-3.881361
125.8117,-53.84539,0.1659278,0.3616326,0.427178,-3.881758
125.8378,-53.45485,0.1718752,0.3569988,0.430146,-3.882146
125.8639,-53.05187,0.178249,0.3520906,0.4332711,-3.882522
125.89,-52.63171,0.1849839,0.3469041,0.4365564,-3.882888
125.9162,-52.18633,0.1920516,0.3414054,0.4400238,-3.883244
125.9425,-51.71809,0.1996791,0.3356004,0.4436712,-3.883589
125.9687,-51.22388,0.2080221,0.3294692,0.4475126,-3.88392
125.995,-50.69432,0.2170398,0.3229967,0.4515601,-3.884238
126.0209,-50.12496,0.2265794,0.3162487,0.4557753,-3.884538
126.0468,-49.50739,0.2371611,0.309104,0.4602381,-3.884822
126.0727,-48.83259,0.2490885,0.3015149,0.4649837,-3.88509
126.0986,-48.07924,0.262428,0.2934369,0.4700462,-3.885339
126.1237,-47.2478,0.2768042,0.2850919,0.4752944,-3.88556
126.1488,-46.30441,0.2933783,0.2761347,0.480955,-3.88576
126.1739,-45.22112,0.3128421,0.2664509,0.4871159,-3.885933
126.199,-43.94181,0.3356351,0.2559227,0.4938745,-3.886077
126.223,-42.46761,0.3610953,0.2449359,0.5010097,-3.886182
126.247,-40.69629,0.3917948,0.2328131,0.5089968,-3.886248
126.271,-38.54584,0.4292545,0.2193291,0.5180705,-3.886267
126.295,-35.8867,0.4745586,0.204303,0.5285,-3.886229
126.319,-32.62202,0.5290997,0.1876053,0.5405996,-3.88612
126.343,-28.63839,0.5935737,0.1692938,0.5548572,-3.885923
126.367,-24.02802,0.6654607,0.1498818,0.5715901,-3.885623
126.391,-19.25962,0.7392658,0.1303898,0.5907986,-3.88521
126.4042,-16.83622,0.7776918,0.1200984,0.6022889,-3.884935
126.4174,-14.72105,0.8124931,0.1102943,0.6142161,-3.88463
126.4306,-13.04357,0.8425419,0.1010862,0.6263606,-3.8843
126.4438,-11.91054,0.8673247,0.09253764,0.6384843,-3.883952
126.457,-11.39221,0.8867892,0.08467459,0.6503352,-3.883592
126.4702,-11.48841,0.9011107,0.07750132,0.6616648,-3.88323
126.4834,-12.16779,0.910665,0.07100799,0.6722664,-3.882873
126.4966,-13.37832,0.9159444,0.06517599,0.6819871,-3.882528
126.5093,-14.96878,0.9173238,0.06017745,0.6903898,-3.882215
126.522,-16.89928,0.9153636,0.05574871,0.6978106,-3.881925
126.5347,-19.0959,0.9102274,0.05187012,0.7042206,-3.881661
126.5473,-21.48251,0.9016766,0.04853298,0.7096122,-3.881426
126.5629,-24.56949,0.8859556,0.04516684,0.7148591,-3.88118
126.5785,-27.74879,0.8644633,0.04257116,0.7186652,-3.880983
126.594,-30.94788,0.8368953,0.04071785,0.7211176,-3.880836
126.6096,-34.106,0.8024403,0.03958948,0.722307,-3.880738
126.6257,-37.30814,0.7592401,0.03915586,0.7223182,-3.880688
126.6419,-40.41307,0.7082351,0.03944696,0.7211849,-3.880688
126.6581,-43.40128,0.6494503,0.04044755,0.7190013,-3.880739
126.6742,-46.27386,0.5847658,0.04213155,0.7158758,-3.880837
126.6882,-48.6739,0.5257707,0.04413273,0.7124775,-3.880958
126.7023,-50.96345,0.4650622,0.04664034,0.7084954,-3.881113
126.7163,-53.12378,0.4042081,0.04965155,0.7039872,-3.881299
126.7303,-55.13691,0.3454361,0.05315548,0.6990152,-3.881514
126.7434,-56.8687,0.2943005,0.05685997,0.6940075,-3.881739
126.7565,-58.446,0.2478518,0.06096425,0.6886989,-3.881986
126.7696,-59.86488,0.2069311,0.06544456,0.6831378,-3.882253
126.7827,-61.12731,0.1718997,0.07027248,0.6773701,-3.882537
126.7902,-61.77802,0.1545853,0.0731603,0.6740149,-3.882705
126.7976,-62.3825,0.1390991,0.07614368,0.6706138,-3.882879
126.8051,-62.94296,0.1253591,0.07921623,0.6671737,-3.883056
126.8125,-63.46172,0.1132365,0.08237154,0.6637006,-3.883238
126.82,-63.9412,0.1025789,0.08560323,0.6602005,-3.883423
126.8274,-64.38392,0.09327482,0.08890503,0.6566786,-3.883612
126.8349,-64.79231,0.08520067,0.09227085,0.6531398,-3.883804
126.8423,-65.16867,0.07820485,0.09569479,0.6495886,-3.883998
126.8509,-65.56638,0.07126275,0.09971437,0.6454769,-3.884227
126.8595,-65.92759,0.06541449,0.1037955,0.6413598,-3.884458
126.8681,-66.25529,0.06052299,0.1079304,0.6372426,-3.884693
126.8767,-66.55223,0.0564084,0.1121114,0.6331298,-3.88493
126.8849,-66.80809,0.05307109,0.1161197,0.6292308,-3.885157
126.8931,-67.04046,0.05023593,0.1201576,0.6253429,-3.885387
126.9013,-67.25116,0.04783597,0.12422,0.621469,-3.885618
126.9094,-67.44187,0.04578883,0.1283018,0.6176119,-3.885851
126.918,-67.62172,0.04394521,0.1325908,0.6135943,-3.886096
126.9266,-67.78291,0.04237804,0.1368911,0.6096001,-3.886343
126.9351,-67.92688,0.04105094,0.1411981,0.6056315,-3.886591
126.9437,-68.05496,0.03991666,0.1455074,0.6016906,-3.886841
126.953,-68.17818,0.03884952,0.1502165,0.5974162,-3.887114
126.9624,-68.28526,0.03794905,0.1549189,0.5931791,-3.887389
126.9717,-68.37747,0.0371953,0.1596103,0.5889812,-3.887665
126.9811,-68.45599,0.03655891,0.1642865,0.5848242,-3.887941
126.9917,-68.52975,0.03594815,0.1695639,0.5801637,-3.888255
127.0023,-68.58864,0.03544995,0.1748123,0.5755596,-3.88857
127.0129,-68.6339,0.03505308,0.1800272,0.5710134,-3.888885
127.0235,-68.66665,0.0347374,0.1852045,0.5665267,-3.8892
127.0359,-68.69039,0.03444895,0.1912019,0.5613609,-3.88957
127.0483,-68.69984,0.03424717,0.197138,0.5562796,-3.889939
127.0607,-68.69626,0.03412529,0.2030082,0.5512842,-3.890308
127.0731,-68.68079,0.03406799,0.2088083,0.5463758,-3.890677
127.088,-68.64785,0.03406693,0.2156868,0.5405888,-3.891121
127.1029,-68.60069,0.03414279,0.2224535,0.5349303,-3.891563
127.1178,-68.54071,0.03429113,0.2291038,0.5294012,-3.892005
127.1327,-68.46909,0.03449887,0.2356337,0.524002,-3.892446
127.1511,-68.36635,0.03482019,0.2435146,0.5175243,-3.892988
127.1694,-68.24929,0.03522107,0.2512025,0.5112447,-3.893528
127.1878,-68.11943,0.03570031,0.2586935,0.5051629,-3.894065
127.2062,-67.97812,0.03624241,0.2659845,0.4992783,-3.8946
127.2276,-67.80028,0.03692924,0.2742367,0.4926592,-3.895221
127.2491,-67.61006,0.03770425,0.2822109,0.4863052,-3.895837
127.2705,-67.40891,0.03857966,0.2899055,0.4802138,-3.89645
127.292,-67.19805,0.03951857,0.2973198,0.4743822,-3.897057
127.3124,-66.98888,0.04043683,0.3041304,0.4690594,-3.897632
127.3329,-66.77275,0.04143128,0.3106865,0.4639673,-3.898203
127.3533,-66.55046,0.04252079,0.316989,0.4591029,-3.898769
127.3738,-66.32267,0.04366048,0.3230392,0.454463,-3.899331
127.3925,-66.10997,0.04471293,0.328354,0.4504125,-3.89984
127.4112,-65.89365,0.04582454,0.3334602,0.4465446,-3.900345
127.4299,-65.67413,0.04700753,0.3383593,0.4428566,-3.900846
127.4486,-65.45173,0.0482332,0.3430529,0.4393458,-3.901343
127.4674,-65.22584,0.04947968,0.3475608,0.4359961,-3.901837
127.4862,-64.99774,0.05078156,0.3518649,0.4328195,-3.902328
127.505,-64.76774,0.05215104,0.3559672,0.4298131,-3.902813
127.5238,-64.53607,0.05356266,0.3598694,0.426974,-3.903295
127.5433,-64.2933,0.0550489,0.3637219,0.4241927,-3.903791
127.5629,-64.04928,0.05659424,0.3673619,0.4215864,-3.904283
127.5825,-63.80427,0.05821392,0.3707916,0.4191518,-3.904769
127.602,-63.55843,0.05987794,0.3740132,0.4168856,-3.905251
127.6221,-63.30514,0.0616012,0.3771086,0.4147293,-3.905741
127.6422,-63.0514,0.06338679,0.3799893,0.4127437,-3.906226
127.6623,-62.79744,0.0652517,0.3826578,0.4109251,-3.906705
127.6824,-62.54332,0.06716282,0.3851167,0.4092699,-3.907179
127.7031,-62.28185,0.06914083,0.3874294,0.4077343,-3.907662
127.7237,-62.02053,0.07118468,0.3895256,0.406364,-3.908139
127.7444,-61.75953,0.07331294,0.3914081,0.4051551,-3.90861
127.7651,-61.49881,0.07549003,0.3930797,0.4041037,-3.909076
127.7865,-61.22908,0.07775667,0.3945912,0.4031771,-3.909552
127.8078,-60.95987,0.08009463,0.3958823,0.4024112,-3.910023
127.8292,-60.69128,0.08252485,0.3969559,0.401802,-3.910487
127.8506,-60.42317,0.0850083,0.3978152,0.4013456,-3.910946
127.8729,-60.14494,0.08760117,0.3984841,0.4010286,-3.911417
127.8951,-59.8673,0.09027377,0.3989279,0.4008679,-3.911881
127.9173,-59.59033,0.09305033,0.3991497,0.4008593,-3.912339
127.9395,-59.31369,0.09588746,0.3991528,0.4009986,-3.912791
127.9626,-59.02602,0.09885305,0.398928,0.4012955,-3.913253
127.9857,-58.73864,0.1019116,0.3984732,0.4017437,-3.91371
128.0088,-58.45158,0.1050917,0.3977915,0.4023394,-3.914159
128.0319,-58.16427,0.108345,0.3968865,0.403078,-3.914602
128.0559,-57.86482,0.1117484,0.395714,0.4039922,-3.915054
128.0799,-57.56481,0.1152662,0.3943066,0.4050529,-3.9155
128.1039,-57.26423,0.1189336,0.3926669,0.4062569,-3.915938
128.1279,-56.96211,0.1226963,0.3907984,0.4076,-3.916368
128.1527,-56.64645,0.126634,0.3886262,0.4091334,-3.916807
128.1776,-56.32856,0.1307224,0.3862134,0.41081,-3.917237
128.2024,-56.00831,0.1350065,0.3835611,0.4126276,-3.917659
128.2273,-55.68416,0.1394256,0.3806724,0.414583,-3.918073
128.2528,-55.34449,0.1440506,0.3774549,0.4167368,-3.918491
128.2784,-54.99953,0.1488889,0.3739878,0.4190341,-3.9189
128.304,-54.64889,0.1540021,0.3702697,0.4214751,-3.9193
128.3296,-54.28997,0.1593239,0.366302,0.4240585,-3.91969
128.3557,-53.91234,0.1648956,0.3619997,0.4268383,-3.920079
128.3817,-53.52374,0.1707942,0.3574307,0.4297704,-3.920458
128.4078,-53.12309,0.177111,0.3525878,0.4328593,-3.920826
128.4339,-52.70579,0.1837802,0.3474678,0.4361076,-3.921183
128.4601,-52.26359,0.190779,0.3420326,0.4395401,-3.921532
128.4864,-51.79921,0.1983245,0.3362927,0.4431512,-3.921868
128.5126,-51.30969,0.2065685,0.3302291,0.4469546,-3.922192
128.5388,-50.78594,0.2154685,0.3238274,0.4509617,-3.922502
128.5648,-50.22326,0.2248798,0.317147,0.4551381,-3.922795
128.5907,-49.61394,0.2353042,0.3100748,0.4595584,-3.923072
128.6167,-48.94938,0.2470356,0.3025649,0.4642563,-3.923333
128.6426,-48.20907,0.2601328,0.2945749,0.4692647,-3.923575
128.6678,-47.39318,0.2742332,0.286318,0.4744572,-3.923791
128.6929,-46.46954,0.2904581,0.277462,0.4800521,-3.923985
128.7181,-45.41155,0.3094741,0.2678967,0.4861338,-3.924154
128.7432,-44.16546,0.331695,0.257509,0.4927952,-3.924293
128.7673,-42.73277,0.356466,0.2466799,0.499817,-3.924395
128.7913,-41.01575,0.3862807,0.2347471,0.5076614,-3.92446
128.8154,-38.93543,0.4226266,0.2214877,0.5165537,-3.924478
128.8394,-36.36436,0.4665859,0.2067152,0.5267531,-3.92444
128.8633,-33.22085,0.5191938,0.1903864,0.5384898,-3.924336
128.8872,-29.37152,0.5817557,0.1724091,0.5522974,-3.924146
128.9111,-24.87676,0.6523481,0.1532163,0.5685141,-3.923857
128.935,-20.13084,0.7260481,0.1337575,0.587204,-3.923458
128.9488,-17.54077,0.7668577,0.1229241,0.5989787,-3.923177
128.9625,-15.24075,0.8041729,0.112575,0.6112851,-3.922862
128.9763,-13.38166,0.8366025,0.1028469,0.6238891,-3.922519
128.99,-12.09228,0.8634343,0.09382204,0.6365274,-3.922154
129.0038,-11.46273,0.8845042,0.0855367,0.6489161,-3.921776
129.0175,-11.49906,0.8999517,0.07799937,0.6607692,-3.921394
129.0313,-12.16952,0.9101671,0.07120089,0.6718481,-3.921017
129.045,-13.4187,0.9157249,0.06512036,0.6819789,-3.920653
129.0576,-14.98748,0.9171041,0.06018556,0.6902745,-3.920339
129.0701,-16.88836,0.9152167,0.05580682,0.6976131,-3.920047
129.0826,-19.05007,0.9102183,0.0519653,0.7039662,-3.919781
129.0952,-21.39931,0.9018897,0.04865234,0.7093261,-3.919543
129.1108,-24.48661,0.8863085,0.04525427,0.7146336,-3.91929
129.1264,-27.66985,0.8649419,0.04263108,0.7184913,-3.919085
129.142,-30.87537,0.8374914,0.04075435,0.7209861,-3.91893
129.1576,-34.04107,0.8031269,0.03960682,0.7222091,-3.918825
129.1737,-37.23182,0.7602549,0.03915851,0.7222498,-3.918768
129.1898,-40.32666,0.7096358,0.03943014,0.7211516,-3.918761
129.2059,-43.30616,0.651291,0.04040637,0.7190079,-3.918804
129.222,-46.17126,0.5870469,0.04206138,0.715926,-3.918893
129.2361,-48.58104,0.5280061,0.04404805,0.7125442,-3.919009
129.2501,-50.88037,0.4671793,0.04654404,0.7085729,-3.919157
129.2642,-53.05044,0.4061354,0.04954662,0.7040704,-3.919337
129.2783,-55.07314,0.3471228,0.05304487,0.6990994,-3.919547
129.2914,-56.80781,0.2959112,0.05673329,0.6941068,-3.919766
129.3045,-58.38845,0.2493434,0.06082147,0.688812,-3.920007
129.3176,-59.81094,0.2082699,0.06528589,0.6832636,-3.920268
129.3307,-61.07707,0.1730694,0.07009829,0.6775073,-3.920546
129.3388,-61.79035,0.1540711,0.07326056,0.6738322,-3.920728
129.347,-62.44825,0.1372642,0.07653721,0.6701025,-3.920915
129.3552,-63.05368,0.122543,0.07991983,0.6663268,-3.921107
129.3633,-63.60971,0.1097287,0.0834,0.6625132,-3.921304
129.3715,-64.11951,0.09860893,0.08696936,0.6586693,-3.921506
129.3797,-64.58641,0.08904671,0.09061973,0.6548017,-3.921711
129.3878,-65.01356,0.0808864,0.09434321,0.6509167,-3.92192
129.396,-65.40389,0.07392565,0.0981322,0.6470199,-3.922132
129.4045,-65.77285,0.06775878,0.1021237,0.6429709,-3.922356
129.413,-66.10821,0.06255394,0.1061702,0.6389198,-3.922582
129.4214,-66.4127,0.05818869,0.1102643,0.6348712,-3.922811
129.4299,-66.6888,0.05450574,0.1143991,0.6308294,-3.923042
129.4381,-66.93139,0.05145461,0.1184383,0.6269232,-3.923269
129.4463,-67.1514,0.04886193,0.1225041,0.62303,-3.923497
129.4545,-67.35058,0.0466664,0.1265914,0.6191525,-3.923727
129.4627,-67.53052,0.04479237,0.1306954,0.6152934,-3.923958
129.4714,-67.70104,0.04309161,0.1350364,0.6112461,-3.924204
129.48,-67.85334,0.04164658,0.1393861,0.6072242,-3.924451
129.4887,-67.98885,0.0404239,0.1437398,0.6032297,-3.924699
129.4973,-68.10886,0.03937964,0.1480935,0.5992647,-3.924949
129.5069,-68.22431,0.03839254,0.152876,0.5949409,-3.925224
129.5164,-68.32383,0.03756203,0.1576488,0.5906568,-3.9255
129.5259,-68.40871,0.03686974,0.1624077,0.5864144,-3.925777
129.5354,-68.4801,0.036288,0.1671484,0.5822152,-3.926055
129.5463,-68.54629,0.03573037,0.172521,0.5774874,-3.926372
129.5571,-68.59771,0.03528044,0.1778604,0.5728194,-3.92669
129.5679,-68.63561,0.03492782,0.1831622,0.568213,-3.927008
129.5788,-68.66109,0.03465324,0.1884222,0.5636696,-3.927326
129.5915,-68.67652,0.03440894,0.1945384,0.5584184,-3.9277
129.6042,-68.67767,0.03424932,0.200587,0.5532573,-3.928074
129.6169,-68.66582,0.03416802,0.2065632,0.5481876,-3.928448
129.6297,-68.64212,0.03415016,0.2124632,0.5432103,-3.928822
129.645,-68.5991,0.03419595,0.2194846,0.5373214,-3.929273
129.6604,-68.54184,0.03431862,0.2263841,0.5315698,-3.929723
129.6758,-68.47172,0.03451399,0.233157,0.5259562,-3.930172
129.6912,-68.38997,0.03476908,0.2397994,0.5204813,-3.93062
129.7101,-68.27456,0.03514941,0.2478179,0.5139114,-3.931171
129.7291,-68.14483,0.03561121,0.2556277,0.5075529,-3.931719
129.7481,-68.00235,0.03615439,0.2632251,0.5014053,-3.932265
129.7671,-67.84847,0.03676178,0.2706071,0.4954676,-3.932808
129.7887,-67.66126,0.03750242,0.2787313,0.4889737,-3.933421
129.8102,-67.46241,0.0383315,0.2865729,0.4827469,-3.93403
129.8318,-67.25328,0.03926385,0.2941309,0.4767843,-3.934635
129.8534,-67.03501,0.04025845,0.3014049,0.471083,-3.935234
129.8735,-66.82395,0.04120568,0.3079386,0.4659943,-3.935789
129.8937,-66.60663,0.0422266,0.3142261,0.4611275,-3.93634
129.9138,-66.38376,0.04333925,0.3202683,0.4564798,-3.936886
129.9339,-66.15592,0.04450078,0.3260666,0.4520479,-3.937428
129.9525,-65.94144,0.04558477,0.3312093,0.4481417,-3.937924
129.9711,-65.72363,0.04672668,0.3361464,0.4444145,-3.938417
129.9898,-65.50289,0.04793827,0.3408796,0.4408638,-3.938905
130.0084,-65.27953,0.04919233,0.3454103,0.4374867,-3.939388
130.0273,-65.04999,0.05048427,0.349812,0.4342278,-3.939876
130.0462,-64.8184,0.05183239,0.354008,0.4311429,-3.940359
130.0651,-64.58507,0.05324939,0.3580002,0.4282289,-3.940838
130.084,-64.35022,0.05470917,0.3617906,0.425483,-3.941312
130.1037,-64.10467,0.05624306,0.3655192,0.4228033,-3.9418
130.1234,-63.858,0.05783702,0.369034,0.4202987,-3.942283
130.1431,-63.61049,0.0595067,0.3723374,0.4179657,-3.942761
130.1627,-63.36228,0.06122136,0.3754316,0.4158011,-3.943235
130.1829,-63.10688,0.06299511,0.3783927,0.4137506,-3.943715
130.2031,-62.85116,0.06483207,0.3811384,0.4118703,-3.94419
130.2233,-62.59532,0.06674952,0.3836712,0.4101564,-3.94466
130.2435,-62.33941,0.0687139,0.3859937,0.4086054,-3.945125
130.2643,-62.07585,0.07074939,0.3881682,0.4071746,-3.945598
130.2851,-61.81253,0.07285189,0.3901251,0.4059087,-3.946066
130.3059,-61.54959,0.07504039,0.3918672,0.4048038,-3.946528
130.3267,-61.28699,0.07727869,0.3933974,0.4038561,-3.946984
130.3482,-61.01512,0.07961105,0.3947624,0.4030355,-3.947451
130.3697,-60.74378,0.08201638,0.3959058,0.4023754,-3.947912
130.3913,-60.47311,0.08451623,0.3968303,0.4018718,-3.948367
130.4128,-60.20291,0.08707075,0.3975392,0.4015204,-3.948816
130.4352,-59.92238,0.08973894,0.3980507,0.4013122,-3.949277
130.4576,-59.64241,0.09248931,0.3983356,0.4012598,-3.949731
130.48,-59.36309,0.09534685,0.398397,0.4013593,-3.950179
130.5024,-59.08401,0.09826722,0.3982384,0.4016062,-3.95062
130.5256,-58.79367,0.1013209,0.3978439,0.4020145,-3.951072
130.5489,-58.5035,0.1044712,0.397218,0.4025739,-3.951517
130.5722,-58.21352,0.1077481,0.3963635,0.4032803,-3.951956
130.5954,-57.9231,0.111102,0.3952841,0.4041295,-3.952387
130.6196,-57.62023,0.1146115,0.3939294,0.4051578,-3.952828
130.6438,-57.31656,0.1182416,0.392338,0.4063325,-3.953262
130.6679,-57.01203,0.1220292,0.3905125,0.4076504,-3.953688
130.6921,-56.7056,0.1259187,0.3884562,0.4091075,-3.954106
130.7171,-56.38522,0.1299901,0.3860896,0.4107577,-3.954531
130.7421,-56.06213,0.1342225,0.3834801,0.4125515,-3.954948
130.7671,-55.73615,0.1386639,0.3806286,0.4144869,-3.955357
130.7921,-55.40558,0.1432522,0.3775381,0.4165611,-3.955757
130.8178,-55.0589,0.1480553,0.3741148,0.4188349,-3.95616
130.8435,-54.70602,0.1530903,0.3704385,0.4212538,-3.956553
130.8692,-54.34647,0.1584234,0.3665072,0.4238187,-3.956938
130.8948,-53.97733,0.1639878,0.3623212,0.4265287,-3.957313
130.921,-53.58846,0.1698161,0.3578015,0.4294344,-3.957684
130.9471,-53.18688,0.1760061,0.3530086,0.4324965,-3.958045
130.9733,-52.77126,0.1826581,0.3479337,0.4357211,-3.958395
130.9994,-52.33635,0.1897086,0.342572,0.439112,-3.958734
131.0256,-51.87442,0.1971163,0.3369003,0.4426847,-3.959063
131.0518,-51.38671,0.2051412,0.3309104,0.4464461,-3.959378
131.0781,-50.86951,0.2139553,0.3245795,0.4504127,-3.959681
131.1043,-50.31217,0.2235278,0.317889,0.4545989,-3.959969
131.1301,-49.71085,0.2336791,0.3109254,0.4589541,-3.960238
131.1559,-49.05442,0.2450021,0.3035395,0.4635765,-3.960491
131.1817,-48.33202,0.2578423,0.2956761,0.4685066,-3.960725
131.2075,-47.51879,0.2723024,0.2872827,0.4737853,-3.96094
131.2325,-46.6159,0.2879593,0.2786101,0.4792639,-3.961126
131.2574,-45.58231,0.3061434,0.2692653,0.4852022,-3.961289
131.2823,-44.38411,0.3276573,0.2591162,0.4917037,-3.961423
131.3073,-42.95484,0.3530515,0.2480267,0.4988845,-3.961524
131.3311,-41.29332,0.3816517,0.2363915,0.5065249,-3.961585
131.355,-39.27825,0.4163394,0.2234864,0.5151508,-3.961602
131.3788,-36.81762,0.458718,0.20909,0.5250356,-3.961566
131.4027,-33.78192,0.5097505,0.193074,0.5364851,-3.961463
131.4218,-30.85743,0.5576353,0.1790023,0.5470675,-3.961324
131.441,-27.49897,0.6114913,0.1640271,0.5591235,-3.961125
131.4602,-23.80016,0.6695155,0.1485083,0.5727771,-3.960857
131.4793,-20.00678,0.7285306,0.1329837,0.5880058,-3.960518
131.4936,-17.33759,0.7705873,0.1217825,0.6002663,-3.960219
131.5079,-14.99964,0.8087462,0.1111177,0.613077,-3.959883
131.5222,-13.15758,0.8415031,0.101136,0.6261689,-3.959518
131.5365,-11.94734,0.8681567,0.09192172,0.6392442,-3.959131
131.5508,-11.45762,0.8886295,0.08350777,0.6519861,-3.958732
131.5651,-11.68093,0.9031655,0.07589777,0.6640833,-3.95833
131.5794,-12.56958,0.91224,0.06907759,0.6752833,-3.957938
131.5936,-14.05228,0.9164519,0.0630228,0.6854103,-3.957562
131.6065,-15.81008,0.9164181,0.05820594,0.6935061,-3.957245
131.6194,-17.88364,0.9129921,0.05396652,0.7005789,-3.956952
131.6322,-20.1979,0.9062935,0.05028483,0.706611,-3.956688
131.6451,-22.67653,0.8960084,0.04715299,0.7116042,-3.956455
131.6604,-25.76072,0.8784394,0.0441209,0.7162418,-3.956219
131.6758,-28.90535,0.8550277,0.04183138,0.7195053,-3.956031
131.6912,-32.04735,0.8254351,0.0402582,0.7214821,-3.955891
131.7066,-35.13746,0.7890358,0.03938157,0.7222627,-3.955799
131.7201,-37.79585,0.751168,0.0391667,0.7220378,-3.955758
131.7336,-40.38492,0.7079316,0.03945612,0.7210229,-3.955751
131.7472,-42.89548,0.6594839,0.04023933,0.7192748,-3.95578
131.7607,-45.32641,0.6067035,0.04150314,0.7168548,-3.955841
131.7742,-47.67622,0.5508375,0.04323722,0.7138215,-3.955936
131.7878,-49.92977,0.4927624,0.04544327,0.7102224,-3.956061
131.8013,-52.0714,0.433805,0.04811948,0.7061088,-3.956216
131.8149,-54.08532,0.3759089,0.05125794,0.7015362,-3.956399
131.8281,-55.91102,0.3223273,0.05475508,0.6966861,-3.956603
131.8413,-57.585,0.2728422,0.05866841,0.6915026,-3.95683
131.8545,-59.09969,0.2285045,0.06297694,0.6860361,-3.957078
131.8677,-60.45391,0.1899877,0.06765413,0.680335,-3.957345
131.8764,-61.26062,0.1678972,0.07092229,0.6764726,-3.957531
131.8851,-62.00233,0.148368,0.0743271,0.6725404,-3.957723
131.8938,-62.6823,0.1313091,0.0778585,0.6685494,-3.957921
131.9025,-63.30401,0.116523,0.08150632,0.66451,-3.958125
131.9112,-63.87126,0.1037574,0.08526038,0.6604316,-3.958333
131.9199,-64.38811,0.09285872,0.08911065,0.6563228,-3.958547
131.9286,-64.85843,0.08364361,0.09304743,0.6521915,-3.958765
131.9373,-65.28582,0.07585562,0.0970614,0.6480447,-3.958987
131.9458,-65.66504,0.06938394,0.1010473,0.6439861,-3.959207
131.9543,-66.00969,0.06392243,0.1050903,0.6399241,-3.95943
131.9628,-66.3226,0.05934351,0.1091831,0.6358635,-3.959656
131.9713,-66.60632,0.05548264,0.1133185,0.6318087,-3.959884
131.9795,-66.85472,0.0522974,0.1173451,0.6279033,-3.960107
131.9877,-67.08008,0.04959157,0.1213997,0.6240101,-3.960331
131.9959,-67.28419,0.04730111,0.1254771,0.6201319,-3.960558
132.0041,-67.46868,0.04534705,0.1295724,0.6162714,-3.960786
132.0128,-67.64298,0.04358103,0.1338888,0.6122374,-3.961027
132.0214,-67.79883,0.04208048,0.138215,0.6082279,-3.961269
132.03,-67.93769,0.04081061,0.1425462,0.6042452,-3.961512
132.0386,-68.06085,0.03972595,0.1468784,0.6002912,-3.961757
132.0481,-68.17929,0.03870287,0.1516272,0.5959888,-3.962027
132.0575,-68.28169,0.03784129,0.1563675,0.5917252,-3.962297
132.067,-68.36932,0.03712209,0.161095,0.5875023,-3.962569
132.0764,-68.44335,0.03651677,0.1658055,0.5833218,-3.962841
132.0872,-68.51229,0.0359365,0.1711347,0.5786231,-3.963151
132.0979,-68.5664,0.03546645,0.1764324,0.5739829,-3.963462
132.1087,-68.60691,0.03509581,0.1816939,0.5694029,-3.963773
132.1194,-68.63495,0.03480488,0.1869154,0.5648845,-3.964084
132.132,-68.65327,0.0345434,0.1929784,0.5596697,-3.96445
132.1446,-68.65726,0.03436784,0.198976,0.5545428,-3.964815
132.1572,-68.64823,0.03427165,0.2049039,0.5495051,-3.96518
132.1698,-68.62729,0.03423969,0.2107578,0.5445579,-3.965545
132.185,-68.58764,0.03426917,0.2177169,0.5387109,-3.965985
132.2002,-68.53371,0.034376,0.2245577,0.532998,-3.966425
132.2154,-68.4669,0.03455587,0.2312759,0.5274199,-3.966863
132.2306,-68.38844,0.03479572,0.2378673,0.5219773,-3.9673
132.2494,-68.27702,0.03515782,0.2458291,0.515442,-3.967838
132.2682,-68.15123,0.03560125,0.2535877,0.5091136,-3.968373
132.2869,-68.01263,0.03612544,0.2611393,0.5029916,-3.968906
132.3057,-67.86257,0.03671387,0.2684808,0.4970752,-3.969437
132.3273,-67.67758,0.03744226,0.2766519,0.4905313,-3.970042
132.3488,-67.48062,0.03825982,0.2845408,0.4842549,-3.970643
132.3704,-67.2731,0.03918053,0.2921463,0.4782433,-3.971239
132.3919,-67.0562,0.04016462,0.299468,0.4724936,-3.971831
132.4122,-66.84471,0.04111024,0.306092,0.4673247,-3.972383
132.4325,-66.62671,0.04213105,0.312466,0.4623816,-3.972931
132.4527,-66.40293,0.0432455,0.3185911,0.4576612,-3.973473
132.473,-66.174,0.04440978,0.3244687,0.4531604,-3.974011
132.4917,-65.95918,0.04549215,0.3296615,0.4492087,-3.974503
132.5103,-65.74094,0.04663333,0.3346472,0.4454377,-3.97499
132.529,-65.51967,0.04784527,0.3394274,0.4418449,-3.975472
132.5476,-65.29571,0.04910017,0.3440036,0.4384273,-3.975951
132.5665,-65.06643,0.05038772,0.3484319,0.4351422,-3.976431
132.5854,-64.83506,0.05173165,0.3526546,0.4320313,-3.976907
132.6043,-64.60189,0.05314455,0.3566735,0.4290916,-3.977378
132.6232,-64.36716,0.05460043,0.3604905,0.4263202,-3.977845
132.6429,-64.12155,0.05613155,0.3642491,0.4236128,-3.978326
132.6625,-63.87478,0.05772291,0.3677936,0.4210809,-3.978802
132.6822,-63.62713,0.05939012,0.3711264,0.4187213,-3.979273
132.7018,-63.37874,0.06110254,0.3742497,0.4165305,-3.979739
132.722,-63.12304,0.06287497,0.3772414,0.4144531,-3.980212
132.7422,-62.86699,0.06471085,0.3800172,0.4125465,-3.98068
132.7624,-62.61079,0.06662746,0.3825797,0.410807,-3.981143
132.7825,-62.35451,0.06859123,0.3849314,0.4092311,-3.9816
132.8033,-62.09062,0.07062588,0.3871348,0.4077757,-3.982065
132.8241,-61.82693,0.07272775,0.3891204,0.4064859,-3.982525
132.8449,-61.56363,0.07491579,0.3908906,0.4053577,-3.98298
132.8656,-61.30065,0.07715386,0.3924485,0.4043873,-3.983428
132.8871,-61.02841,0.07948592,0.3938416,0.4035441,-3.983887
132.9087,-60.7567,0.08189113,0.3950127,0.4028619,-3.98434
132.9302,-60.48565,0.08439096,0.3959644,0.4023369,-3.984787
132.9517,-60.21507,0.08694565,0.3967002,0.4019648,-3.985229
132.9741,-59.93415,0.0896143,0.3972391,0.4017356,-3.985681
132.9964,-59.65379,0.09236525,0.3975511,0.4016629,-3.986127
133.0188,-59.37407,0.09522344,0.3976391,0.4017428,-3.986566
133.0412,-59.09461,0.09814461,0.3975065,0.4019707,-3.986999
133.0644,-58.80385,0.1011995,0.3971387,0.40236,-3.987443
133.0877,-58.51327,0.1043512,0.396539,0.4029009,-3.987879
133.1109,-58.22291,0.1076294,0.3957101,0.4035896,-3.988309
133.1341,-57.9321,0.1109847,0.3946559,0.4044217,-3.988732
133.1583,-57.62883,0.1144962,0.3933266,0.4054331,-3.989164
133.1824,-57.32475,0.1181284,0.3917601,0.4065915,-3.989588
133.2066,-57.01984,0.1219179,0.3899589,0.4078937,-3.990005
133.2307,-56.71305,0.1258094,0.3879264,0.4093358,-3.990415
133.2557,-56.39227,0.1298836,0.3855835,0.4109715,-3.990831
133.2807,-56.06879,0.1341188,0.382997,0.4127513,-3.991238
133.3057,-55.74245,0.1385627,0.380168,0.4146734,-3.991638
133.3306,-55.41153,0.1431536,0.3770992,0.4167348,-3.992029
133.3563,-55.06446,0.1479603,0.3736971,0.4189966,-3.992423
133.382,-54.71123,0.1529988,0.3700414,0.4214042,-3.992807
133.4077,-54.35133,0.158335,0.3661299,0.4239582,-3.993182
133.4334,-53.98188,0.1639024,0.3619633,0.426658,-3.993547
133.4595,-53.59265,0.1697351,0.3574616,0.4295544,-3.99391
133.4857,-53.19074,0.1759291,0.3526861,0.4326079,-3.994261
133.5118,-52.77482,0.1825848,0.3476281,0.4358243,-3.994602
133.5379,-52.33965,0.1896385,0.3422826,0.4392075,-3.994931
133.5641,-51.87743,0.197051,0.3366255,0.4427736,-3.99525
133.5903,-51.38946,0.20508,0.3306497,0.4465289,-3.995557
133.6166,-50.87205,0.2138977,0.3243324,0.4504897,-3.995849
133.6428,-50.31457,0.2234731,0.3176552,0.4546705,-3.996128
133.6686,-49.71311,0.2336281,0.3107031,0.4590215,-3.996388
133.6944,-49.05661,0.244954,0.3033284,0.4636398,-3.996631
133.7202,-48.33424,0.2577956,0.2954762,0.468566,-3.996857
133.7461,-47.5212,0.2722553,0.2870939,0.4738409,-3.997062
133.771,-46.61858,0.2879112,0.2784313,0.4793164,-3.99724
133.7959,-45.5855,0.3060915,0.2690969,0.4852515,-3.997393
133.8209,-44.38811,0.3275975,0.2589589,0.4917495,-3.997519
133.8458,-42.96009,0.3529778,0.2478816,0.4989262,-3.997611
133.8697,-41.30036,0.3815575,0.2362594,0.506562,-3.997663
133.8935,-39.28788,0.4162142,0.2233694,0.515182,-3.997672
133.9174,-36.831,0.4585484,0.2089909,0.5250589,-3.997627
133.9412,-33.80043,0.5095209,0.1929956,0.5364977,-3.997517
133.9604,-30.87524,0.5574427,0.1789147,0.5470902,-3.997371
133.9797,-27.51531,0.6113523,0.1639277,0.5591595,-3.997164
133.9989,-23.81455,0.6694429,0.148395,0.5728301,-3.99689
134.0181,-20.0196,0.728525,0.1328566,0.588079,-3.996543
134.0324,-17.35345,0.7705715,0.12166,0.6003405,-3.996238
134.0467,-15.01919,0.8087159,0.1110001,0.613151,-3.995898
134.061,-13.18138,0.8414549,0.1010236,0.6262412,-3.995528
134.0753,-11.97575,0.8680876,0.09181499,0.6393132,-3.995135
134.0896,-11.49075,0.8885368,0.08340701,0.6520497,-3.994731
134.1039,-11.71867,0.9030473,0.07580331,0.6641398,-3.994324
134.1182,-12.61166,0.9120943,0.06898976,0.6753309,-3.993927
134.1325,-14.09818,0.9162741,0.062942,0.6854474,-3.993546
134.1454,-15.86237,0.9162004,0.05812351,0.6935466,-3.993224
134.1583,-17.94277,0.9127159,0.05388491,0.700618,-3.992927
134.1712,-20.26395,0.90594,0.05020638,0.7066441,-3.992658
134.1841,-22.74914,0.8955531,0.04708006,0.7116271,-3.99242
134.1994,-25.83049,0.8778913,0.04406595,0.716235,-3.99218
134.2148,-28.97109,0.8543825,0.04179286,0.7194727,-3.991988
134.2302,-32.10832,0.8246885,0.04023461,0.7214271,-3.991844
134.2455,-35.19342,0.7881936,0.03937135,0.7221887,-3.991747
134.259,-37.84464,0.7502969,0.0391669,0.7219505,-3.991701
134.2726,-40.42678,0.7070565,0.03946462,0.720926,-3.991691
134.2861,-42.93073,0.6586343,0.04025411,0.7191719,-3.991715
134.2996,-45.35531,0.6059085,0.04152232,0.716749,-3.991772
134.3131,-47.69894,0.5501225,0.04325905,0.7137154,-3.991862
134.3266,-49.94655,0.492154,0.04546594,0.7101187,-3.991982
134.3402,-52.08249,0.4333257,0.04814116,0.7060096,-3.992132
134.3537,-54.09107,0.375569,0.05127682,0.7014436,-3.99231
134.3669,-55.91583,0.322006,0.05477767,0.6965906,-3.99251
134.3801,-57.58871,0.2725497,0.05869477,0.6914041,-3.992732
134.3933,-59.10217,0.228249,0.06300708,0.6859348,-3.992976
134.4065,-60.45509,0.1897739,0.06768794,0.680231,-3.993239
134.4152,-61.25994,0.1677379,0.07095416,0.6763719,-3.993421
134.4239,-61.99994,0.1482567,0.0743566,0.6724432,-3.993609
134.4326,-62.67834,0.1312385,0.07788522,0.668456,-3.993804
134.4413,-63.29864,0.1164864,0.08152987,0.6644206,-3.994005
134.45,-63.86461,0.1037488,0.0852804,0.6603464,-3.994211
134.4587,-64.38031,0.09287249,0.0891268,0.6562419,-3.994421
134.4674,-64.84958,0.08367459,0.09305941,0.652115,-3.994636
134.4761,-65.27602,0.07589974,0.09706893,0.6479726,-3.994854
134.4846,-65.65486,0.06943046,0.1010553,0.6439133,-3.995071
134.4931,-65.99911,0.06397111,0.1050987,0.6398507,-3.995291
134.5017,-66.31162,0.05939413,0.1091918,0.6357896,-3.995514
134.5102,-66.59492,0.05553501,0.1133274,0.6317342,-3.995739
134.5184,-66.84295,0.05235092,0.1173546,0.6278279,-3.995959
134.5266,-67.06792,0.04964624,0.1214097,0.6239339,-3.996181
134.5348,-67.27164,0.04735691,0.1254875,0.6200549,-3.996404
134.543,-67.45572,0.04540398,0.129583,0.6161937,-3.996629
134.5516,-67.62962,0.04363884,0.1339004,0.6121583,-3.996867
134.5603,-67.78506,0.04213927,0.1382274,0.6081476,-3.997107
134.5689,-67.92349,0.04087046,0.1425594,0.6041637,-3.997347
134.5775,-68.04621,0.03978693,0.1468921,0.6002086,-3.997589
134.587,-68.16418,0.03876499,0.1516423,0.5959044,-3.997855
134.5965,-68.26609,0.03790469,0.1563838,0.5916391,-3.998123
134.6059,-68.35323,0.03718688,0.1611122,0.5874147,-3.998391
134.6154,-68.42674,0.03658307,0.1658235,0.5832327,-3.99866
134.6262,-68.49511,0.0360045,0.1711546,0.5785316,-3.998966
134.6369,-68.54862,0.03553632,0.1764539,0.5738892,-3.999274
134.6477,-68.58853,0.03516771,0.1817168,0.5693073,-3.999581
134.6585,-68.61594,0.03487894,0.1869394,0.5647871,-3.999889
134.6711,-68.63352,0.03462009,0.1930051,0.5595689,-4.00025
134.6837,-68.63675,0.03444739,0.1990052,0.554439,-4.000612
134.6963,-68.62694,0.03435426,0.204935,0.5493987,-4.000973
134.7089,-68.60521,0.03432557,0.2107905,0.5444492,-4.001334
134.7242,-68.56455,0.03435925,0.2177539,0.5385974,-4.001769
134.7394,-68.50959,0.03447061,0.2245984,0.5328803,-4.002203
134.7546,-68.44173,0.03465532,0.2313194,0.5272987,-4.002637
134.7699,-68.36219,0.03490031,0.2379129,0.5218533,-4.003069
134.7887,-68.24938,0.03526926,0.2458797,0.5153126,-4.003601
134.8075,-68.12216,0.03572008,0.2536419,0.50898,-4.004131
134.8263,-67.9821,0.03625226,0.2611958,0.5028551,-4.004658
134.8451,-67.83057,0.03684912,0.2685383,0.4969368,-4.005182
134.8667,-67.64422,0.03758609,0.2766947,0.4904035,-4.00578
134.8883,-67.44592,0.03841272,0.2845682,0.4841382,-4.006373
134.9099,-67.23709,0.03934322,0.2921577,0.4781382,-4.006961
134.9315,-67.01891,0.04033741,0.2994626,0.4724007,-4.007545
134.9517,-66.80659,0.04129096,0.3060594,0.467252,-4.008089
134.972,-66.58781,0.04231989,0.3124066,0.4623288,-4.008628
134.9922,-66.36329,0.04344262,0.3185052,0.457628,-4.009162
135.0125,-66.13366,0.04461542,0.3243563,0.4531465,-4.009692
135.0311,-65.91803,0.04570693,0.3295298,0.4492088,-4.010176
135.0498,-65.69899,0.04685747,0.3344961,0.4454519,-4.010655
135.0685,-65.47695,0.048079,0.3392566,0.4418731,-4.011131
135.0871,-65.25223,0.04934377,0.3438129,0.4384698,-4.011602
135.106,-65.02198,0.05064291,0.3482254,0.4351959,-4.012075
135.1249,-64.78965,0.05199881,0.3524316,0.4320966,-4.012544
135.1439,-64.55554,0.05342417,0.3564334,0.429169,-4.013009
135.1628,-64.31989,0.05489287,0.3602329,0.4264101,-4.013468
135.1825,-64.07337,0.05643723,0.3639719,0.4237165,-4.013942
135.2021,-63.82572,0.05804225,0.3674963,0.4211989,-4.01441
135.2218,-63.57721,0.05972362,0.3708084,0.4188538,-4.014874
135.2415,-63.32798,0.06145056,0.3739106,0.4166778,-4.015332
135.2617,-63.07142,0.06323818,0.3768802,0.4146158,-4.015798
135.2819,-62.81453,0.06508969,0.3796333,0.4127249,-4.016258
135.3021,-62.55752,0.06702245,0.3821725,0.4110015,-4.016713
135.3223,-62.30043,0.06900276,0.3845005,0.4094419,-4.017163
135.3431,-62.03565,0.07105517,0.3866795,0.4080032,-4.01762
135.3639,-61.7711,0.07317532,0.3886399,0.4067305,-4.018072
135.3847,-61.50694,0.07538227,0.3903844,0.4056197,-4.018518
135.4055,-61.24311,0.07763971,0.3919159,0.4046669,-4.018959
135.4271,-60.96995,0.07999252,0.3932813,0.4038421,-4.01941
135.4486,-60.69733,0.08241912,0.3944239,0.4031788,-4.019855
135.4702,-60.42537,0.08494116,0.3953465,0.4026728,-4.020294
135.4917,-60.15387,0.08751865,0.3960524,0.4023201,-4.020727
135.5141,-59.87196,0.09021166,0.3965598,0.4021113,-4.02117
135.5365,-59.5906,0.09298783,0.3968393,0.4020595,-4.021607
135.5589,-59.30987,0.09587235,0.3968941,0.4021603,-4.022038
135.5813,-59.02937,0.0988207,0.3967277,0.4024096,-4.022462
135.6046,-58.73749,0.1019046,0.3963238,0.4028214,-4.022897
135.6279,-58.44574,0.1050866,0.3956871,0.4033853,-4.023324
135.6512,-58.15417,0.1083968,0.3948206,0.4040972,-4.023745
135.6745,-57.8621,0.1117853,0.3937278,0.4049529,-4.024159
135.6986,-57.55745,0.1153324,0.3923577,0.405989,-4.024581
135.7228,-57.25192,0.1190021,0.3907494,0.4071726,-4.024996
135.747,-56.94547,0.1228318,0.3889054,0.4085005,-4.025403
135.7712,-56.63702,0.1267656,0.3868293,0.4099687,-4.025803
135.7962,-56.31443,0.1308849,0.3844404,0.4116315,-4.026209
135.8212,-55.98899,0.1351687,0.381807,0.4134391,-4.026607
135.8462,-55.66052,0.1396655,0.3789297,0.4153897,-4.026996
135.8713,-55.32726,0.1443133,0.3758115,0.4174803,-4.027377
135.897,-54.97762,0.1491806,0.3723583,0.4197721,-4.027759
135.9227,-54.62152,0.1542858,0.3686499,0.4222107,-4.028133
135.9484,-54.25843,0.1596964,0.364684,0.4247969,-4.028497
135.9741,-53.88537,0.1653459,0.3604608,0.4275301,-4.028851
136.0003,-53.49214,0.1712662,0.3559022,0.4304604,-4.029201
136.0264,-53.08567,0.1775595,0.3510671,0.4335496,-4.029541
136.0526,-52.66451,0.1843292,0.3459463,0.436804,-4.02987
136.0787,-52.22323,0.1915126,0.3405344,0.4402279,-4.030188
136.1049,-51.75413,0.1990653,0.3348115,0.4438348,-4.030494
136.1311,-51.25806,0.2072586,0.3287649,0.4476345,-4.030788
136.1573,-50.73106,0.2162715,0.3223704,0.4516447,-4.031068
136.1835,-50.16197,0.2260775,0.3156083,0.4558805,-4.031333
136.2093,-49.5471,0.2364877,0.3085718,0.4602873,-4.031579
136.2351,-48.87426,0.2481239,0.3011018,0.4649699,-4.031809
136.2609,-48.13181,0.2613487,0.2931403,0.469971,-4.03202
136.2866,-47.29341,0.2762806,0.2846315,0.4753342,-4.032211
136.3115,-46.36041,0.2924786,0.275836,0.4809049,-4.032373
136.3364,-45.28884,0.3113421,0.2663432,0.4869554,-4.03251
136.3613,-44.04226,0.3337192,0.2560144,0.4935958,-4.032619
136.3862,-42.55,0.3602048,0.2447064,0.50095,-4.032693
136.41,-40.80965,0.3901283,0.2328134,0.5088022,-4.032726
136.4338,-38.69247,0.4264801,0.2195994,0.5176965,-4.032713
136.4576,-36.10406,0.4708631,0.2048518,0.527921,-4.032645
136.4813,-32.91972,0.5241279,0.1884766,0.5397928,-4.032507
136.5005,-29.86459,0.5739191,0.1741208,0.5508025,-4.032337
136.5197,-26.39655,0.6292617,0.1589636,0.5633331,-4.032103
136.5389,-22.64499,0.6878784,0.1434211,0.5774713,-4.0318
136.5581,-18.89976,0.7462138,0.1280538,0.5931333,-4.031425
136.5716,-16.4844,0.7847097,0.1176592,0.6049426,-4.031119
136.5851,-14.4223,0.8192019,0.1077965,0.6171625,-4.030783
136.5986,-12.84437,0.8485797,0.09857213,0.6295499,-4.030422
136.6121,-11.85327,0.8724077,0.09004477,0.6418478,-4.030043
136.6256,-11.50947,0.890733,0.08223464,0.6537898,-4.029655
136.6392,-11.79991,0.9038223,0.07514109,0.6651214,-4.029268
136.6527,-12.68077,0.912107,0.06875044,0.6756363,-4.028888
136.6662,-14.08813,0.9160603,0.06304243,0.6851869,-4.028524
136.6794,-15.88907,0.9160126,0.05810006,0.6934953,-4.028189
136.6926,-18.02235,0.9123868,0.05376641,0.7007249,-4.027881
136.7059,-20.40715,0.9053197,0.05001986,0.7068576,-4.027602
136.7191,-22.96072,0.8944432,0.04685271,0.7118958,-4.027356
136.7344,-26.03112,0.876509,0.04390122,0.7163945,-4.027114
136.7497,-29.15609,0.8527478,0.04168246,0.7195407,-4.02692
136.765,-32.2748,0.822819,0.04017078,0.7214206,-4.026774
136.7803,-35.34049,0.786142,0.03934612,0.7221239,-4.026676
136.7937,-37.97249,0.7481874,0.0391691,0.7218471,-4.026627
136.8072,-40.53593,0.7049613,0.03948789,0.7207956,-4.026613
136.8206,-43.022,0.6566367,0.0402924,0.7190251,-4.026634
136.8341,-45.42944,0.6040868,0.04156998,0.7165951,-4.026687
136.8475,-47.75652,0.548541,0.04331074,0.7135628,-4.026772
136.8609,-49.98832,0.4908774,0.04551626,0.7099748,-4.026888
136.8744,-52.10941,0.4324057,0.04818466,0.7058814,-4.027033
136.8878,-54.10432,0.3750206,0.05130815,0.7013369,-4.027206
136.9011,-55.92897,0.3214472,0.05481728,0.6964754,-4.027402
136.9143,-57.6013,0.2720035,0.05874333,0.6912803,-4.02762
136.9276,-59.1138,0.2277368,0.06306504,0.6858022,-4.02786
136.9408,-60.46545,0.1893121,0.06775562,0.6800898,-4.028118
136.9495,-61.26695,0.1673787,0.07101805,0.6762372,-4.028297
136.9582,-62.00393,0.1479874,0.07441589,0.6723154,-4.028482
136.9669,-62.67962,0.1310458,0.07793916,0.6683355,-4.028674
136.9755,-63.29749,0.1163577,0.08157777,0.6643078,-4.028871
136.9842,-63.8613,0.1036729,0.08532162,0.6602416,-4.029073
136.9929,-64.37508,0.0928387,0.08916075,0.6561454,-4.02928
137.0016,-64.84266,0.08367332,0.09308558,0.6520269,-4.029492
137.0103,-65.2676,0.07592335,0.09708685,0.6478931,-4.029707
137.0188,-65.64595,0.06945949,0.1010737,0.6438332,-4.029921
137.0273,-65.98972,0.06400488,0.1051176,0.63977,-4.030138
137.0358,-66.30174,0.059432,0.109211,0.6357084,-4.030358
137.0443,-66.58455,0.05557643,0.1133468,0.6316527,-4.030581
137.0525,-66.83215,0.05239489,0.1173747,0.6277454,-4.030798
137.0608,-67.05669,0.04969252,0.1214304,0.6238505,-4.031017
137.069,-67.25996,0.04740532,0.1255087,0.6199708,-4.031237
137.0772,-67.4436,0.04545434,0.1296045,0.616109,-4.031459
137.0858,-67.61705,0.04369076,0.1339231,0.6120721,-4.031695
137.0945,-67.77205,0.04219275,0.1382512,0.6080599,-4.031931
137.1031,-67.91002,0.04092549,0.1425841,0.6040748,-4.032169
137.1118,-68.03227,0.03984351,0.1469176,0.6001185,-4.032408
137.1212,-68.14975,0.03882309,0.1516694,0.5958122,-4.032671
137.1307,-68.25115,0.03796438,0.1564124,0.5915451,-4.032935
137.1402,-68.33776,0.03724825,0.1611421,0.5873189,-4.0332
137.1497,-68.41075,0.03664618,0.1658545,0.5831355,-4.033466
137.1605,-68.47852,0.03606954,0.1711878,0.5784316,-4.033769
137.1712,-68.53141,0.03560344,0.1764891,0.5737868,-4.034073
137.182,-68.57068,0.03523703,0.1817538,0.5692025,-4.034377
137.1928,-68.59745,0.0349506,0.1869778,0.5646804,-4.034681
137.2054,-68.61427,0.03469455,0.1930469,0.5594584,-4.035039
137.2181,-68.61672,0.03452486,0.1990498,0.5543252,-4.035396
137.2307,-68.60609,0.03443494,0.2049821,0.549282,-4.035753
137.2434,-68.58354,0.03440963,0.2108394,0.54433,-4.03611
137.2586,-68.54186,0.03444767,0.2178079,0.5384729,-4.036541
137.2739,-68.48585,0.03456371,0.2246566,0.5327513,-4.03697
137.2892,-68.41691,0.03475341,0.231381,0.5271659,-4.037399
137.3044,-68.33627,0.03500368,0.237977,0.5217173,-4.037827
137.3233,-68.22202,0.03537965,0.2459493,0.515171,-4.038353
137.3422,-68.09335,0.03583802,0.2537156,0.508834,-4.038877
137.3611,-67.95181,0.03637837,0.261272,0.5027059,-4.039399
137.3799,-67.79878,0.03698383,0.2686157,0.4967857,-4.039917
137.4015,-67.61106,0.03772943,0.2767569,0.4902635,-4.040507
137.4231,-67.41143,0.03856516,0.2846145,0.4840099,-4.041093
137.4447,-67.20129,0.03950548,0.2921872,0.4780221,-4.041673
137.4663,-66.98184,0.04050977,0.2994747,0.4722973,-4.04225
137.4866,-66.76872,0.04147121,0.306044,0.4671694,-4.042785
137.5068,-66.54917,0.0425082,0.3123639,0.4622665,-4.043316
137.527,-66.32394,0.04363911,0.3184353,0.4575858,-4.043842
137.5473,-66.09363,0.04482033,0.3242597,0.453124,-4.044363
137.5659,-65.87719,0.04592095,0.3294138,0.4492004,-4.04484
137.5846,-65.65737,0.04708082,0.3343604,0.4454576,-4.045313
137.6033,-65.43457,0.0483119,0.3391011,0.4418932,-4.045781
137.6219,-65.20911,0.0495865,0.3436374,0.4385043,-4.046245
137.6409,-64.97789,0.05089719,0.3480339,0.4352417,-4.046712
137.6598,-64.74461,0.05226505,0.3522236,0.4321542,-4.047174
137.6788,-64.50957,0.05370284,0.3562083,0.4292388,-4.047631
137.6977,-64.273,0.05518431,0.35999,0.4264925,-4.048084
137.7174,-64.0256,0.05674186,0.3637093,0.4238129,-4.04855
137.7371,-63.77708,0.05836048,0.3672135,0.4213095,-4.049011
137.7568,-63.52772,0.06005595,0.3705049,0.4189791,-4.049468
137.7765,-63.27766,0.06179735,0.3735858,0.416818,-4.049919
137.7967,-63.02026,0.06360008,0.3765331,0.4147716,-4.050377
137.8169,-62.76254,0.06546714,0.3792635,0.4128965,-4.05083
137.8372,-62.50472,0.06741597,0.3817795,0.4111892,-4.051277
137.8574,-62.24684,0.06941274,0.3840836,0.4096459,-4.051719
137.8782,-61.98119,0.07148283,0.3862381,0.4082241,-4.052169
137.8991,-61.71579,0.07362116,0.3881733,0.4069684,-4.052613
137.9199,-61.45078,0.07584692,0.389892,0.405875,-4.053052
137.9407,-61.18612,0.07812364,0.3913971,0.40494,-4.053485
137.9623,-60.91205,0.0804971,0.3927348,0.4041337,-4.053928
137.9839,-60.63852,0.08294501,0.3938489,0.4034891,-4.054364
138.0055,-60.36567,0.08548915,0.3947424,0.4030023,-4.054795
138.0271,-60.09327,0.08808934,0.3954185,0.402669,-4.05522
138.0495,-59.81038,0.0908066,0.3958941,0.4024806,-4.055655
138.0719,-59.52802,0.0936079,0.3961413,0.4024495,-4.056084
138.0944,-59.24629,0.09651865,0.3961629,0.4025715,-4.056506
138.1168,-58.96476,0.09949409,0.3959626,0.4028421,-4.056922
138.1401,-58.67176,0.102607,0.3955227,0.4032764,-4.057348
138.1635,-58.37886,0.1058192,0.3948492,0.4038631,-4.057767
138.1868,-58.08609,0.1091612,0.393945,0.4045982,-4.058178
138.2101,-57.79277,0.112583,0.3928137,0.4054774,-4.058583
138.2343,-57.48674,0.1161655,0.3914028,0.4065383,-4.058996
138.2586,-57.17976,0.1198728,0.3897529,0.407747,-4.059402
138.2828,-56.87177,0.1237425,0.3878663,0.4091005,-4.0598
138.307,-56.56166,0.1277188,0.3857465,0.4105947,-4.06019
138.3321,-56.23726,0.1318833,0.383312,0.4122846,-4.060586
138.3571,-55.90985,0.1362158,0.3806317,0.4141199,-4.060973
138.3822,-55.57924,0.1407657,0.3777063,0.4160988,-4.061352
138.4072,-55.24362,0.1454706,0.3745387,0.4182186,-4.061723
138.433,-54.89138,0.1503988,0.3710347,0.4205403,-4.062095
138.4587,-54.53239,0.1555712,0.3672739,0.4230097,-4.062458
138.4844,-54.16608,0.1610568,0.3632536,0.425628,-4.062811
138.5102,-53.78936,0.1667891,0.3589741,0.4283948,-4.063155
138.5363,-53.39208,0.172798,0.3543587,0.4313589,-4.063494
138.5625,-52.98096,0.1791919,0.3494642,0.4344837,-4.063822
138.5887,-52.55448,0.1860772,0.3442808,0.4377762,-4.064139
138.6148,-52.10695,0.1933926,0.3388024,0.4412408,-4.064445
138.641,-51.63083,0.201088,0.3330137,0.4448886,-4.064739
138.6672,-51.12647,0.2094488,0.3268962,0.448733,-4.06502
138.6934,-50.58963,0.2186614,0.3204243,0.4527928,-4.065288
138.7196,-50.00859,0.2287038,0.3135769,0.4570842,-4.06554
138.7453,-49.37991,0.2393761,0.3064553,0.4615477,-4.065773
138.7711,-48.69019,0.2513317,0.298889,0.4662954,-4.065989
138.7968,-47.92693,0.264952,0.2908168,0.4713728,-4.066186
138.8225,-47.06219,0.2803725,0.2821791,0.4768263,-4.066362
138.8474,-46.09755,0.2971329,0.2732478,0.4824948,-4.066509
138.8722,-44.98579,0.3167067,0.2635929,0.4886642,-4.066631
138.897,-43.68776,0.33999,0.2530682,0.4954517,-4.066722
138.9218,-42.12826,0.3676252,0.2415234,0.50299,-4.066778
138.9455,-40.30331,0.3989535,0.2293502,0.5110689,-4.066792
138.9693,-38.07643,0.437068,0.215803,0.5202512,-4.066758
138.9931,-35.35157,0.4835509,0.2006825,0.5308399,-4.066665
139.0168,-32.01191,0.5390996,0.1839372,0.543162,-4.0665
139.0362,-28.79222,0.5913037,0.169157,0.5547421,-4.066302
139.0555,-25.18446,0.6485719,0.1536871,0.5679157,-4.066038
139.0749,-21.36381,0.7080367,0.1380106,0.582723,-4.065701
139.0943,-17.67543,0.7657015,0.1227134,0.5990018,-4.065291
139.1071,-15.53613,0.8004471,0.1131216,0.6103652,-4.064984
139.1198,-13.76869,0.8311448,0.1040513,0.6220037,-4.064651
139.1326,-12.47265,0.8570353,0.09557543,0.6337002,-4.064299
139.1454,-11.72087,0.8779116,0.08773142,0.6452344,-4.063934
139.1582,-11.54933,0.8939241,0.08052911,0.6563853,-4.063562
139.1709,-11.93888,0.9053541,0.07396414,0.6669477,-4.063193
139.1837,-12.84758,0.9125904,0.06802303,0.6767563,-4.062831
139.1965,-14.2173,0.9160025,0.06268873,0.6856909,-4.062485
139.2102,-16.11551,0.9156145,0.05761413,0.694221,-4.062135
139.2239,-18.36282,0.9113872,0.05319298,0.7015858,-4.061814
139.2377,-20.87013,0.9034742,0.0494008,0.707769,-4.061525
139.2514,-23.54554,0.8914041,0.04623053,0.7127773,-4.061272
139.2666,-26.60191,0.8725988,0.04344186,0.7169842,-4.061036
139.2817,-29.69959,0.8479706,0.04136925,0.7198766,-4.060848
139.2969,-32.78224,0.8171718,0.03998797,0.7215398,-4.060705
139.3121,-35.80817,0.7797105,0.03927736,0.7220621,-4.06061
139.3253,-38.38049,0.7415842,0.0391858,0.7216614,-4.060563
139.3385,-40.8858,0.6984165,0.03956993,0.720523,-4.060551
139.3517,-43.31621,0.6504132,0.04042058,0.7186992,-4.06057
139.3649,-45.67027,0.5984288,0.0417263,0.716246,-4.060622
139.3781,-47.94579,0.5436468,0.0434783,0.7132169,-4.060704
139.3913,-50.12848,0.4869437,0.04567787,0.7096564,-4.060815
139.4045,-52.20358,0.4295865,0.04832304,0.7056123,-4.060955
139.4177,-54.15625,0.3733566,0.05140644,0.7011357,-4.061121
139.431,-55.98248,0.3197025,0.05494262,0.6962449,-4.061314
139.4443,-57.65489,0.2702534,0.05889817,0.6910196,-4.061529
139.4576,-59.16612,0.2260547,0.06325137,0.685511,-4.061766
139.4709,-60.51537,0.1877572,0.06797487,0.6797683,-4.062022
139.4795,-61.30671,0.1661475,0.07122385,0.6759375,-4.062197
139.4882,-62.03459,0.1470386,0.07460572,0.6720392,-4.062378
139.4968,-62.70219,0.1303369,0.07811069,0.6680843,-4.062566
139.5054,-63.31296,0.1158482,0.08172886,0.6640826,-4.062759
139.514,-63.87056,0.1033276,0.08545034,0.6600433,-4.062957
139.5227,-64.37896,0.09262392,0.08926539,0.6559747,-4.06316
139.5313,-64.84188,0.0835586,0.09316461,0.6518844,-4.063367
139.5399,-65.26282,0.07588471,0.09713894,0.6477792,-4.063578
139.5485,-65.64038,0.06943569,0.101127,0.6437186,-4.063789
139.557,-65.98339,0.06399382,0.1051718,0.6396548,-4.064004
139.5655,-66.29467,0.0594318,0.109266,0.6355927,-4.064221
139.574,-66.57676,0.05558549,0.1134025,0.6315365,-4.064441
139.5822,-66.82372,0.05241116,0.1174314,0.6276284,-4.064655
139.5905,-67.04763,0.04971504,0.1214881,0.6237327,-4.064871
139.5987,-67.25029,0.04743325,0.1255671,0.6198523,-4.065089
139.6069,-67.43331,0.045487,0.1296636,0.6159898,-4.065309
139.6156,-67.6062,0.04372722,0.1339842,0.611951,-4.065541
139.6242,-67.76061,0.04223267,0.1383141,0.607937,-4.065775
139.6329,-67.89801,0.04096858,0.1426487,0.6039501,-4.06601
139.6415,-68.01968,0.03988955,0.1469838,0.5999923,-4.066246
139.651,-68.13655,0.03887189,0.1517383,0.5956833,-4.066506
139.6605,-68.23734,0.03801587,0.1564838,0.5914136,-4.066768
139.67,-68.32333,0.03730235,0.1612159,0.587185,-4.06703
139.6795,-68.39568,0.03670285,0.1659304,0.5829994,-4.067293
139.6903,-68.46275,0.03612896,0.1712675,0.5782918,-4.067593
139.7011,-68.51493,0.03566565,0.1765723,0.5736435,-4.067893
139.7119,-68.55347,0.03530211,0.18184,0.5690561,-4.068194
139.7227,-68.5795,0.0350186,0.1870668,0.5645311,-4.068495
139.7354,-68.59544,0.034766,0.193141,0.5593042,-4.068849
139.748,-68.59699,0.03459993,0.1991486,0.5541664,-4.069202
139.7607,-68.58546,0.03451378,0.2050849,0.5491191,-4.069556
139.7734,-68.56198,0.03449242,0.2109458,0.5441636,-4.069909
139.7887,-68.51914,0.03453547,0.2179214,0.5382997,-4.070335
139.804,-68.46194,0.03465684,0.2247763,0.5325722,-4.07076
139.8193,-68.39179,0.03485218,0.2315059,0.5269818,-4.071185
139.8346,-68.30992,0.03510836,0.2381063,0.521529,-4.071608
139.8535,-68.19408,0.03549214,0.2460858,0.5149759,-4.072129
139.8725,-68.06379,0.03595887,0.2538578,0.5086335,-4.072648
139.8914,-67.92061,0.03650822,0.2614184,0.5025014,-4.073164
139.9103,-67.76593,0.03712315,0.2687645,0.4965786,-4.073677
139.932,-67.57675,0.03787794,0.2768883,0.4900698,-4.07426
139.9536,-67.37571,0.03872332,0.2847276,0.48383,-4.074838
139.9752,-67.16421,0.03967401,0.2922814,0.4778566,-4.075411
139.9968,-66.94344,0.04068892,0.2995493,0.4721466,-4.07598
140.017,-66.72952,0.04165845,0.3060877,0.4670423,-4.076507
140.0373,-66.50923,0.04270364,0.3123771,0.4621626,-4.077029
140.0575,-66.2833,0.04384283,0.3184184,0.4575046,-4.077548
140.0777,-66.05234,0.04503252,0.324213,0.4530651,-4.078061
140.0964,-65.8351,0.04614251,0.3293458,0.4491572,-4.078531
140.115,-65.61449,0.04731196,0.334271,0.4454302,-4.078996
140.1337,-65.39093,0.04855281,0.3389902,0.4418816,-4.079457
140.1524,-65.16474,0.04983743,0.3435048,0.4385086,-4.079914
140.1713,-64.93254,0.05116008,0.3478842,0.4352585,-4.080374
140.1903,-64.69828,0.05254028,0.3520561,0.4321838,-4.08083
140.2093,-64.4623,0.05399091,0.3560224,0.4292817,-4.081281
140.2282,-64.2248,0.05548555,0.3597852,0.4265491,-4.081727
140.248,-63.9765,0.05705665,0.3634834,0.4238847,-4.082186
140.2677,-63.72711,0.05868924,0.366966,0.4213968,-4.08264
140.2874,-63.4769,0.06039918,0.3702353,0.4190822,-4.083089
140.3071,-63.22601,0.0621554,0.3732937,0.4169372,-4.083533
140.3274,-62.96776,0.06397362,0.3762174,0.4149074,-4.083984
140.3476,-62.70922,0.0658566,0.3789236,0.4130494,-4.084429
140.3679,-62.45058,0.06782187,0.3814149,0.4113593,-4.084869
140.3881,-62.19191,0.06983547,0.3836938,0.4098335,-4.085304
140.409,-61.92539,0.07192364,0.3858223,0.4084296,-4.085747
140.4298,-61.65913,0.07408057,0.3877309,0.4071921,-4.086183
140.4507,-61.39329,0.07632558,0.3894225,0.4061173,-4.086614
140.4715,-61.12779,0.078622,0.3908998,0.405201,-4.08704
140.4932,-60.85281,0.08101657,0.3922082,0.4044142,-4.087475
140.5148,-60.57838,0.08348625,0.3932925,0.4037896,-4.087904
140.5364,-60.30462,0.08605298,0.3941553,0.403323,-4.088327
140.558,-60.03131,0.08867638,0.3948001,0.4030101,-4.088743
140.5805,-59.74744,0.09141842,0.3952426,0.4028433,-4.08917
140.603,-59.46409,0.09424542,0.3954559,0.4028339,-4.089591
140.6255,-59.18134,0.09718298,0.3954428,0.402978,-4.090005
140.6479,-58.89878,0.1001861,0.3952071,0.403271,-4.090413
140.6713,-58.60465,0.1033286,0.3947296,0.4037289,-4.09083
140.6947,-58.31058,0.1065718,0.3940177,0.4043394,-4.09124
140.718,-58.0166,0.1099464,0.3930742,0.4050987,-4.091643
140.7414,-57.722,0.1134022,0.3919029,0.4060025,-4.092039
140.7657,-57.41458,0.117021,0.3904497,0.4070891,-4.092443
140.7899,-57.10611,0.1207667,0.3887565,0.408324,-4.092839
140.8142,-56.79655,0.1246777,0.3868256,0.409704,-4.093228
140.8384,-56.48475,0.1286975,0.3846606,0.4112252,-4.093609
140.8635,-56.1585,0.1329084,0.3821787,0.4129433,-4.093995
140.8886,-55.82907,0.1372909,0.3794499,0.4148073,-4.094372
140.9137,-55.49626,0.1418954,0.3764749,0.4168156,-4.094742
140.9388,-55.1582,0.1466593,0.3732562,0.4189654,-4.095102
140.9646,-54.80329,0.1516503,0.3696997,0.4213181,-4.095464
140.9903,-54.44131,0.156892,0.3658847,0.4238194,-4.095816
141.0161,-54.07166,0.1624552,0.3618085,0.4264708,-4.096159
141.0419,-53.69114,0.1682734,0.3574708,0.4292721,-4.096492
141.0681,-53.28965,0.1743741,0.3527969,0.4322711,-4.096819
141.0942,-52.8737,0.1808724,0.3478412,0.4354328,-4.097136
141.1204,-52.44166,0.1878782,0.3425931,0.4387645,-4.097442
141.1466,-51.9876,0.1953312,0.3370461,0.4422714,-4.097736
141.1727,-51.50412,0.2031757,0.3311897,0.4459613,-4.098018
141.1989,-50.99105,0.2117119,0.3249989,0.4498521,-4.098287
141.2251,-50.44385,0.2211341,0.3184469,0.4539633,-4.098542
141.2513,-49.85019,0.2314254,0.311511,0.4583125,-4.098782
141.277,-49.20689,0.2423741,0.3043011,0.4628349,-4.099002
141.3027,-48.49925,0.2546673,0.2966347,0.4676507,-4.099204
141.3284,-47.71386,0.2687068,0.2884468,0.472808,-4.099387
141.3541,-46.82101,0.2846465,0.2796744,0.4783564,-4.099548
141.3788,-45.82251,0.3020062,0.2706003,0.4841282,-4.09968
141.4035,-44.66766,0.3223382,0.2607745,0.4904237,-4.099786
141.4283,-43.31434,0.3465896,0.2500432,0.4973676,-4.099861
141.453,-41.68261,0.3754519,0.2382489,0.5051018,-4.099898
141.4768,-39.7665,0.4082881,0.2257774,0.5134252,-4.099893
141.5005,-37.42173,0.4482816,0.211879,0.5229182,-4.099837
141.5242,-34.55195,0.4969657,0.1963732,0.5338987,-4.099719
141.5479,-31.05252,0.5548288,0.1792618,0.5467009,-4.099525
141.5721,-26.82295,0.6236329,0.1603415,0.5620209,-4.099235
141.5963,-22.13053,0.6976321,0.140798,0.5798919,-4.098834
141.6206,-17.46407,0.7692768,0.1216722,0.60013,-4.09832
141.6448,-13.70961,0.8309681,0.1039756,0.6219729,-4.097703
141.6563,-12.53914,0.8546019,0.09634716,0.6324917,-4.097383
141.6677,-11.79963,0.8741483,0.08922505,0.6428891,-4.097053
141.6792,-11.5147,0.8896133,0.0826209,0.6530025,-4.096717
141.6906,-11.68842,0.9012578,0.07653326,0.662689,-4.09638
141.7021,-12.30072,0.9094126,0.07095288,0.6718216,-4.096048
141.7135,-13.30921,0.9143668,0.06586704,0.6802957,-4.095725
141.725,-14.66513,0.9163936,0.0612613,0.6880351,-4.095415
141.7365,-16.31337,0.9156126,0.05712398,0.6949873,-4.095123
141.7506,-18.66777,0.9106799,0.05264026,0.7024529,-4.094791
141.7648,-21.28191,0.9016216,0.0488302,0.7086558,-4.094493
141.779,-24.06929,0.8884313,0.04566969,0.7136174,-4.094234
141.7932,-26.94437,0.8704203,0.04315226,0.7173744,-4.094015
141.8073,-29.84111,0.8469843,0.04126754,0.7199856,-4.093837
141.8215,-32.72097,0.8179956,0.03998825,0.7215252,-4.0937
141.8357,-35.55134,0.7831592,0.03929514,0.7220659,-4.093604
141.8498,-38.31407,0.7424344,0.03916787,0.7216836,-4.093547
141.8613,-40.49658,0.7053129,0.03946536,0.7207497,-4.09353
141.8728,-42.62517,0.6646158,0.04011425,0.7192943,-4.093537
141.8843,-44.69579,0.6206407,0.04110965,0.7173509,-4.093568
141.8958,-46.70624,0.5740237,0.04244605,0.7149542,-4.093623
141.9072,-48.65308,0.5255814,0.04411935,0.7121382,-4.093701
141.9187,-50.52683,0.4760352,0.04612954,0.7089329,-4.0938
141.9302,-52.31749,0.4262929,0.04847479,0.7053701,-4.09392
141.9417,-54.01495,0.3774774,0.0511506,0.7014831,-4.094061
141.9553,-55.89776,0.322192,0.05475379,0.6964855,-4.094252
141.969,-57.61908,0.2712743,0.05879946,0.6911331,-4.094468
141.9826,-59.17071,0.2258588,0.06326433,0.6854812,-4.094707
141.9963,-60.55177,0.1866621,0.06811889,0.6795831,-4.094965
142.0049,-61.34359,0.1650702,0.07139243,0.6757277,-4.095139
142.0136,-62.07142,0.1460012,0.07479967,0.6718048,-4.095319
142.0223,-62.73854,0.1293572,0.07833065,0.6678253,-4.095505
142.031,-63.34844,0.1149379,0.08197531,0.6637992,-4.095697
142.0396,-63.90488,0.1024917,0.08572359,0.6597357,-4.095893
142.0483,-64.41186,0.09186583,0.08956562,0.6556433,-4.096095
142.057,-64.87319,0.08287937,0.09349186,0.6515296,-4.0963
142.0657,-65.29238,0.07528158,0.09749315,0.6474015,-4.09651
142.0742,-65.66548,0.06894571,0.1014779,0.6433487,-4.096718
142.0827,-66.00442,0.06359822,0.1055184,0.6392933,-4.096929
142.0912,-66.312,0.05911385,0.1096073,0.63524,-4.097144
142.0997,-66.59074,0.0553316,0.1137376,0.6311931,-4.09736
142.1079,-66.8354,0.05220074,0.1177715,0.627283,-4.097572
142.1162,-67.05715,0.04954164,0.1218324,0.6233857,-4.097786
142.1244,-67.25775,0.04729122,0.1259153,0.6195041,-4.098002
142.1326,-67.43884,0.04537171,0.1300151,0.6156407,-4.098219
142.1413,-67.60999,0.04363406,0.1343441,0.6115961,-4.098449
142.15,-67.76274,0.04215863,0.1386818,0.6075769,-4.09868
142.1586,-67.89852,0.0409111,0.1430238,0.603585,-4.098913
142.1673,-68.01864,0.03984653,0.1473657,0.5996227,-4.099147
142.1768,-68.13396,0.03884192,0.1521321,0.5953046,-4.099405
142.1864,-68.23322,0.03799752,0.1568888,0.5910263,-4.099664
142.1959,-68.31771,0.03729445,0.1616315,0.5867898,-4.099924
142.2054,-68.38859,0.03670446,0.1663561,0.5825965,-4.100184
142.2163,-68.45405,0.03614003,0.1717088,0.5778766,-4.100482
142.2271,-68.50463,0.0356856,0.1770283,0.5732168,-4.10078
142.2379,-68.54158,0.03533041,0.18231,0.5686186,-4.101078
142.2488,-68.56603,0.0350549,0.1875498,0.5640834,-4.101377
142.2615,-68.58012,0.03481116,0.193644,0.5588405,-4.101728
142.2743,-68.57982,0.03465382,0.1996703,0.553688,-4.102079
142.287,-68.56642,0.03457631,0.2056239,0.5486271,-4.10243
142.2997,-68.54107,0.03456356,0.2115008,0.5436591,-4.10278
142.3151,-68.49591,0.03461715,0.2185015,0.5377754,-4.103204
142.3305,-68.43636,0.03474931,0.2253792,0.53203,-4.103626
142.3459,-68.36384,0.03495571,0.2321295,0.5264236,-4.104048
142.3614,-68.2796,0.03522324,0.2387483,0.5209567,-4.104468
142.3804,-68.16074,0.03562148,0.2467515,0.5143856,-4.104986
142.3995,-68.02741,0.03610339,0.2545436,0.5080282,-4.105502
142.4185,-67.88119,0.03666887,0.2621209,0.501884,-4.106014
142.4376,-67.72347,0.03730046,0.2694804,0.495952,-4.106524
142.4592,-67.53196,0.03806958,0.2775695,0.4894726,-4.107099
142.4809,-67.32875,0.03892959,0.2853731,0.4832627,-4.107669
142.5025,-67.1152,0.03989578,0.2928905,0.4773197,-4.108235
142.5242,-66.89249,0.04092617,0.3001211,0.4716403,-4.108796
142.5443,-66.67771,0.04190591,0.3065993,0.4665841,-4.109314
142.5645,-66.45669,0.04296104,0.3128299,0.4617511,-4.109827
142.5846,-66.23015,0.04410973,0.3188138,0.4571382,-4.110336
142.6048,-65.99869,0.04530892,0.3245525,0.4527424,-4.11084
142.6234,-65.7805,0.04643084,0.3296476,0.448864,-4.111303
142.6421,-65.55902,0.04761224,0.3345352,0.4451662,-4.111761
142.6608,-65.33464,0.04886502,0.339217,0.4416464,-4.112215
142.6794,-65.10768,0.05016176,0.3436945,0.4383018,-4.112664
142.6984,-64.87418,0.05150017,0.3480464,0.4350728,-4.113118
142.7174,-64.63868,0.05289657,0.35219,0.4320198,-4.113567
142.7364,-64.40147,0.05436396,0.3561274,0.4291398,-4.114011
142.7555,-64.1628,0.05587572,0.3598605,0.4264296,-4.114451
142.7752,-63.91341,0.05746408,0.3635256,0.4237901,-4.114903
142.7949,-63.66297,0.05911439,0.3669745,0.4213273,-4.11535
142.8147,-63.41174,0.06084263,0.3702096,0.419038,-4.115792
142.8344,-63.15987,0.06261752,0.3732332,0.4169186,-4.116229
142.8547,-62.90065,0.06445504,0.3761206,0.4149153,-4.116673
142.875,-62.64116,0.06635779,0.37879,0.4130839,-4.117111
142.8953,-62.38161,0.06834343,0.381244,0.4114207,-4.117543
142.9156,-62.12204,0.0703778,0.3834852,0.4099218,-4.117971
142.9365,-61.85453,0.07248837,0.3855749,0.4085453,-4.118406
142.9574,-61.58729,0.0746683,0.3874442,0.4073354,-4.118835
142.9783,-61.32049,0.07693704,0.3890956,0.4062883,-4.119258
142.9992,-61.05404,0.07925772,0.3905323,0.4054,-4.119676
143.0208,-60.77802,0.08167831,0.3917982,0.4046423,-4.120103
143.0425,-60.50255,0.08417479,0.3928392,0.4040468,-4.120525
143.0642,-60.22776,0.08676932,0.393658,0.4036096,-4.12094
143.0858,-59.95342,0.08942123,0.3942581,0.4033264,-4.121349
143.1084,-59.66841,0.09219368,0.3946534,0.4031905,-4.121768
143.1309,-59.38391,0.09505218,0.3948186,0.4032123,-4.12218
143.1534,-59.1,0.09802265,0.3947567,0.4033878,-4.122586
143.1759,-58.81624,0.1010598,0.3944713,0.4037123,-4.122985
143.1993,-58.52079,0.1042385,0.3939414,0.4042033,-4.123393
143.2228,-58.22535,0.1075195,0.3931762,0.4048472,-4.123795
143.2462,-57.92994,0.1109342,0.3921785,0.40564,-4.124189
143.2696,-57.63384,0.1144318,0.3909521,0.4065776,-4.124576
143.2939,-57.32476,0.1180951,0.3894408,0.4076995,-4.124971
143.3182,-57.01454,0.121888,0.3876886,0.40897,-4.125358
143.3425,-56.70309,0.1258496,0.3856976,0.410386,-4.125737
143.3669,-56.38925,0.1299231,0.3834714,0.4119437,-4.126109
143.392,-56.06074,0.1341911,0.3809258,0.4136994,-4.126485
143.4171,-55.72886,0.1386354,0.378132,0.4156016,-4.126853
143.4423,-55.39336,0.1433075,0.3750905,0.4176489,-4.127212
143.4674,-55.05231,0.1481445,0.3718038,0.4198387,-4.127563
143.4932,-54.69411,0.1532131,0.3681776,0.4222319,-4.127914
143.519,-54.32843,0.158541,0.3642912,0.424775,-4.128255
143.5448,-53.95462,0.164201,0.3601412,0.4274696,-4.128587
143.5706,-53.56934,0.1701267,0.3557271,0.4303159,-4.128909
143.5968,-53.16257,0.1763422,0.3509768,0.4333599,-4.129225
143.623,-52.74053,0.1829716,0.3459413,0.4365691,-4.12953
143.6492,-52.30145,0.1901292,0.3406091,0.4399514,-4.129824
143.6753,-51.83909,0.1977563,0.334973,0.4435125,-4.130106
143.7015,-51.34623,0.2057895,0.3290288,0.4472564,-4.130375
143.7277,-50.82201,0.2145488,0.3227434,0.4512064,-4.130631
143.7538,-50.2615,0.2242385,0.3160878,0.4553835,-4.130873
143.78,-49.65156,0.2348489,0.3090376,0.4598067,-4.131099
143.8056,-48.98935,0.2461526,0.3017136,0.4644047,-4.131305
143.8313,-48.25844,0.2588814,0.2939176,0.4693078,-4.131493
143.8569,-47.44418,0.2734637,0.2855801,0.4745679,-4.13166
143.8825,-46.51454,0.2900782,0.2766329,0.4802388,-4.131805
143.9072,-45.47154,0.30822,0.2673727,0.4861446,-4.131921
143.9319,-44.25986,0.3295443,0.2573239,0.4926042,-4.132009
143.9565,-42.83347,0.3550639,0.246323,0.4997523,-4.132065
143.9812,-41.10624,0.3855328,0.2342039,0.5077432,-4.132081
144.0049,-39.06902,0.4203595,0.2213395,0.5163916,-4.132053
144.0285,-36.56826,0.4628124,0.206984,0.5262981,-4.131971
144.0522,-33.50951,0.5143153,0.1909893,0.5377982,-4.131824
144.0759,-29.81011,0.5750156,0.173438,0.5512304,-4.131596
144.1001,-25.39866,0.6460117,0.1542397,0.5673054,-4.131265
144.1243,-20.67952,0.7201696,0.1347463,0.5859129,-4.130823
144.1485,-16.2379,0.7893479,0.1160297,0.6066961,-4.130268
144.1727,-12.94566,0.8463136,0.09898574,0.6287194,-4.129619
144.1846,-12.02125,0.868122,0.09139276,0.6396016,-4.129275
144.1965,-11.5853,0.8855216,0.08435762,0.6502324,-4.128922
144.2085,-11.64389,0.8986564,0.07788383,0.6604376,-4.128568
144.2204,-12.18304,0.9078881,0.07196341,0.6700725,-4.128217
144.2324,-13.16391,0.9135817,0.06658291,0.6790154,-4.127875
144.2443,-14.52942,0.9160423,0.0617258,0.6871731,-4.127547
144.2562,-16.21947,0.9155226,0.05737524,0.6944842,-4.127238
144.2682,-18.16914,0.9120316,0.05352012,0.7009116,-4.12695
144.2852,-21.2627,0.9013635,0.048871,0.7085129,-4.126584
144.3022,-24.60391,0.8845841,0.04516171,0.7143266,-4.126272
144.3192,-28.07441,0.8617096,0.04234759,0.7184381,-4.126018
144.3362,-31.55281,0.8310281,0.04042575,0.7209407,-4.125822
144.3509,-34.51454,0.7972315,0.03946926,0.7219035,-4.125701
144.3657,-37.41245,0.7570356,0.03913193,0.7218392,-4.125623
144.3804,-40.22649,0.7103021,0.03939621,0.7208251,-4.125587
144.3952,-42.95261,0.6577179,0.04024081,0.718944,-4.125593
144.4109,-45.76748,0.5966197,0.04176066,0.7160704,-4.125641
144.4267,-48.46431,0.5310701,0.04392157,0.7123745,-4.125734
144.4424,-51.02085,0.4625956,0.04672327,0.707934,-4.125867
144.4581,-53.41654,0.3944353,0.0501513,0.7028391,-4.12604
144.471,-55.23321,0.3415028,0.05339647,0.6982652,-4.126208
144.4838,-56.91093,0.2919493,0.0570384,0.6933598,-4.126398
144.4966,-58.4408,0.2468487,0.06106,0.6881695,-4.126609
144.5095,-59.81954,0.2070066,0.0654389,0.6827394,-4.126838
144.5188,-60.72718,0.1815912,0.06882823,0.6786696,-4.127015
144.5281,-61.55865,0.1591438,0.07238025,0.6745115,-4.127201
144.5374,-62.3175,0.1396003,0.07608287,0.6702795,-4.127393
144.5467,-63.00774,0.1227459,0.07992374,0.6659866,-4.127593
144.5561,-63.63387,0.1082793,0.08389034,0.6616449,-4.127798
144.5654,-64.2009,0.09603198,0.0879703,0.6572653,-4.128009
144.5747,-64.71359,0.08578998,0.09215166,0.6528577,-4.128225
144.584,-65.17635,0.07722596,0.09642291,0.6484308,-4.128446
144.5926,-65.56006,0.07057639,0.1004053,0.6443654,-4.128651
144.6011,-65.90859,0.06496533,0.1044457,0.6402959,-4.12886
144.6096,-66.22483,0.06026218,0.1085368,0.6362274,-4.129072
144.6182,-66.51137,0.05629824,0.1126712,0.6321644,-4.129286
144.6264,-66.76181,0.05303312,0.1166929,0.628255,-4.129494
144.6346,-66.98887,0.05026072,0.1207431,0.6243577,-4.129705
144.6429,-67.19438,0.04791524,0.1248163,0.6204753,-4.129917
144.6511,-67.37998,0.04591561,0.1289077,0.6166105,-4.130131
144.6597,-67.55491,0.04411265,0.1332131,0.6125787,-4.130357
144.6684,-67.7112,0.04258166,0.1375283,0.6085713,-4.130584
144.677,-67.85031,0.04128692,0.1418488,0.6045907,-4.130813
144.6856,-67.97357,0.04018192,0.1461702,0.6006387,-4.131043
144.6951,-68.09188,0.03914137,0.150904,0.5963415,-4.131296
144.7046,-68.19401,0.03826593,0.1556293,0.5920831,-4.13155
144.714,-68.28125,0.03753595,0.1603416,0.5878655,-4.131804
144.7235,-68.35476,0.03692238,0.1650371,0.5836903,-4.13206
144.7342,-68.42299,0.0363353,0.1703477,0.5789989,-4.132351
144.745,-68.47626,0.03586069,0.1756266,0.5743661,-4.132643
144.7558,-68.51584,0.03548742,0.1808694,0.5697936,-4.132935
144.7665,-68.54284,0.03519548,0.1860719,0.5652828,-4.133228
144.7791,-68.55985,0.03493443,0.1921141,0.5600755,-4.133571
144.7917,-68.56242,0.03476099,0.1980909,0.5549565,-4.133914
144.8043,-68.55186,0.03466838,0.2039974,0.549927,-4.134257
144.8169,-68.52931,0.03464131,0.2098297,0.5449883,-4.1346
144.8322,-68.48756,0.03467824,0.2167691,0.5391461,-4.135014
144.8474,-68.4314,0.03479417,0.2235895,0.5334389,-4.135427
144.8626,-68.36225,0.03498462,0.2302862,0.5278674,-4.135839
144.8779,-68.28135,0.03523641,0.2368554,0.5224321,-4.136249
144.8967,-68.16658,0.0356157,0.2448029,0.5158953,-4.136755
144.9155,-68.03729,0.03607844,0.2525451,0.5095675,-4.137259
144.9344,-67.89505,0.03662405,0.2600778,0.5034483,-4.13776
144.9532,-67.74126,0.03723573,0.2673982,0.4975369,-4.138258
144.9749,-67.55201,0.03799191,0.2755365,0.491006,-4.138826
144.9965,-67.35072,0.03883969,0.2833899,0.484745,-4.13939
145.0181,-67.13882,0.0397935,0.2909572,0.4787513,-4.139949
145.0398,-66.91752,0.04081261,0.2982379,0.4730221,-4.140504
145.06,-66.70236,0.04179002,0.3048064,0.4678859,-4.141019
145.0803,-66.48072,0.04284429,0.3111237,0.4629766,-4.14153
145.1006,-66.25334,0.043994,0.3171908,0.4582911,-4.142036
145.1209,-66.02083,0.04519514,0.323009,0.4538264,-4.142537
145.1396,-65.80242,0.04631442,0.3281542,0.4499026,-4.142995
145.1583,-65.5806,0.047494,0.3330906,0.4461611,-4.143449
145.177,-65.35579,0.04874599,0.3378196,0.4425992,-4.143899
145.1957,-65.12832,0.05004238,0.3423429,0.439214,-4.144344
145.2147,-64.89516,0.05137524,0.3467228,0.4359579,-4.144791
145.2337,-64.65994,0.05276623,0.3508946,0.432878,-4.145233
145.2526,-64.42298,0.05422826,0.3548603,0.4299712,-4.145672
145.2716,-64.18449,0.05573484,0.3586217,0.4272346,-4.146105
145.2913,-63.93511,0.05731911,0.3623185,0.4245663,-4.146551
145.3111,-63.68464,0.05896548,0.3657989,0.4220752,-4.146992
145.3308,-63.43334,0.06068985,0.3690652,0.4197581,-4.147427
145.3505,-63.18136,0.06246106,0.3721198,0.4176113,-4.147858
145.3708,-62.92192,0.06429569,0.3750396,0.41558,-4.148295
145.3911,-62.66219,0.06619574,0.377741,0.4137212,-4.148727
145.4113,-62.40237,0.06817884,0.3802265,0.4120312,-4.149153
145.4316,-62.14251,0.07021088,0.3824989,0.4105062,-4.149575
145.4525,-61.87474,0.07231876,0.3846197,0.4091037,-4.150003
145.4734,-61.60724,0.07449615,0.3865198,0.4078686,-4.150425
145.4942,-61.34016,0.07676246,0.3882017,0.4067968,-4.150842
145.5151,-61.07342,0.07908086,0.3896684,0.4058845,-4.151253
145.5368,-60.79713,0.08149902,0.390965,0.4051025,-4.151674
145.5584,-60.52138,0.08399313,0.3920362,0.4044835,-4.152088
145.58,-60.24631,0.08658532,0.3928851,0.4040232,-4.152496
145.6017,-59.97168,0.08923501,0.3935148,0.4037175,-4.152899
145.6242,-59.68639,0.09200537,0.3939405,0.403559,-4.15331
145.6467,-59.4016,0.0948618,0.3941359,0.4035587,-4.153715
145.6692,-59.11741,0.09783013,0.3941037,0.4037127,-4.154114
145.6917,-58.83338,0.1008652,0.3938477,0.4040164,-4.154506
145.7151,-58.53764,0.104042,0.3933479,0.4044863,-4.154907
145.7385,-58.24193,0.1073212,0.3926123,0.4051097,-4.155301
145.7619,-57.94627,0.1107337,0.3916439,0.4058828,-4.155688
145.7853,-57.64993,0.1142291,0.3904464,0.4068011,-4.156068
145.8096,-57.34061,0.1178906,0.3889645,0.4079038,-4.156455
145.8338,-57.03016,0.1216815,0.3872411,0.4091558,-4.156834
145.8581,-56.71851,0.1256406,0.3852786,0.4105538,-4.157206
145.8824,-56.4045,0.1297114,0.3830804,0.4120941,-4.15757
145.9075,-56.07581,0.1339772,0.3805629,0.4138328,-4.157939
145.9327,-55.74378,0.1384188,0.3777966,0.4157185,-4.158299
145.9578,-55.40818,0.1430875,0.3747822,0.4177499,-4.15865
145.9829,-55.06707,0.1479205,0.3715222,0.4199241,-4.158993
146.0087,-54.7088,0.1529859,0.3679222,0.4223026,-4.159336
146.0345,-54.34311,0.1583095,0.3640614,0.4248313,-4.159669
146.0603,-53.96936,0.163964,0.3599365,0.4275121,-4.159993
146.0861,-53.58422,0.169883,0.3555474,0.4303449,-4.160307
146.1122,-53.1776,0.1760924,0.3508207,0.4333764,-4.160616
146.1384,-52.75581,0.182714,0.3458085,0.4365734,-4.160913
146.1646,-52.3171,0.1898614,0.3404995,0.4399436,-4.161199
146.1908,-51.85527,0.1974758,0.3348864,0.4434928,-4.161473
146.2169,-51.36301,0.2054963,0.3289636,0.4472259,-4.161735
146.2431,-50.8396,0.2142392,0.3226997,0.4511651,-4.161983
146.2693,-50.28016,0.2239076,0.3160661,0.455331,-4.162217
146.2954,-49.67164,0.234491,0.3090385,0.4597426,-4.162435
146.3211,-49.0111,0.2457652,0.3017356,0.4643298,-4.162634
146.3467,-48.28237,0.2584557,0.293962,0.4692212,-4.162814
146.3724,-47.47095,0.2729879,0.2856488,0.4744683,-4.162974
146.398,-46.54508,0.2895377,0.2767284,0.4801243,-4.163112
146.4227,-45.50672,0.3076033,0.2674953,0.4860146,-4.163221
146.4474,-44.30113,0.3288279,0.2574777,0.4924556,-4.163303
146.472,-42.88278,0.3542165,0.2465135,0.4995809,-4.163351
146.4967,-41.16629,0.3845151,0.2344377,0.5075432,-4.163361
146.5204,-39.14302,0.419124,0.2216251,0.516155,-4.163328
146.5441,-36.66064,0.4613022,0.2073301,0.5260144,-4.16324
146.5678,-33.62471,0.5124848,0.1914011,0.5374548,-4.163088
146.5914,-29.9502,0.5728553,0.1739121,0.5508135,-4.162856
146.6156,-25.56359,0.6435587,0.1547657,0.5667935,-4.162521
146.6398,-20.85307,0.7176486,0.1352894,0.5853043,-4.162075
146.664,-16.39276,0.7870622,0.1165502,0.6060088,-4.161517
146.6882,-13.05419,0.8445176,0.09945547,0.6279912,-4.160864
146.7001,-12.10162,0.8665499,0.09185645,0.6388379,-4.160518
146.712,-11.63188,0.8842006,0.08481028,0.6494479,-4.160163
146.7239,-11.65314,0.8975978,0.07832142,0.6596476,-4.159807
146.7358,-12.15344,0.9070933,0.07238262,0.6692921,-4.159453
146.7477,-13.09593,0.9130498,0.06698084,0.6782585,-4.159108
146.7596,-14.42497,0.9157719,0.06209995,0.6864523,-4.158776
146.7715,-16.08152,0.9155154,0.05772333,0.6938101,-4.158463
146.7834,-18.00152,0.9123018,0.0538398,0.7002931,-4.158171
146.8006,-21.09641,0.9018977,0.0490984,0.7080627,-4.157793
146.8177,-24.452,0.8853247,0.04531279,0.7140142,-4.15747
146.8349,-27.94604,0.8626367,0.04243638,0.7182327,-4.157206
146.852,-31.45148,0.8320313,0.04046794,0.7208119,-4.157002
146.8667,-34.40139,0.7985903,0.03949244,0.7218125,-4.156875
146.8814,-37.28918,0.758813,0.03913183,0.721791,-4.156791
146.8961,-40.09463,0.7125568,0.03936858,0.720824,-4.156749
146.9108,-42.81333,0.6604728,0.04018164,0.7189933,-4.156748
146.9266,-45.65151,0.5992185,0.04168284,0.716141,-4.15679
146.9425,-48.37068,0.5333743,0.04383417,0.7124515,-4.156876
146.9584,-50.94824,0.4644623,0.04663548,0.7080039,-4.157005
146.9742,-53.3635,0.3957979,0.05007178,0.7028905,-4.157173
146.987,-55.18083,0.3428773,0.05330232,0.6983324,-4.157336
146.9998,-56.85984,0.2932921,0.05692895,0.6934423,-4.157521
147.0127,-58.39154,0.2481191,0.06093479,0.6882666,-4.157727
147.0255,-59.77253,0.2081733,0.06529764,0.6828505,-4.157952
147.0348,-60.68684,0.1825347,0.06869471,0.6787673,-4.158126
147.0442,-61.52422,0.159891,0.07225628,0.6745945,-4.158309
147.0536,-62.28822,0.1401803,0.07597009,0.6703466,-4.158499
147.0629,-62.98287,0.123187,0.07982365,0.6660369,-4.158697
147.0723,-63.61275,0.1086066,0.08380425,0.6616777,-4.1589
147.0817,-64.18291,0.09626972,0.08789937,0.6572802,-4.159109
147.091,-64.69819,0.08596039,0.09209685,0.6528542,-4.159323
147.1004,-65.16305,0.07734611,0.09638505,0.6484088,-4.159541
147.1089,-65.54683,0.07068582,0.1003675,0.6443425,-4.159744
147.1175,-65.8954,0.06506583,0.104408,0.6402722,-4.15995
147.126,-66.21163,0.06035535,0.1084992,0.6362029,-4.160159
147.1346,-66.49812,0.05638541,0.1126336,0.632139,-4.160371
147.1428,-66.74848,0.05311553,0.1166554,0.6282289,-4.160577
147.151,-66.97544,0.05033926,0.1207056,0.6243308,-4.160785
147.1593,-67.18081,0.0479907,0.1247788,0.6204477,-4.160995
147.1675,-67.36625,0.04598862,0.1288701,0.6165822,-4.161206
147.1761,-67.54099,0.04418366,0.1331753,0.6125497,-4.16143
147.1848,-67.69707,0.04265116,0.1374904,0.6085418,-4.161654
147.1934,-67.83595,0.04135534,0.1418105,0.6045606,-4.16188
147.2021,-67.95896,0.04024961,0.1461316,0.6006082,-4.162107
147.2115,-68.077,0.03920852,0.1508651,0.5963103,-4.162357
147.221,-68.17882,0.03833288,0.1555901,0.5920513,-4.162608
147.2305,-68.26574,0.03760298,0.1603021,0.5878332,-4.16286
147.24,-68.33893,0.03698971,0.164997,0.5836575,-4.163113
147.2507,-68.40677,0.03640316,0.1703075,0.5789652,-4.163401
147.2615,-68.45964,0.03592934,0.1755861,0.5743317,-4.163689
147.2723,-68.4988,0.03555708,0.1808284,0.5697586,-4.163978
147.283,-68.52538,0.03526634,0.1860302,0.5652474,-4.164268
147.2956,-68.54186,0.03500687,0.1920728,0.5600387,-4.164607
147.3083,-68.5439,0.03483525,0.1980495,0.5549185,-4.164947
147.3209,-68.53278,0.0347447,0.2039557,0.5498881,-4.165286
147.3335,-68.50966,0.03471988,0.2097874,0.5449487,-4.165625
147.3488,-68.46718,0.03475981,0.216728,0.5391042,-4.166034
147.364,-68.41027,0.03487904,0.2235491,0.533395,-4.166443
147.3793,-68.34035,0.03507308,0.2302461,0.527822,-4.16685
147.3945,-68.25866,0.03532874,0.2368149,0.5223857,-4.167256
147.4134,-68.14285,0.03571327,0.2447642,0.5158458,-4.167757
147.4323,-68.01249,0.03618173,0.2525072,0.5095159,-4.168255
147.4512,-67.86916,0.03673355,0.2600399,0.5033953,-4.168751
147.47,-67.71426,0.03735183,0.2673593,0.4974834,-4.169244
147.4917,-67.52393,0.03811498,0.2754865,0.4909599,-4.169805
147.5133,-67.32159,0.03897018,0.2833283,0.4847068,-4.170362
147.535,-67.10864,0.03993203,0.2908833,0.4787215,-4.170914
147.5566,-66.88631,0.04095949,0.2981511,0.4730011,-4.171461
147.5769,-66.67044,0.04194376,0.3047002,0.4678789,-4.17197
147.5972,-66.4481,0.04300511,0.3109981,0.4629835,-4.172473
147.6175,-66.22006,0.04416213,0.3170459,0.4583119,-4.172972
147.6377,-65.98692,0.04537082,0.3228448,0.4538609,-4.173467
147.6565,-65.76778,0.04649806,0.3279757,0.4499472,-4.173918
147.6752,-65.54527,0.04768584,0.3328975,0.4462159,-4.174366
147.6939,-65.31978,0.04894627,0.3376116,0.4426643,-4.174809
147.7126,-65.09164,0.05025138,0.3421199,0.4392896,-4.175248
147.7316,-64.85766,0.05159421,0.3464872,0.4360422,-4.175689
147.7506,-64.62163,0.05299552,0.3506459,0.4329713,-4.176126
147.7696,-64.38387,0.0544683,0.3545979,0.430074,-4.176557
147.7886,-64.1446,0.05598594,0.3583451,0.4273472,-4.176985
147.8083,-63.89445,0.0575817,0.3620263,0.4246897,-4.177424
147.8281,-63.64323,0.05923993,0.3654905,0.4222098,-4.177858
147.8478,-63.39119,0.0609766,0.3687402,0.4199041,-4.178288
147.8675,-63.13849,0.06276045,0.3717777,0.4177692,-4.178712
147.8878,-62.87831,0.06460835,0.3746797,0.4157501,-4.179142
147.9081,-62.61784,0.06652207,0.3773628,0.4139038,-4.179567
147.9284,-62.35731,0.06851932,0.3798295,0.4122266,-4.179987
147.9487,-62.09674,0.07056586,0.3820825,0.4107147,-4.180401
147.9696,-61.82821,0.07268931,0.3841834,0.4093257,-4.180823
147.9905,-61.55995,0.07488273,0.3860629,0.4081044,-4.181238
148.0114,-61.29212,0.07716563,0.3877237,0.4070467,-4.181648
148.0323,-61.02464,0.07950106,0.3891687,0.4061487,-4.182052
148.054,-60.74754,0.08193745,0.3904424,0.4053818,-4.182466
148.0756,-60.47099,0.0844504,0.3914902,0.4047782,-4.182873
148.0973,-60.19512,0.08706215,0.3923149,0.4043336,-4.183274
148.119,-59.91969,0.08973194,0.3929198,0.4040438,-4.183669
148.1415,-59.63352,0.09252381,0.3933193,0.4039022,-4.184073
148.1641,-59.34785,0.09540255,0.3934876,0.4039191,-4.18447
148.1866,-59.06275,0.09839419,0.3934278,0.4040905,-4.184861
148.2091,-58.7778,0.1014533,0.3931434,0.404412,-4.185246
148.2325,-58.48106,0.104656,0.3926134,0.4049007,-4.185639
148.256,-58.1843,0.1079621,0.3918469,0.4055432,-4.186025
148.2794,-57.88756,0.1114032,0.3908468,0.4063357,-4.186404
148.3028,-57.59008,0.1149283,0.3896169,0.4072738,-4.186776
148.3271,-57.27952,0.1186216,0.3881005,0.4083974,-4.187154
148.3515,-56.96774,0.1224462,0.386342,0.4096705,-4.187525
148.3758,-56.65469,0.1264415,0.3843434,0.4110902,-4.187889
148.4001,-56.33917,0.1305505,0.3821082,0.4126526,-4.188244
148.4253,-56.00882,0.1348572,0.3795518,0.4144144,-4.188603
148.4504,-55.67498,0.139343,0.3767457,0.4163237,-4.188954
148.4756,-55.33741,0.14406,0.3736903,0.4183794,-4.189297
148.5007,-54.99412,0.1489452,0.370388,0.4205787,-4.189631
148.5265,-54.63345,0.1540663,0.3667445,0.4229828,-4.189964
148.5523,-54.26507,0.1594516,0.3628388,0.4255383,-4.190288
148.5782,-53.88831,0.1651753,0.3586673,0.4282469,-4.190602
148.604,-53.49975,0.171171,0.3542294,0.4311089,-4.190906
148.6301,-53.08932,0.1774627,0.3494538,0.4341699,-4.191205
148.6563,-52.66315,0.1841782,0.3443901,0.4373982,-4.191492
148.6825,-52.21939,0.1914341,0.3390264,0.4408021,-4.191767
148.7087,-51.75162,0.1991731,0.3333551,0.4443877,-4.192031
148.7348,-51.25264,0.2073288,0.3273745,0.4481573,-4.192282
148.761,-50.72124,0.2162314,0.3210478,0.4521368,-4.192519
148.7871,-50.15227,0.2260914,0.3143451,0.4563478,-4.192741
148.8133,-49.53209,0.2369035,0.3072406,0.4608104,-4.192948
148.8389,-48.858,0.2484324,0.2998605,0.4654501,-4.193134
148.8645,-48.11259,0.2614356,0.2919986,0.4704025,-4.193303
148.8901,-47.28046,0.2763574,0.2835828,0.4757217,-4.19345
148.9157,-46.32817,0.2933919,0.2745418,0.4814639,-4.193575
148.9404,-45.25783,0.3120201,0.2651796,0.4874493,-4.193671
148.965,-44.01135,0.3339583,0.2550065,0.494007,-4.193738
148.9896,-42.54044,0.3602574,0.2438541,0.501278,-4.193771
149.0142,-40.75545,0.3917055,0.2315521,0.5094236,-4.193764
149.0379,-38.6452,0.4277438,0.2184632,0.51827,-4.193713
149.0615,-36.05164,0.4716675,0.2038514,0.5284278,-4.193605
149.0852,-32.88352,0.524802,0.1875935,0.5402409,-4.19343
149.1089,-29.0756,0.5870437,0.1698271,0.5540454,-4.193171
149.1331,-24.57194,0.6591146,0.1505071,0.5705784,-4.192806
149.1573,-19.8684,0.7330257,0.1310917,0.5896124,-4.192328
149.1815,-15.60327,0.8004224,0.1126531,0.6106813,-4.19174
149.2058,-12.62143,0.8544184,0.09601276,0.6327521,-4.191064
149.2182,-11.85683,0.8752992,0.08835199,0.6439702,-4.190694
149.2306,-11.62631,0.8914894,0.08129586,0.6548393,-4.190319
149.243,-11.92312,0.9032193,0.07484313,0.6651731,-4.189944
149.2555,-12.7199,0.910909,0.06898177,0.6748233,-4.189577
149.2679,-13.96349,0.9149283,0.06369575,0.6836703,-4.189222
149.2803,-15.58546,0.9155914,0.05896561,0.6916281,-4.188885
149.2927,-17.51703,0.9131314,0.05477249,0.698646,-4.18857
149.3051,-19.68524,0.9074516,0.05110606,0.7046979,-4.18828
149.3214,-22.75683,0.8946415,0.04709738,0.711145,-4.187945
149.3376,-25.99638,0.8759615,0.04393419,0.7159932,-4.187661
149.3538,-29.3096,0.8512389,0.04158194,0.7193275,-4.18743
149.3701,-32.60804,0.8192699,0.04002896,0.7212389,-4.187252
149.3853,-35.64953,0.782031,0.0392775,0.7218384,-4.187134
149.4006,-38.6148,0.7378822,0.03918049,0.7213715,-4.187062
149.4159,-41.48463,0.6867479,0.03972075,0.7199215,-4.187034
149.4311,-44.25736,0.6296898,0.04087542,0.7175796,-4.18705
149.4461,-46.88072,0.5696522,0.0425841,0.7145046,-4.187105
149.461,-49.39167,0.5063516,0.04486786,0.7107192,-4.187199
149.476,-51.7699,0.4413487,0.0477254,0.7062912,-4.187329
149.491,-53.99562,0.3773678,0.05114478,0.7012964,-4.187494
149.5039,-55.78463,0.324898,0.05455135,0.6965673,-4.187663
149.5169,-57.42861,0.2762844,0.05835707,0.6915159,-4.187854
149.5298,-58.92019,0.2325323,0.06254243,0.6861897,-4.188066
149.5428,-60.25786,0.1943075,0.06708274,0.6806344,-4.188295
149.5517,-61.08508,0.1714971,0.07037371,0.67673,-4.188462
149.5605,-61.84489,0.1513315,0.07380652,0.6727518,-4.188635
149.5694,-62.54063,0.1337247,0.07737067,0.6687115,-4.188815
149.5782,-63.17588,0.1184766,0.08105552,0.6646202,-4.189001
149.5871,-63.75459,0.1053259,0.08485037,0.6604879,-4.189192
149.5959,-64.28102,0.09411584,0.08874469,0.6563237,-4.189388
149.6048,-64.7592,0.08465677,0.0927283,0.6521358,-4.189588
149.6137,-65.19292,0.07667892,0.09679141,0.6479317,-4.189793
149.6222,-65.57267,0.07013362,0.100779,0.6438654,-4.189993
149.6308,-65.9175,0.06461119,0.1048239,0.6397957,-4.190197
149.6393,-66.23028,0.05998263,0.1089185,0.6357275,-4.190404
149.6478,-66.51357,0.05608139,0.1130557,0.6316652,-4.190613
149.6561,-66.76125,0.05286518,0.1170826,0.627754,-4.190817
149.6643,-66.98569,0.05013433,0.1211372,0.6238551,-4.191023
149.6726,-67.18869,0.04782403,0.1252143,0.6199716,-4.191231
149.6808,-67.37191,0.04585435,0.1293089,0.6161061,-4.19144
149.6895,-67.54472,0.04407551,0.1336245,0.6120669,-4.191661
149.6982,-67.69895,0.04256551,0.1379493,0.6080527,-4.191884
149.7068,-67.83605,0.0412891,0.1422788,0.6040657,-4.192108
149.7155,-67.95733,0.04020026,0.1466085,0.6001078,-4.192333
149.725,-68.07365,0.03917438,0.1513562,0.5957997,-4.192581
149.7345,-68.17379,0.03831223,0.1560947,0.5915311,-4.19283
149.744,-68.25904,0.03759439,0.1608195,0.5873038,-4.19308
149.7535,-68.3306,0.03699204,0.1655265,0.5831196,-4.193331
149.7644,-68.39667,0.03641631,0.1708554,0.5784134,-4.193617
149.7752,-68.44778,0.03595257,0.1761515,0.5737668,-4.193904
149.786,-68.48518,0.0355898,0.1814103,0.5691815,-4.194191
149.7968,-68.51001,0.03530808,0.1866277,0.5646589,-4.194478
149.8095,-68.52446,0.03505858,0.1926935,0.5594325,-4.194816
149.8222,-68.52444,0.03489677,0.198692,0.5542959,-4.195153
149.8349,-68.51127,0.0348159,0.2046186,0.5492504,-4.195491
149.8476,-68.48609,0.03480072,0.2104691,0.5442972,-4.195828
149.863,-68.44105,0.03485241,0.2174384,0.538431,-4.196235
149.8784,-68.38156,0.03498367,0.2242857,0.5327023,-4.196641
149.8937,-68.30903,0.03519004,0.2310064,0.5271118,-4.197046
149.9091,-68.22472,0.03545832,0.2375966,0.5216603,-4.19745
149.9281,-68.10559,0.03585895,0.245573,0.515101,-4.197948
149.9471,-67.97189,0.03634428,0.2533391,0.5087551,-4.198444
149.9661,-67.82522,0.03691403,0.2608911,0.5026218,-4.198937
149.9852,-67.66697,0.03755083,0.268226,0.4967003,-4.199427
150.0068,-67.47412,0.03832983,0.2763149,0.4902108,-4.199981
150.0285,-67.26941,0.03920122,0.2841173,0.4839923,-4.200531
150.0502,-67.05425,0.04018021,0.2916319,0.4780419,-4.201076
150.0719,-66.82983,0.04122477,0.2988585,0.4723569,-4.201617
150.0921,-66.6131,0.04222003,0.3053398,0.4672903,-4.202116
150.1123,-66.39006,0.04329204,0.3115716,0.4624487,-4.202611
150.1325,-66.16145,0.04445918,0.3175548,0.4578292,-4.203101
150.1527,-65.92786,0.04567794,0.3232909,0.4534286,-4.203587
150.1714,-65.7078,0.04681794,0.3283789,0.4495493,-4.204031
150.1901,-65.48443,0.04801846,0.3332582,0.4458521,-4.204472
150.2088,-65.25814,0.04929156,0.3379302,0.4423341,-4.204908
150.2275,-65.02927,0.05060952,0.3423965,0.4389926,-4.20534
150.2466,-64.79396,0.05196931,0.3467329,0.43577,-4.205775
150.2656,-64.55665,0.05338802,0.35086,0.4327244,-4.206206
150.2846,-64.31765,0.05487879,0.3547795,0.4298527,-4.206631
150.3037,-64.07718,0.05641479,0.3584936,0.427152,-4.207053
150.3235,-63.82593,0.05802905,0.3621378,0.4245231,-4.207486
150.3432,-63.57365,0.05970624,0.3655647,0.4220721,-4.207913
150.363,-63.32059,0.0614625,0.3687763,0.4197955,-4.208336
150.3828,-63.0669,0.0632663,0.3717753,0.4176899,-4.208753
150.4031,-62.80575,0.06513478,0.374637,0.4157011,-4.209177
150.4235,-62.54434,0.06706957,0.3772793,0.4138852,-4.209595
150.4438,-62.2829,0.06908849,0.3797047,0.4122385,-4.210008
150.4641,-62.02146,0.07115713,0.3819159,0.4107572,-4.210416
150.485,-61.75194,0.07330439,0.3839739,0.4093994,-4.21083
150.506,-61.48271,0.07552223,0.3858099,0.4082093,-4.211239
150.5269,-61.21393,0.07783033,0.3874265,0.4071831,-4.211641
150.5479,-60.94551,0.08019151,0.3888268,0.4063166,-4.212039
150.5696,-60.66738,0.08265549,0.3900536,0.4055824,-4.212445
150.5913,-60.3898,0.08519684,0.3910537,0.4050116,-4.212844
150.6131,-60.1129,0.08783806,0.3918301,0.4046001,-4.213238
150.6348,-59.83642,0.09053807,0.3923859,0.4043435,-4.213626
150.6574,-59.54912,0.09336212,0.3927336,0.4042364,-4.214022
150.68,-59.2623,0.09627423,0.3928494,0.4042881,-4.214412
150.7025,-58.97603,0.09930075,0.3927361,0.4044944,-4.214795
150.7251,-58.68985,0.1023959,0.3923976,0.4048509,-4.215172
150.7486,-58.39178,0.1056369,0.3918104,0.4053763,-4.215557
150.7721,-58.09363,0.1089832,0.3909858,0.4060556,-4.215935
150.7956,-57.79543,0.1124667,0.3899268,0.4068851,-4.216305
150.8191,-57.4964,0.1160363,0.3886369,0.4078604,-4.216669
150.8434,-57.18413,0.1197767,0.3870577,0.4090228,-4.217039
150.8678,-56.87053,0.1236515,0.3852352,0.410335,-4.217401
150.8922,-56.55552,0.1277008,0.3831715,0.4117941,-4.217756
150.9166,-56.23785,0.1318671,0.3808702,0.4133963,-4.218102
150.9418,-55.90515,0.1362345,0.3782451,0.415199,-4.218452
150.967,-55.56872,0.1407863,0.375369,0.41715,-4.218794
150.9922,-55.2283,0.1455757,0.3722422,0.419248,-4.219127
151.0174,-54.88181,0.1505395,0.3688667,0.4214906,-4.219451
151.0432,-54.51763,0.1557439,0.3651487,0.4239386,-4.219774
151.0691,-54.14529,0.161222,0.3611665,0.4265391,-4.220088
151.0949,-53.76406,0.1670503,0.356916,0.4292945,-4.220391
151.1208,-53.37034,0.1731625,0.3523964,0.432205,-4.220685
151.147,-52.9542,0.1795787,0.3475393,0.4353145,-4.220972
151.1732,-52.52139,0.1864368,0.3423905,0.4385939,-4.221248
151.1994,-52.06993,0.1938588,0.3369371,0.4420522,-4.221512
151.2256,-51.59301,0.201789,0.3311704,0.4456963,-4.221764
151.2517,-51.08368,0.2101523,0.3250963,0.4495242,-4.222002
151.2778,-50.53993,0.2193013,0.3186684,0.4535677,-4.222227
151.3039,-49.95612,0.2294583,0.3118545,0.4578502,-4.222437
151.3301,-49.31771,0.2406264,0.3046268,0.4623935,-4.22263
151.3556,-48.62233,0.2525528,0.2971235,0.4671157,-4.222803
151.3812,-47.85062,0.2660458,0.2891211,0.4721641,-4.222957
151.4067,-46.98568,0.2815807,0.280542,0.4775968,-4.223089
151.4323,-45.99137,0.2993809,0.2713094,0.4834752,-4.223198
151.4568,-44.86995,0.3189012,0.2617412,0.4896111,-4.223277
151.4813,-43.55795,0.3419738,0.2513204,0.4963542,-4.223327
151.5058,-42.00265,0.3697212,0.2398689,0.5038569,-4.22334
151.5304,-40.10778,0.4029944,0.2272085,0.5122946,-4.223312
151.554,-37.85733,0.4413229,0.2136771,0.5215212,-4.223236
151.5777,-35.08589,0.488007,0.1985668,0.5321619,-4.223101
151.6013,-31.71061,0.5441384,0.1818084,0.5445746,-4.222894
151.625,-27.70531,0.6090824,0.1636503,0.5590865,-4.222599
151.6494,-23.03288,0.6831238,0.1440517,0.5765595,-4.222188
151.6737,-18.37939,0.7563739,0.1247277,0.5964617,-4.221662
151.6981,-14.47452,0.8201887,0.1067368,0.6181075,-4.221031
151.7225,-12.10131,0.8685824,0.09076457,0.640289,-4.220322
151.7362,-11.68397,0.8878402,0.08280969,0.6523802,-4.219906
151.7499,-11.91209,0.9016761,0.07558646,0.6638744,-4.219488
151.7636,-12.74518,0.9105151,0.06908256,0.674554,-4.219079
151.7773,-14.12133,0.9148672,0.0632774,0.6842631,-4.218685
151.791,-15.95095,0.9150363,0.05815015,0.6928896,-4.218313
151.8047,-18.13897,0.9113621,0.05367324,0.7003685,-4.217968
151.8184,-20.59695,0.9040175,0.04982234,0.7066782,-4.217656
151.8321,-23.2332,0.8925669,0.04658999,0.7118214,-4.217378
151.8474,-26.28402,0.87434,0.04370687,0.7162148,-4.217112
151.8626,-29.38614,0.8502922,0.04154851,0.719273,-4.216893
151.8779,-32.48029,0.8200861,0.04008963,0.7210811,-4.216722
151.8931,-35.52137,0.7831793,0.03931005,0.7217275,-4.216597
151.9065,-38.1285,0.7451496,0.03916621,0.7214132,-4.216526
151.9199,-40.66803,0.701932,0.03951145,0.7203359,-4.216489
151.9333,-43.13127,0.6537146,0.04033599,0.7185501,-4.216485
151.9467,-45.51676,0.6013692,0.04162759,0.7161144,-4.216514
151.9601,-47.82246,0.5461137,0.04337671,0.7130846,-4.216575
151.9735,-50.03356,0.4888281,0.04558476,0.709507,-4.216665
151.9869,-52.1348,0.4308085,0.04824971,0.7054311,-4.216785
152.0003,-54.11091,0.3739096,0.05136377,0.7009102,-4.216932
152.0136,-55.93082,0.3204376,0.05488421,0.6960415,-4.217103
152.0268,-57.59793,0.2711254,0.05882146,0.6908393,-4.217297
152.0401,-59.10488,0.2270118,0.06315395,0.6853544,-4.217512
152.0534,-60.45078,0.1887489,0.06785456,0.6796357,-4.217746
152.0621,-61.24588,0.1669899,0.07111165,0.6757926,-4.217908
152.0708,-61.97689,0.1477517,0.07450276,0.6718811,-4.218077
152.0795,-62.64704,0.1309413,0.07801793,0.6679122,-4.218252
152.0881,-63.25979,0.1163631,0.08164714,0.6638961,-4.218432
152.0968,-63.81885,0.1037695,0.08538034,0.659842,-4.218617
152.1055,-64.32824,0.09300851,0.08920765,0.6557583,-4.218808
152.1142,-64.79173,0.08389996,0.09311952,0.6516528,-4.219002
152.1229,-65.21286,0.0761938,0.09710677,0.6475324,-4.2192
152.1314,-65.58923,0.06973843,0.1010958,0.6434689,-4.219398
152.14,-65.93095,0.06429175,0.1051414,0.6394023,-4.2196
152.1485,-66.24086,0.05972625,0.109236,0.6353377,-4.219804
152.1571,-66.52151,0.05587756,0.1133725,0.6312792,-4.22001
152.1653,-66.76715,0.05270015,0.1174034,0.6273669,-4.220212
152.1736,-66.98966,0.05000222,0.1214617,0.6234672,-4.220416
152.1818,-67.19084,0.04771973,0.1255419,0.6195832,-4.220622
152.1901,-67.37234,0.04577368,0.1296392,0.6157174,-4.220829
152.1988,-67.54364,0.04401402,0.1339626,0.6116732,-4.221048
152.2075,-67.69641,0.0425206,0.1382947,0.6076543,-4.221269
152.2162,-67.83209,0.04125854,0.142631,0.6036629,-4.221491
152.2248,-67.95199,0.04018225,0.1469672,0.599701,-4.221714
152.2344,-68.06693,0.03916769,0.1517257,0.5953851,-4.22196
152.2439,-68.16571,0.03831566,0.1564743,0.5911091,-4.222207
152.2535,-68.24963,0.03760693,0.1612088,0.5868749,-4.222455
152.263,-68.31986,0.0370129,0.1659249,0.5826842,-4.222704
152.2739,-68.3845,0.03644548,0.1712678,0.5779675,-4.222988
152.2847,-68.43417,0.03598956,0.1765772,0.5733109,-4.223272
152.2956,-68.47014,0.03563422,0.1818485,0.5687163,-4.223557
152.3065,-68.49352,0.03535966,0.1870776,0.564185,-4.223842
152.3192,-68.5063,0.03511814,0.1931613,0.558945,-4.224177
152.332,-68.5046,0.03496425,0.1991764,0.5537958,-4.224512
152.3448,-68.48972,0.03489127,0.2051184,0.5487387,-4.224847
152.3575,-68.46283,0.034884,0.2109831,0.543775,-4.225182
152.373,-68.41566,0.03494546,0.2179745,0.5378919,-4.225587
152.3884,-68.35402,0.03508676,0.224842,0.5321481,-4.225991
152.4039,-68.27931,0.0353035,0.2315809,0.5265444,-4.226393
152.4193,-68.19281,0.03558244,0.2381872,0.5210812,-4.226794
152.4385,-68.0709,0.03599671,0.2461838,0.5145074,-4.22729
152.4576,-67.93441,0.0364964,0.2539671,0.5081497,-4.227782
152.4768,-67.78493,0.03708147,0.261533,0.5020073,-4.228272
152.4959,-67.62388,0.03773412,0.2688786,0.4960793,-4.228758
152.5176,-67.42892,0.03852671,0.2769334,0.4896197,-4.229306
152.5393,-67.22224,0.03941201,0.2847008,0.4834313,-4.229849
152.561,-67.00522,0.04040572,0.2921799,0.4775114,-4.230387
152.5827,-66.77907,0.04146503,0.2993702,0.4718571,-4.230921
152.6028,-66.56155,0.04247024,0.3057958,0.4668359,-4.231412
152.623,-66.33784,0.043552,0.3119731,0.4620385,-4.231899
152.6432,-66.10867,0.04472853,0.3179031,0.4574617,-4.232381
152.6633,-65.87462,0.04595671,0.3235873,0.4531026,-4.232858
152.682,-65.65368,0.04710846,0.3286402,0.4492516,-4.233296
152.7007,-65.42948,0.04832079,0.3334844,0.4455823,-4.23373
152.7194,-65.20242,0.04960575,0.3381214,0.4420921,-4.23416
152.7381,-64.97282,0.05093575,0.3425529,0.438778,-4.234585
152.7572,-64.73633,0.05231089,0.3468626,0.4355767,-4.235014
152.7763,-64.49786,0.05374537,0.3509622,0.4325528,-4.235439
152.7954,-64.25775,0.05525248,0.3548537,0.4297033,-4.235859
152.8144,-64.0162,0.05680516,0.358539,0.427025,-4.236274
152.8343,-63.76395,0.05843626,0.3621513,0.4244209,-4.236701
152.8541,-63.51071,0.06013075,0.3655456,0.4219949,-4.237122
152.8739,-63.25672,0.06190486,0.3687242,0.4197435,-4.237539
152.8937,-63.00214,0.06372687,0.3716896,0.4176631,-4.23795
152.9141,-62.74009,0.06561424,0.3745163,0.4157005,-4.238367
152.9344,-62.47781,0.06756839,0.3771231,0.413911,-4.238778
152.9548,-62.21553,0.06960725,0.3795125,0.4122909,-4.239185
152.9751,-61.95326,0.07169623,0.3816872,0.4108362,-4.239585
152.9961,-61.68282,0.07386539,0.3837077,0.4095055,-4.239993
153.0171,-61.41269,0.07610571,0.3855056,0.4083428,-4.240395
153.0381,-61.14302,0.07843704,0.3870834,0.4073441,-4.240791
153.0591,-60.87373,0.08082194,0.3884442,0.4065053,-4.241181
153.0808,-60.59463,0.08331134,0.3896298,0.4057998,-4.24158
153.1026,-60.31609,0.0858789,0.390588,0.4052579,-4.241973
153.1244,-60.03822,0.0885473,0.3913216,0.4048754,-4.242359
153.1461,-59.76078,0.09127521,0.391834,0.4046481,-4.24274
153.1688,-59.47242,0.094129,0.3921359,0.4045715,-4.243129
153.1914,-59.18452,0.09707195,0.392205,0.4046539,-4.243511
153.2141,-58.89714,0.1001307,0.3920444,0.4048912,-4.243887
153.2367,-58.60983,0.1032592,0.3916577,0.4052788,-4.244256
153.2602,-58.3105,0.1065357,0.3910197,0.4058367,-4.244633
153.2838,-58.01105,0.1099193,0.3901434,0.4065487,-4.245003
153.3073,-57.71147,0.1134422,0.3890318,0.4074112,-4.245366
153.3308,-57.41099,0.1170529,0.3876885,0.4084198,-4.245721
153.3553,-57.09712,0.1208373,0.3860531,0.4096167,-4.246083
153.3797,-56.7818,0.1247587,0.3841735,0.4109638,-4.246437
153.4041,-56.46494,0.1288581,0.3820516,0.4124582,-4.246782
153.4286,-56.14525,0.1330778,0.379691,0.4140961,-4.24712
153.4538,-55.81035,0.1375019,0.3770044,0.4159357,-4.247461
153.4791,-55.47148,0.1421153,0.3740656,0.4179241,-4.247794
153.5043,-55.12837,0.1469723,0.3708745,0.4200603,-4.248118
153.5296,-54.77887,0.1520096,0.3674333,0.4223418,-4.248432
153.5554,-54.41138,0.1572922,0.3636483,0.4248294,-4.248746
153.5813,-54.0353,0.1628573,0.3595971,0.4274708,-4.24905
153.6072,-53.64983,0.1687838,0.3552753,0.4302685,-4.249343
153.6331,-53.25123,0.1750057,0.3506818,0.4332232,-4.249627
153.6593,-52.82967,0.1815392,0.3457511,0.4363768,-4.249903
153.6855,-52.39058,0.1885321,0.3405251,0.4397029,-4.250168
153.7117,-51.93179,0.1961111,0.3349901,0.4432112,-4.250421
153.7379,-51.44616,0.2042227,0.3291365,0.4469092,-4.250662
153.764,-50.92697,0.2127831,0.3229769,0.4507908,-4.250889
153.7901,-50.37141,0.2221668,0.3164562,0.4548935,-4.251101
153.8162,-49.77339,0.2326074,0.3095401,0.4592426,-4.251299
153.8423,-49.11744,0.2441162,0.3021984,0.4638612,-4.25148
153.8678,-48.40157,0.256424,0.2945808,0.4686608,-4.251639
153.8933,-47.60446,0.2703881,0.2864471,0.4737997,-4.251779
153.9188,-46.70777,0.2865141,0.2777151,0.4793401,-4.251898
153.9443,-45.67267,0.3050541,0.2683021,0.4853479,-4.251991
153.9687,-44.5015,0.3254396,0.2585384,0.4916283,-4.252055
153.9932,-43.12557,0.3496132,0.2478821,0.4985499,-4.252087
154.0176,-41.48789,0.3787638,0.2361462,0.5062765,-4.252082
154.0421,-39.48619,0.4137964,0.2231472,0.5149969,-4.252033
154.0657,-37.09881,0.454355,0.209191,0.5245985,-4.251934
154.0893,-34.15601,0.5036715,0.1936146,0.5357146,-4.251773
154.113,-30.58748,0.5625376,0.1764113,0.548712,-4.251534
154.1366,-26.41381,0.6297262,0.157944,0.5638989,-4.251203
154.1614,-21.60366,0.7055156,0.138059,0.5823711,-4.250746
154.1861,-17.04906,0.7777513,0.1188054,0.60317,-4.250172
154.2108,-13.55045,0.837653,0.1012077,0.6253755,-4.249497
154.2355,-11.81736,0.8804722,0.08582551,0.6476268,-4.248756
154.2511,-11.84266,0.898169,0.07734336,0.6609423,-4.248277
154.2667,-12.66823,0.9093356,0.06979436,0.6732759,-4.247804
154.2823,-14.19777,0.914673,0.06314919,0.6843658,-4.247351
154.2979,-16.31307,0.9146385,0.05737884,0.6940546,-4.246926
154.3134,-18.86852,0.9092107,0.05245992,0.7022534,-4.246538
154.329,-21.73658,0.8988448,0.0483492,0.7089379,-4.246193
154.3446,-24.80691,0.8836273,0.04501204,0.7141392,-4.245893
154.3602,-27.96542,0.8624414,0.04244568,0.7179067,-4.245642
154.375,-30.95775,0.8360957,0.04071815,0.7202234,-4.245451
154.3897,-33.92053,0.8036452,0.03963463,0.7214155,-4.245303
154.4045,-36.8215,0.7647919,0.03917415,0.7215634,-4.245199
154.4192,-39.64522,0.7196544,0.03931406,0.7207515,-4.245137
154.4312,-41.87552,0.6787624,0.03985337,0.7194456,-4.245116
154.4431,-44.04615,0.6342518,0.04076833,0.7175994,-4.245122
154.4551,-46.15191,0.5865633,0.04205496,0.7152494,-4.245154
154.467,-48.18883,0.5365582,0.04370809,0.7124342,-4.245211
154.479,-50.15098,0.4852991,0.04572375,0.7091914,-4.245291
154.4909,-52.02582,0.4337006,0.04810165,0.7055553,-4.245395
154.5029,-53.80113,0.3828473,0.05083829,0.7015622,-4.24552
154.5149,-55.4656,0.333997,0.05392637,0.69725,-4.245666
154.5286,-57.22352,0.2819426,0.05788413,0.6919648,-4.245856
154.5423,-58.81255,0.2352466,0.06226783,0.6863667,-4.246069
154.556,-60.23029,0.1947326,0.06704872,0.6805102,-4.246303
154.5697,-61.48078,0.160606,0.07219308,0.6744458,-4.246556
154.5778,-62.14475,0.1433336,0.07538727,0.670785,-4.246712
154.5859,-62.75661,0.1281133,0.07868687,0.6670767,-4.246874
154.594,-63.31935,0.1148247,0.08208375,0.6633289,-4.247041
154.6021,-63.83596,0.1032832,0.08556984,0.6595491,-4.247212
154.6102,-64.30951,0.09328033,0.08913716,0.655744,-4.247386
154.6183,-64.74312,0.08468417,0.09277796,0.6519199,-4.247565
154.6263,-65.13974,0.07734775,0.0964848,0.6480824,-4.247747
154.6344,-65.50213,0.07108501,0.1002505,0.6442366,-4.247932
154.6429,-65.84716,0.06548892,0.1042428,0.6402123,-4.248128
154.6514,-66.16042,0.06076307,0.1082846,0.6361889,-4.248327
154.6598,-66.44447,0.05679526,0.112369,0.6321707,-4.248529
154.6683,-66.70167,0.05344293,0.1164893,0.6281615,-4.248733
154.6766,-66.93003,0.05062814,0.1205623,0.624239,-4.248935
154.6849,-67.13645,0.04823724,0.1246586,0.6203316,-4.249139
154.6932,-67.32263,0.04621351,0.1287731,0.6164422,-4.249344
154.7015,-67.49013,0.04448665,0.1329011,0.6125731,-4.249551
154.7103,-67.64927,0.04290814,0.137299,0.608485,-4.249772
154.7192,-67.79045,0.04156983,0.1417021,0.6044249,-4.249995
154.728,-67.91507,0.0404407,0.146106,0.6003949,-4.250219
154.7368,-68.02441,0.03947933,0.1505063,0.5963969,-4.250444
154.7466,-68.129,0.03856833,0.1553676,0.5920116,-4.250694
154.7564,-68.21771,0.0378071,0.1602148,0.5876696,-4.250944
154.7662,-68.29184,0.03717843,0.1650437,0.583373,-4.251196
154.7759,-68.35255,0.0366559,0.16985,0.5791233,-4.251448
154.7871,-68.40695,0.03615895,0.1753257,0.5743126,-4.251738
154.7983,-68.4465,0.03576741,0.180762,0.5695673,-4.252028
154.8095,-68.47247,0.03547142,0.1861542,0.5648891,-4.252319
154.8207,-68.48601,0.0352523,0.1914983,0.5602793,-4.252609
154.834,-68.48734,0.03507136,0.1977474,0.5549208,-4.252953
154.8472,-68.4742,0.0349757,0.2039188,0.5496612,-4.253296
154.8604,-68.44791,0.03495913,0.2100079,0.5445018,-4.25364
154.8737,-68.40966,0.03500699,0.2160104,0.5394436,-4.253982
154.8898,-68.34842,0.03513511,0.2231991,0.5334211,-4.254399
154.9059,-68.27263,0.03534342,0.2302487,0.5275508,-4.254814
154.922,-68.18376,0.03562792,0.2371547,0.5218335,-4.255228
154.9381,-68.0831,0.03597538,0.2439132,0.5162695,-4.25564
154.9581,-67.94394,0.03647332,0.2520639,0.5095995,-4.256148
154.978,-67.79033,0.03705956,0.2599797,0.5031634,-4.256652
154.998,-67.6239,0.03773625,0.267657,0.4969602,-4.257154
155.0179,-67.44606,0.03848214,0.2750933,0.4909884,-4.257651
155.0395,-67.24167,0.03933804,0.2828856,0.4847702,-4.258187
155.0612,-67.02674,0.04028526,0.2903911,0.4788196,-4.258718
155.0828,-66.8025,0.04134213,0.2976096,0.4731336,-4.259244
155.1044,-66.57004,0.04246202,0.3045413,0.4677091,-4.259765
155.1242,-66.35122,0.04350181,0.3106248,0.4629783,-4.260237
155.1439,-66.12704,0.04461445,0.3164705,0.4584601,-4.260704
155.1637,-65.8981,0.04581666,0.3220797,0.4541514,-4.261166
155.1835,-65.66492,0.04706888,0.3274537,0.4500494,-4.261624
155.2021,-65.44117,0.04826597,0.3323159,0.4463614,-4.262052
155.2208,-65.2145,0.04952262,0.3369713,0.4428524,-4.262476
155.2395,-64.98528,0.05085068,0.3414214,0.4395195,-4.262896
155.2581,-64.75379,0.0522237,0.345668,0.43636,-4.263311
155.2774,-64.51296,0.05365907,0.3498365,0.4332802,-4.263735
155.2966,-64.27037,0.05515488,0.3537924,0.4303787,-4.264153
155.3159,-64.02633,0.05672513,0.3575377,0.4276524,-4.264568
155.3352,-63.78104,0.05834174,0.3610745,0.4250981,-4.264977
155.3551,-63.52584,0.06003399,0.3645204,0.4226304,-4.265396
155.375,-63.26983,0.06179069,0.3677473,0.4203403,-4.265809
155.395,-63.01326,0.06362854,0.3707575,0.4182242,-4.266218
155.4149,-62.75623,0.06551501,0.3735536,0.4162787,-4.266621
155.4354,-62.49182,0.06746847,0.3762054,0.4144538,-4.26703
155.4559,-62.22733,0.06948982,0.3786364,0.4128013,-4.267433
155.4764,-61.96295,0.07159739,0.3808492,0.4113172,-4.267831
155.4969,-61.69869,0.07375598,0.3828465,0.4099977,-4.268223
155.518,-61.42584,0.07600061,0.3846861,0.4088036,-4.268623
155.5392,-61.15339,0.07831804,0.3863016,0.4077768,-4.269016
155.5603,-60.88147,0.08072866,0.3876958,0.4069135,-4.269404
155.5815,-60.60997,0.08319423,0.3888718,0.4062093,-4.269786
155.6035,-60.32835,0.08576987,0.389865,0.4056422,-4.270176
155.6254,-60.0473,0.08842607,0.3906291,0.4052381,-4.27056
155.6474,-59.76692,0.09118635,0.3911672,0.4049929,-4.270938
155.6694,-59.48693,0.09400833,0.3914825,0.4049021,-4.27131
155.6922,-59.19574,0.09696173,0.3915779,0.4049668,-4.271689
155.715,-58.90492,0.100008,0.3914388,0.4051898,-4.272062
155.7379,-58.61454,0.103175,0.3910682,0.405567,-4.272429
155.7607,-58.32404,0.1064155,0.3904699,0.406094,-4.272788
155.7845,-58.0212,0.1098103,0.3896102,0.406796,-4.273155
155.8082,-57.718,0.1133182,0.3885105,0.4076515,-4.273515
155.832,-57.41442,0.1169734,0.3871734,0.4086571,-4.273867
155.8557,-57.10957,0.1207227,0.3856028,0.4098084,-4.274212
155.8804,-56.79091,0.1246533,0.3837306,0.4111521,-4.274562
155.905,-56.47033,0.1287313,0.3816122,0.4126459,-4.274904
155.9296,-56.14771,0.1330003,0.3792489,0.4142871,-4.275238
155.9543,-55.82158,0.1374012,0.3766442,0.4160723,-4.275563
155.9797,-55.47963,0.1420161,0.3737069,0.4180616,-4.275891
156.0051,-55.13284,0.1468383,0.3705142,0.4202007,-4.27621
156.0305,-54.78085,0.151927,0.3670652,0.4224892,-4.27652
156.0559,-54.4212,0.1572177,0.3633617,0.4249252,-4.276821
156.0819,-54.04258,0.1627676,0.3593127,0.4275672,-4.277119
156.1079,-53.6537,0.1686336,0.3549918,0.4303664,-4.277407
156.1339,-53.25356,0.174903,0.3503929,0.4333267,-4.277684
156.1599,-52.8378,0.1815111,0.3455133,0.4364498,-4.277951
156.1861,-52.39716,0.1884561,0.3403013,0.4397692,-4.278209
156.2123,-51.93562,0.1959266,0.3347819,0.4432699,-4.278455
156.2385,-51.45041,0.2040678,0.3289378,0.4469643,-4.278689
156.2648,-50.93301,0.2128349,0.322756,0.4508624,-4.278909
156.2908,-50.37763,0.222109,0.3162766,0.4549416,-4.279114
156.3168,-49.77832,0.2323503,0.3094088,0.4592626,-4.279303
156.3428,-49.12714,0.2438371,0.3021102,0.4638566,-4.279477
156.3688,-48.40495,0.2566157,0.2943419,0.468754,-4.279632
156.394,-47.61104,0.2703533,0.2862955,0.4738407,-4.279764
156.4193,-46.71641,0.2860988,0.2776687,0.4793167,-4.279875
156.4446,-45.69674,0.3044766,0.2683593,0.4852603,-4.279961
156.4698,-44.50239,0.3258561,0.2582632,0.4917572,-4.280019
156.494,-43.13537,0.3495962,0.2477485,0.498593,-4.280045
156.5182,-41.50603,0.3780517,0.236187,0.5062055,-4.280034
156.5424,-39.54167,0.4126344,0.2233659,0.514803,-4.27998
156.5665,-37.12135,0.4543836,0.209099,0.5246252,-4.279872
156.5904,-34.18761,0.5037594,0.1934802,0.5357726,-4.279704
156.6142,-30.59009,0.5628557,0.1762108,0.5488317,-4.279457
156.638,-26.34888,0.63062,0.1575977,0.5641547,-4.279117
156.6618,-21.74122,0.7030971,0.1384447,0.5818827,-4.278671
156.6768,-18.87132,0.7483509,0.1265655,0.5942826,-4.278332
156.6919,-16.26332,0.7903535,0.1151641,0.6073976,-4.277952
156.7069,-14.1139,0.8271437,0.1044421,0.6209569,-4.277537
156.722,-12.59854,0.8575758,0.0945254,0.6346371,-4.277093
156.737,-11.84889,0.8812466,0.08547394,0.6480771,-4.276632
156.7521,-11.87865,0.8982383,0.07730465,0.6609043,-4.276166
156.7671,-12.64833,0.9089828,0.07000887,0.6728094,-4.275706
156.7822,-14.08891,0.9142305,0.0635596,0.683577,-4.275263
156.7948,-15.73765,0.9148101,0.05876987,0.6916362,-4.274911
156.8075,-17.70247,0.9120715,0.05453752,0.6987232,-4.274581
156.8201,-19.91242,0.906144,0.05084407,0.7048155,-4.274278
156.8328,-22.29493,0.8967719,0.04768133,0.7099099,-4.274004
156.8483,-25.36194,0.8799965,0.0445119,0.7148281,-4.27371
156.8639,-28.5067,0.8573575,0.04209959,0.7183399,-4.273464
156.8794,-31.66138,0.8285421,0.0404171,0.7205316,-4.273268
156.895,-34.77097,0.7928497,0.03944546,0.7214936,-4.27312
156.9116,-38.01626,0.7471273,0.03916054,0.7212799,-4.273014
156.9282,-41.15872,0.6932828,0.03963029,0.7198866,-4.272962
156.9448,-44.17701,0.6314094,0.04084108,0.7174127,-4.272961
156.9614,-47.07174,0.5638294,0.04276529,0.7139746,-4.27301
156.9752,-49.38028,0.5055017,0.04489093,0.7104652,-4.273086
156.989,-51.5775,0.4460916,0.04750088,0.7064124,-4.273193
157.0028,-53.64521,0.3871445,0.05059108,0.7018712,-4.27333
157.0166,-55.56654,0.3307101,0.05414993,0.6969006,-4.273494
157.0299,-57.25698,0.2806953,0.05798771,0.6917854,-4.273675
157.0431,-58.78969,0.2356884,0.06222197,0.6863799,-4.273877
157.0563,-60.16259,0.1964295,0.06682672,0.6807328,-4.274099
157.0696,-61.37924,0.1631187,0.07177167,0.6748899,-4.274338
157.0778,-62.0575,0.1453842,0.07498702,0.671195,-4.274493
157.086,-62.6821,0.1297621,0.07831117,0.6674505,-4.274654
157.0941,-63.25611,0.1161318,0.0817357,0.6636647,-4.27482
157.1023,-63.78262,0.1043042,0.08525223,0.6598454,-4.27499
157.1105,-64.26479,0.09406351,0.08885251,0.6559998,-4.275164
157.1187,-64.70588,0.0852746,0.0925285,0.6521341,-4.275342
157.1269,-65.10895,0.07778594,0.09627245,0.6482544,-4.275523
157.1351,-65.47684,0.07140355,0.100077,0.644366,-4.275708
157.1436,-65.82313,0.0657659,0.1040674,0.6403409,-4.275902
157.152,-66.1375,0.06100486,0.1081077,0.6363165,-4.276099
157.1605,-66.42255,0.05700757,0.1121907,0.6322971,-4.276298
157.169,-66.68062,0.05363056,0.1163099,0.6282867,-4.276499
157.1773,-66.9097,0.05079587,0.1203812,0.6243636,-4.276699
157.1856,-67.11675,0.04838828,0.124476,0.6204556,-4.2769
157.1939,-67.30349,0.04635066,0.1285891,0.6165654,-4.277103
157.2022,-67.47147,0.04461219,0.1327158,0.6126956,-4.277308
157.211,-67.63098,0.04302415,0.13711,0.608609,-4.277527
157.2199,-67.77247,0.04167788,0.1415096,0.6045502,-4.277747
157.2287,-67.89736,0.04054212,0.14591,0.6005215,-4.277968
157.2375,-68.00694,0.03957521,0.1503069,0.5965247,-4.27819
157.2473,-68.11172,0.03865933,0.1551631,0.5921418,-4.278437
157.2571,-68.2006,0.03789406,0.1600054,0.5878024,-4.278685
157.2668,-68.27486,0.03726209,0.1648294,0.5835081,-4.278934
157.2766,-68.33568,0.03673684,0.169631,0.5792607,-4.279183
157.2878,-68.39016,0.03623743,0.1751004,0.5744534,-4.279469
157.299,-68.42977,0.03584394,0.1805304,0.5697115,-4.279756
157.3102,-68.45579,0.03554644,0.1859165,0.5650365,-4.280043
157.3214,-68.46934,0.03532615,0.1912546,0.5604298,-4.28033
157.3346,-68.47068,0.03514422,0.1974962,0.5550754,-4.28067
157.3478,-68.45752,0.03504792,0.2036603,0.5498197,-4.281009
157.3611,-68.43119,0.03503101,0.2097422,0.5446641,-4.281348
157.3743,-68.39289,0.03507879,0.2157377,0.5396096,-4.281687
157.3904,-68.33155,0.03520711,0.2229184,0.533591,-4.282099
157.4065,-68.25565,0.03541593,0.2299603,0.5277246,-4.282509
157.4226,-68.16665,0.03570121,0.2368587,0.522011,-4.282918
157.4387,-68.06583,0.03604969,0.2436097,0.5164506,-4.283325
157.4587,-67.9264,0.03654943,0.2517546,0.5097824,-4.283827
157.4786,-67.77249,0.03713782,0.2596645,0.5033482,-4.284326
157.4985,-67.60573,0.03781698,0.2673359,0.4971469,-4.284821
157.5185,-67.42754,0.03856566,0.2747662,0.4911772,-4.285313
157.5401,-67.22262,0.03942556,0.2825573,0.4849571,-4.285842
157.5618,-67.00711,0.04037721,0.2900611,0.4790051,-4.286367
157.5834,-66.78228,0.04143901,0.2972774,0.4733183,-4.286887
157.605,-66.54919,0.0425642,0.3042064,0.4678933,-4.287402
157.6248,-66.32978,0.0436092,0.3102876,0.4631621,-4.287868
157.6446,-66.10498,0.04472742,0.3161306,0.4586439,-4.28833
157.6644,-65.87542,0.04593561,0.3217366,0.4543357,-4.288787
157.6842,-65.64162,0.04719414,0.3271069,0.4502346,-4.289239
157.7028,-65.41729,0.04839728,0.3319649,0.4465482,-4.289662
157.7215,-65.19004,0.04966029,0.3366156,0.443041,-4.29008
157.7402,-64.96023,0.05099504,0.3410607,0.4397103,-4.290494
157.7589,-64.72817,0.05237502,0.3453019,0.4365534,-4.290904
157.7781,-64.48676,0.05381767,0.3494641,0.4334766,-4.291322
157.7974,-64.24359,0.05532106,0.3534134,0.4305786,-4.291735
157.8167,-63.99898,0.05689923,0.3571517,0.4278561,-4.292144
157.8359,-63.75313,0.05852402,0.3606811,0.4253059,-4.292547
157.8559,-63.49734,0.06022499,0.3641191,0.4228427,-4.29296
157.8758,-63.24075,0.06199072,0.3673377,0.4205573,-4.293368
157.8958,-62.9836,0.06383796,0.3703392,0.4184464,-4.293771
157.9158,-62.726,0.06573411,0.3731261,0.4165062,-4.294168
157.9363,-62.46099,0.06769791,0.3757684,0.414687,-4.294571
157.9568,-62.19589,0.06972997,0.3781894,0.4130404,-4.294968
157.9773,-61.93092,0.07184864,0.3803917,0.4115626,-4.29536
157.9978,-61.66607,0.07401865,0.3823782,0.4102497,-4.295747
158.0189,-61.3926,0.07627553,0.3842063,0.4090625,-4.29614
158.0401,-61.11952,0.07860559,0.3858098,0.4080431,-4.296527
158.0613,-60.84698,0.08102935,0.3871915,0.4071873,-4.296909
158.0824,-60.57485,0.08350843,0.3883545,0.4064911,-4.297284
158.1044,-60.29256,0.08609856,0.3893338,0.4059325,-4.297668
158.1264,-60.01084,0.08876976,0.3900835,0.4055372,-4.298045
158.1484,-59.72979,0.09154565,0.3906065,0.4053011,-4.298417
158.1704,-59.44911,0.09438375,0.3909063,0.4052198,-4.298782
158.1932,-59.15718,0.09735445,0.390985,0.4052946,-4.299155
158.2161,-58.86561,0.1004188,0.3908286,0.4055281,-4.299521
158.239,-58.57446,0.1036046,0.3904401,0.4059161,-4.29988
158.2618,-58.28317,0.1068647,0.3898233,0.4064541,-4.300233
158.2856,-57.97946,0.1102805,0.3889438,0.407168,-4.300593
158.3094,-57.67535,0.1138106,0.3878236,0.4080358,-4.300945
158.3331,-57.37084,0.1174892,0.3864654,0.409054,-4.30129
158.3569,-57.065,0.1212632,0.3848729,0.4102182,-4.301628
158.3816,-56.74525,0.1252202,0.3829776,0.4115758,-4.30197
158.4062,-56.42351,0.1293264,0.3808351,0.4130838,-4.302304
158.4309,-56.09965,0.1336258,0.378447,0.4147397,-4.302631
158.4555,-55.77218,0.1380591,0.3758167,0.4165401,-4.302949
158.481,-55.42875,0.1427087,0.3728525,0.4185454,-4.303269
158.5064,-55.08035,0.1475688,0.3696318,0.420701,-4.30358
158.5318,-54.72658,0.1526993,0.3661539,0.4230067,-4.303881
158.5573,-54.36496,0.1580354,0.3624202,0.4254608,-4.304174
158.5833,-53.98415,0.1636341,0.3583403,0.4281214,-4.304463
158.6093,-53.59281,0.1695546,0.353987,0.4309402,-4.304743
158.6353,-53.18988,0.175886,0.3493539,0.4339212,-4.305012
158.6613,-52.77092,0.1825635,0.3444383,0.4370666,-4.30527
158.6875,-52.3267,0.1895834,0.3391901,0.4404086,-4.305519
158.7137,-51.86099,0.1971406,0.3336319,0.4439337,-4.305756
158.7399,-51.37092,0.2053833,0.3277459,0.4476548,-4.30598
158.7662,-50.84772,0.2142685,0.3215184,0.4515826,-4.306191
158.7921,-50.28571,0.2236724,0.3149935,0.4556919,-4.306387
158.8181,-49.67842,0.2340692,0.308075,0.4600469,-4.306567
158.8441,-49.01757,0.2457454,0.3007191,0.4646801,-4.30673
158.8701,-48.28336,0.258754,0.2928854,0.4696229,-4.306875
158.8953,-47.47525,0.2727519,0.2847716,0.4747576,-4.306997
158.9206,-46.56286,0.2888216,0.2760657,0.4802909,-4.307097
158.9458,-45.52078,0.3076089,0.266662,0.486304,-4.307172
158.971,-44.29741,0.3295047,0.2564528,0.4928861,-4.307219
158.9952,-42.89458,0.3538577,0.2458109,0.4998209,-4.307232
159.0193,-41.21893,0.3830923,0.2340953,0.5075575,-4.307208
159.0434,-39.19527,0.4186512,0.2210909,0.516312,-4.30714
159.0676,-36.70058,0.4615793,0.2066154,0.5263322,-4.307017
159.0914,-33.66836,0.512549,0.1907093,0.5377726,-4.30683
159.1153,-29.96061,0.5732716,0.173175,0.5511941,-4.306563
159.1392,-25.62139,0.6422536,0.1543838,0.5669351,-4.306199
159.163,-20.98402,0.7150323,0.1352065,0.5850896,-4.305728
159.1775,-18.27757,0.7578846,0.1239108,0.597164,-4.305389
159.1919,-15.85323,0.7973163,0.1131008,0.6098477,-4.305013
159.2064,-13.88227,0.8316828,0.1029416,0.6228872,-4.304606
159.2208,-12.51327,0.860082,0.09353465,0.6359905,-4.304174
159.2352,-11.85298,0.8822446,0.08492647,0.6488375,-4.303728
159.2497,-11.90998,0.8982923,0.07712923,0.6611041,-4.303277
159.2641,-12.6483,0.9086353,0.07013406,0.6725207,-4.302832
159.2786,-14.00506,0.9139087,0.06391775,0.6828949,-4.302403
159.2913,-15.6448,0.914725,0.05903864,0.6911046,-4.302042
159.3041,-17.61258,0.9121457,0.05473,0.6983241,-4.301704
159.3169,-19.83505,0.9063146,0.05097255,0.7045283,-4.301393
159.3297,-22.23679,0.8969664,0.04775801,0.7097126,-4.301111
159.3453,-25.29626,0.8803331,0.04457418,0.7146615,-4.300813
159.3608,-28.43573,0.8578589,0.04214667,0.7182046,-4.300562
159.3763,-31.58698,0.8292344,0.04044823,0.7204277,-4.30036
159.3919,-34.69443,0.7937522,0.03946012,0.7214206,-4.300207
159.4084,-37.93024,0.7483761,0.03915713,0.7212406,-4.300096
159.425,-41.06441,0.6949274,0.03960446,0.7198858,-4.300037
159.4416,-44.07576,0.6334929,0.04078826,0.7174542,-4.300031
159.4581,-46.9648,0.5663333,0.04268115,0.7140612,-4.300073
159.472,-49.28329,0.5079422,0.04479161,0.7105682,-4.300144
159.4858,-51.49058,0.448394,0.04738913,0.7065263,-4.300246
159.4997,-53.56836,0.3892373,0.05046974,0.7019912,-4.300378
159.5135,-55.49965,0.332543,0.05402189,0.6970221,-4.300538
159.5267,-57.19361,0.2824253,0.05784189,0.6919231,-4.300715
159.54,-58.73031,0.2372717,0.06205844,0.6865323,-4.300913
159.5532,-60.10743,0.1978336,0.06664581,0.6808987,-4.30113
159.5664,-61.32834,0.1643308,0.07157389,0.6750679,-4.301365
159.5746,-62.00708,0.1465339,0.07476871,0.6713917,-4.301517
159.5827,-62.63241,0.1308398,0.07807195,0.6676658,-4.301674
159.5909,-63.20734,0.117131,0.08147528,0.6638984,-4.301837
159.5991,-63.73492,0.1052223,0.08497042,0.6600972,-4.302004
159.6072,-64.21827,0.09490186,0.08854921,0.6562694,-4.302175
159.6154,-64.66061,0.08603539,0.09220366,0.6524212,-4.302349
159.6235,-65.06499,0.07847248,0.09592613,0.6485586,-4.302528
159.6317,-65.43422,0.07202094,0.09970925,0.644687,-4.302709
159.6402,-65.78391,0.0662865,0.1037018,0.6406547,-4.302901
159.6487,-66.10132,0.06144485,0.1077449,0.6366227,-4.303095
159.6572,-66.38907,0.05738124,0.1118315,0.6325954,-4.303292
159.6656,-66.64954,0.05394953,0.1159549,0.6285769,-4.303492
159.674,-66.8802,0.05107628,0.1200213,0.6246547,-4.303689
159.6823,-67.08869,0.04863615,0.1241115,0.6207474,-4.303888
159.6906,-67.27675,0.0465712,0.1282204,0.6168578,-4.304088
159.6989,-67.44593,0.0448097,0.1323432,0.6129883,-4.304291
159.7077,-67.60645,0.04320232,0.1367295,0.6089057,-4.304507
159.7165,-67.74889,0.0418397,0.1411215,0.6048506,-4.304724
159.7254,-67.87465,0.04069013,0.1455145,0.6008254,-4.304942
159.7342,-67.98503,0.03971147,0.1499044,0.596832,-4.305162
159.7439,-68.09057,0.0387851,0.1547497,0.5924558,-4.305405
159.7537,-68.18016,0.03801087,0.1595814,0.5881226,-4.30565
159.7634,-68.25509,0.03737125,0.1643951,0.5838343,-4.305895
159.7732,-68.31653,0.0368394,0.1691867,0.5795927,-4.306141
159.7844,-68.37166,0.03633368,0.1746422,0.5747943,-4.306424
159.7955,-68.41189,0.03593471,0.1800588,0.5700608,-4.306707
159.8067,-68.43849,0.03563244,0.1854319,0.5653938,-4.30699
159.8179,-68.45261,0.03540795,0.1907574,0.5607949,-4.307273
159.8311,-68.45457,0.03522169,0.1969823,0.5554512,-4.307608
159.8442,-68.44202,0.03512152,0.2031303,0.5502057,-4.307943
159.8574,-68.41629,0.03510115,0.2091967,0.5450597,-4.308277
159.8706,-68.37856,0.0351458,0.2151774,0.5400143,-4.308611
159.8867,-68.31791,0.03527063,0.2223392,0.5340074,-4.309017
159.9028,-68.24267,0.03547623,0.2293632,0.5281519,-4.309422
159.9188,-68.15432,0.03575851,0.2362446,0.5224484,-4.309825
159.9349,-68.05413,0.03610419,0.2429798,0.5168973,-4.310227
159.9548,-67.91537,0.03660117,0.2511113,0.5102354,-4.310722
159.9747,-67.76208,0.037187,0.259009,0.5038066,-4.311214
159.9946,-67.5959,0.03786362,0.2666693,0.4976098,-4.311703
160.0145,-67.41826,0.03861003,0.2740897,0.4916438,-4.312188
160.0361,-67.21322,0.03947083,0.2818956,0.4854073,-4.312712
160.0578,-66.9975,0.04042397,0.2894137,0.4794397,-4.313231
160.0795,-66.77237,0.04148774,0.2966435,0.4737381,-4.313746
160.1011,-66.53891,0.04261547,0.3035852,0.4682993,-4.314255
160.1209,-66.31894,0.04366402,0.3096821,0.4635525,-4.314716
160.1407,-66.09352,0.04478638,0.3155396,0.4590198,-4.315173
160.1606,-65.8633,0.04599943,0.3211591,0.4546982,-4.315625
160.1804,-65.6288,0.04726322,0.3265419,0.4505846,-4.316073
160.1991,-65.40405,0.04847004,0.3314051,0.4468915,-4.316491
160.2178,-65.17635,0.04973709,0.3360606,0.4433781,-4.316904
160.2364,-64.94608,0.05107627,0.3405101,0.4400417,-4.317313
160.2551,-64.71355,0.05246096,0.3447552,0.4368795,-4.317718
160.2744,-64.47177,0.05390785,0.3489188,0.4337995,-4.318131
160.2937,-64.22822,0.05541573,0.3528692,0.4308984,-4.318539
160.3129,-63.98323,0.05699864,0.3566083,0.4281731,-4.318942
160.3322,-63.73699,0.05862841,0.3601383,0.4256204,-4.31934
160.3522,-63.48076,0.06033508,0.3635772,0.4231544,-4.319747
160.3721,-63.2237,0.06210679,0.3667963,0.4208667,-4.320149
160.3921,-62.9661,0.06396029,0.369798,0.4187537,-4.320547
160.412,-62.70804,0.06586297,0.3725848,0.4168118,-4.320938
160.4325,-62.44253,0.06783386,0.3752267,0.4149911,-4.321335
160.4531,-62.17694,0.0698733,0.377647,0.4133433,-4.321727
160.4736,-61.91147,0.0719997,0.3798481,0.4118647,-4.322113
160.4941,-61.64612,0.07417771,0.3818331,0.4105513,-4.322494
160.5152,-61.37212,0.07644312,0.3836592,0.409364,-4.322881
160.5364,-61.09852,0.07878204,0.3852602,0.4083448,-4.323262
160.5576,-60.82546,0.08121503,0.386639,0.4074896,-4.323638
160.5788,-60.55282,0.08370366,0.3877986,0.4067943,-4.324007
160.6008,-60.26997,0.08630404,0.388774,0.4062371,-4.324385
160.6228,-59.98769,0.08898589,0.3895194,0.4058435,-4.324756
160.6448,-59.70609,0.09177291,0.3900376,0.4056094,-4.325121
160.6668,-59.42485,0.0946225,0.3903321,0.4055305,-4.32548
160.6896,-59.13231,0.09760561,0.3904048,0.4056081,-4.325846
160.7125,-58.84012,0.1006829,0.3902419,0.4058448,-4.326206
160.7354,-58.54834,0.1038823,0.3898465,0.4062365,-4.326559
160.7582,-58.25641,0.1071565,0.3892221,0.4067785,-4.326905
160.782,-57.952,0.1105876,0.3883342,0.4074969,-4.327258
160.8058,-57.64717,0.1141337,0.3872051,0.4083696,-4.327603
160.8296,-57.34191,0.1178292,0.3858373,0.4093931,-4.327941
160.8534,-57.03529,0.121621,0.3842347,0.4105631,-4.328272
160.878,-56.71469,0.1255972,0.3823282,0.411927,-4.328607
160.9027,-56.39205,0.1297239,0.380174,0.4134418,-4.328935
160.9274,-56.06723,0.1340453,0.3777735,0.415105,-4.329254
160.952,-55.73874,0.138502,0.37513,0.4169131,-4.329565
160.9775,-55.39419,0.143177,0.3721516,0.4189268,-4.329877
161.0029,-55.04456,0.1480645,0.368916,0.4210914,-4.33018
161.0284,-54.68947,0.1532252,0.3654222,0.4234067,-4.330475
161.0538,-54.32638,0.1585942,0.3616717,0.425871,-4.33076
161.0798,-53.94394,0.1642283,0.3575742,0.4285425,-4.331041
161.1058,-53.55079,0.1701883,0.3532021,0.431373,-4.331313
161.1318,-53.14582,0.1765642,0.3485489,0.4343667,-4.331574
161.1579,-52.72453,0.1832917,0.3436116,0.4375258,-4.331824
161.1841,-52.2777,0.1903659,0.3383414,0.440882,-4.332065
161.2103,-51.80898,0.1979854,0.3327593,0.4444228,-4.332293
161.2365,-51.3154,0.2063011,0.326847,0.4481615,-4.33251
161.2627,-50.78803,0.2152711,0.3205904,0.4521088,-4.332712
161.2887,-50.22126,0.2247682,0.3140362,0.4562382,-4.332899
161.3147,-49.60826,0.2352766,0.3070846,0.4606164,-4.33307
161.3406,-48.9405,0.2470884,0.2996909,0.4652763,-4.333224
161.3666,-48.19772,0.2602614,0.2918134,0.4702504,-4.33336
161.3918,-47.37948,0.2744455,0.2836542,0.4754185,-4.333473
161.417,-46.45444,0.2907468,0.2748946,0.4809917,-4.333564
161.4423,-45.39642,0.3098264,0.2654265,0.4870535,-4.333629
161.4675,-44.15242,0.3320898,0.2551396,0.4936956,-4.333666
161.4916,-42.72415,0.3568795,0.2444097,0.5007004,-4.333669
161.5157,-41.01563,0.3866679,0.2325874,0.5085249,-4.333635
161.5398,-38.95004,0.4229169,0.2194567,0.5173905,-4.333554
161.5639,-36.40322,0.466671,0.2048388,0.5275508,-4.333419
161.5878,-33.30174,0.5187642,0.188734,0.539201,-4.333218
161.6117,-29.51854,0.5806003,0.1710226,0.5528802,-4.332933
161.6357,-25.11612,0.6503578,0.1521222,0.5689149,-4.332551
161.6596,-20.46839,0.7232223,0.1329469,0.5873621,-4.33206
161.6736,-17.87127,0.7645099,0.1220212,0.5992394,-4.33172
161.6877,-15.56959,0.8022716,0.1115854,0.6116593,-4.331346
161.7018,-13.71925,0.8350534,0.1017836,0.6243787,-4.330942
161.7159,-12.45262,0.8620999,0.09270285,0.6371235,-4.330516
161.7299,-11.8616,0.8832237,0.08438188,0.6495977,-4.330077
161.744,-11.95079,0.8985725,0.07682981,0.661505,-4.329634
161.7581,-12.68525,0.9085451,0.07003739,0.6725996,-4.329198
161.7721,-14.00504,0.913711,0.06398343,0.6827036,-4.328776
161.7851,-15.65453,0.9145729,0.05905171,0.6910024,-4.328408
161.798,-17.63922,0.9119715,0.05470173,0.6982921,-4.328064
161.8109,-19.88369,0.9060583,0.05091353,0.704547,-4.327746
161.8238,-22.31016,0.8965524,0.04767881,0.7097623,-4.327459
161.8393,-25.36442,0.8798381,0.04451689,0.7146747,-4.327158
161.8548,-28.49715,0.8572915,0.04210815,0.7181878,-4.326904
161.8704,-31.64079,0.8286026,0.04042553,0.7203871,-4.3267
161.8859,-34.74046,0.7930766,0.03945021,0.7213622,-4.326543
161.9025,-37.98159,0.7474895,0.03915783,0.7211658,-4.326428
161.9191,-41.12051,0.693796,0.03961896,0.7197905,-4.326367
161.9357,-44.13584,0.6320875,0.04081988,0.7173349,-4.326356
161.9523,-47.02807,0.5646657,0.04273299,0.7139152,-4.326396
161.9661,-49.33951,0.5063297,0.04485329,0.7104133,-4.326464
161.98,-51.53965,0.4468858,0.04745894,0.7063658,-4.326563
161.9938,-53.61026,0.3878802,0.0505459,0.7018278,-4.326692
162.0076,-55.53442,0.3313699,0.05410254,0.6968586,-4.326848
162.0209,-57.22508,0.2813442,0.05793327,0.6917509,-4.327022
162.0341,-58.75822,0.2363075,0.06216027,0.6863524,-4.327217
162.0473,-60.1317,0.197003,0.06675762,0.6807118,-4.327431
162.0606,-61.34899,0.1636374,0.07169508,0.674875,-4.327663
162.0688,-62.02729,0.1458768,0.07490402,0.6711857,-4.327814
162.0769,-62.65199,0.1302261,0.07822164,0.6674466,-4.32797
162.0851,-63.22611,0.1165658,0.08163953,0.6636662,-4.328131
162.0933,-63.75274,0.1047079,0.08514935,0.6598522,-4.328296
162.1015,-64.23504,0.09443792,0.08874284,0.6560117,-4.328466
162.1097,-64.67625,0.08562098,0.09241198,0.6521512,-4.328639
162.1179,-65.07943,0.07810585,0.09614905,0.6482765,-4.328816
162.1261,-65.44741,0.07169907,0.09994664,0.644393,-4.328996
162.1346,-65.79447,0.06602773,0.1039383,0.6403644,-4.329185
162.143,-66.10947,0.06123882,0.1079799,0.6363365,-4.329378
162.1515,-66.39501,0.05721878,0.1120644,0.6323136,-4.329572
162.16,-66.65344,0.05382319,0.1161852,0.6282997,-4.329769
162.1683,-66.88263,0.05097515,0.1202555,0.6243756,-4.329965
162.1766,-67.08972,0.04855656,0.1243493,0.6204667,-4.330162
162.185,-67.27645,0.04650994,0.1284614,0.6165756,-4.33036
162.1933,-67.44436,0.04476414,0.1325871,0.6127049,-4.330561
162.2021,-67.60371,0.04316996,0.1369796,0.6086179,-4.330775
162.211,-67.745,0.04181883,0.1413774,0.6045589,-4.33099
162.2198,-67.86966,0.0406793,0.1457759,0.6005299,-4.331207
162.2286,-67.97895,0.03970951,0.1501709,0.596533,-4.331424
162.2384,-68.08338,0.0387913,0.1550248,0.5921502,-4.331666
162.2482,-68.17188,0.03802448,0.1598646,0.5878109,-4.331908
162.258,-68.24572,0.03739162,0.164686,0.5835169,-4.332152
162.2678,-68.30608,0.03686604,0.1694848,0.5792699,-4.332396
162.279,-68.36002,0.03636675,0.1749515,0.5744626,-4.332676
162.2902,-68.39905,0.03597394,0.1803786,0.5697209,-4.332957
162.3014,-68.42445,0.0356776,0.1857616,0.5650464,-4.333238
162.3126,-68.43736,0.03545891,0.1910962,0.5604403,-4.333519
162.3258,-68.4379,0.03527928,0.1973355,0.5550853,-4.333852
162.3391,-68.42391,0.03518578,0.2034967,0.5498295,-4.334184
162.3523,-68.39673,0.03517213,0.2095753,0.544674,-4.334516
162.3656,-68.35754,0.03522358,0.2155672,0.53962,-4.334848
162.3817,-68.29504,0.03535698,0.2227467,0.5335993,-4.335251
162.3979,-68.21793,0.03557146,0.2297866,0.5277316,-4.335653
162.414,-68.12769,0.03586299,0.2366822,0.5220174,-4.336054
162.4301,-68.0256,0.03621822,0.2434297,0.5164571,-4.336453
162.4501,-67.8845,0.03672715,0.2515725,0.5097871,-4.336944
162.4701,-67.72886,0.0373256,0.259479,0.5033525,-4.337432
162.4901,-67.56035,0.03801578,0.2671454,0.4971521,-4.337917
162.5101,-67.38039,0.0387762,0.2745694,0.4911845,-4.338399
162.5317,-67.1739,0.03964761,0.2823378,0.4849794,-4.338916
162.5534,-66.95686,0.04061148,0.2898184,0.4790428,-4.339429
162.575,-66.73052,0.04168638,0.2970108,0.473372,-4.339937
162.5967,-66.49596,0.04282524,0.3039153,0.4679635,-4.340439
162.6165,-66.27535,0.04388233,0.3099699,0.4632505,-4.340894
162.6362,-66.04939,0.04501309,0.3157862,0.4587507,-4.341344
162.656,-65.8187,0.04623425,0.3213652,0.454461,-4.341789
162.6758,-65.5838,0.04750622,0.3267085,0.4503785,-4.342229
162.6945,-65.35818,0.048724,0.3315465,0.4467052,-4.342642
162.7132,-65.12965,0.05000217,0.3361767,0.4432117,-4.34305
162.7319,-64.89859,0.05135268,0.3406005,0.4398953,-4.343453
162.7506,-64.66529,0.05274892,0.3448199,0.4367531,-4.343853
162.7699,-64.42251,0.05420939,0.3489608,0.4336906,-4.34426
162.7892,-64.17799,0.05573124,0.3528879,0.4308075,-4.344662
162.8085,-63.93206,0.05732864,0.3566031,0.4281006,-4.34506
162.8278,-63.6849,0.05897322,0.3601086,0.4255666,-4.345453
162.8478,-63.42783,0.06069476,0.3635203,0.4231211,-4.345854
162.8678,-63.16998,0.06248172,0.3667119,0.4208541,-4.346251
162.8877,-62.91159,0.06435097,0.3696855,0.4187619,-4.346642
162.9077,-62.65278,0.06626972,0.3724438,0.4168411,-4.347028
162.9283,-62.38648,0.06825755,0.3750564,0.4150418,-4.347419
162.9488,-62.12012,0.07031436,0.3774468,0.4134158,-4.347805
162.9693,-61.8539,0.07245867,0.3796176,0.411959,-4.348185
162.9899,-61.58782,0.07465497,0.3815717,0.4106676,-4.348559
163.0111,-61.313,0.07694009,0.383366,0.4095028,-4.348941
163.0323,-61.03859,0.07929928,0.3849346,0.4085064,-4.349316
163.0535,-60.76474,0.08175324,0.3862803,0.4076741,-4.349685
163.0747,-60.4913,0.08426332,0.3874064,0.4070019,-4.350048
163.0968,-60.20758,0.08688667,0.3883465,0.4064687,-4.35042
163.1188,-59.92443,0.08959224,0.3890558,0.4060994,-4.350784
163.1408,-59.64195,0.09240392,0.3895374,0.4058898,-4.351143
163.1629,-59.35981,0.09527889,0.3897947,0.4058355,-4.351495
163.1858,-59.0663,0.09828908,0.3898279,0.4059389,-4.351855
163.2087,-58.77311,0.1013945,0.3896249,0.4062016,-4.352208
163.2316,-58.4803,0.1046235,0.3891886,0.4066194,-4.352554
163.2545,-58.18729,0.1079283,0.3885228,0.4071878,-4.352893
163.2784,-57.88171,0.1113922,0.387591,0.4079338,-4.353239
163.3022,-57.57564,0.1149727,0.3864171,0.4088344,-4.353577
163.326,-57.26907,0.1187049,0.3850039,0.409886,-4.353908
163.3498,-56.96104,0.1225352,0.383355,0.4110844,-4.354231
163.3745,-56.6389,0.1265524,0.3813999,0.4124779,-4.354559
163.3992,-56.31459,0.1307231,0.3791961,0.4140226,-4.354878
163.424,-55.98796,0.1350921,0.3767451,0.4157162,-4.35519
163.4487,-55.65747,0.1395998,0.37405,0.4175552,-4.355493
163.4741,-55.31073,0.1443289,0.3710183,0.4196006,-4.355797
163.4996,-54.95868,0.1492758,0.3677281,0.4217976,-4.356092
163.5251,-54.60088,0.1545023,0.3641782,0.4241462,-4.356377
163.5506,-54.23474,0.1599434,0.36037,0.4266448,-4.356654
163.5766,-53.84894,0.1656544,0.356214,0.4293509,-4.356927
163.6026,-53.45193,0.171701,0.3517815,0.4322174,-4.357189
163.6287,-53.04258,0.1781757,0.3470653,0.435249,-4.357441
163.6547,-52.61618,0.1850147,0.3420621,0.438448,-4.357682
163.6809,-52.16364,0.1922087,0.3367266,0.4418439,-4.357913
163.7071,-51.68822,0.1999678,0.3310752,0.4454275,-4.358132
163.7333,-51.18675,0.2084481,0.3250887,0.4492125,-4.358338
163.7596,-50.64989,0.2176109,0.3187519,0.4532108,-4.35853
163.7855,-50.07225,0.2273196,0.3121185,0.4573914,-4.358706
163.8114,-49.44607,0.2380832,0.3050793,0.4618272,-4.358866
163.8374,-48.76224,0.2502079,0.2975869,0.4665532,-4.359009
163.8633,-47.99934,0.2637628,0.2895973,0.4716038,-4.359134
163.8885,-47.15724,0.2783805,0.2813231,0.4768525,-4.359234
163.9136,-46.20222,0.2952244,0.2724287,0.4825219,-4.359313
163.9388,-45.10618,0.3149923,0.2628003,0.4887007,-4.359365
163.9639,-43.81276,0.338126,0.2523214,0.4954865,-4.359387
163.988,-42.32324,0.3639551,0.2413741,0.5026597,-4.359375
164.012,-40.5353,0.3950646,0.2292898,0.5106958,-4.359324
164.0361,-38.3683,0.4329589,0.2158502,0.5198291,-4.359225
164.0601,-35.69594,0.4786713,0.2008878,0.5303265,-4.359068
164.0842,-32.42495,0.5334942,0.1842897,0.5424974,-4.35884
164.1083,-28.46102,0.5979606,0.1661486,0.5568139,-4.358525
164.1323,-23.91483,0.6694053,0.1469949,0.5735672,-4.358107
164.1564,-19.26182,0.7422033,0.1278353,0.5927182,-4.357578
164.1697,-16.90966,0.7800591,0.1176859,0.6041977,-4.357238
164.183,-14.88064,0.8141899,0.1080323,0.6160811,-4.35687
164.1963,-13.29958,0.8435212,0.09897864,0.6281459,-4.356477
164.2096,-12.26706,0.867584,0.09058492,0.6401534,-4.356067
164.2229,-11.84612,0.886353,0.08287499,0.6518537,-4.355647
164.2362,-12.03216,0.9000263,0.07585189,0.663004,-4.355225
164.2495,-12.79055,0.9089809,0.06950534,0.6734041,-4.35481
164.2628,-14.06597,0.913669,0.06381743,0.6829065,-4.354409
164.2761,-15.7722,0.9143874,0.05878395,0.6913781,-4.354029
164.2894,-17.82713,0.9114703,0.05436174,0.6987855,-4.353674
164.3026,-20.14981,0.9050823,0.05052904,0.7051028,-4.353348
164.3159,-22.6564,0.894887,0.04727777,0.7103271,-4.353054
164.3313,-25.70233,0.8776675,0.04421942,0.7150542,-4.352756
164.3467,-28.81755,0.854628,0.04190262,0.7184076,-4.352505
164.3622,-31.93752,0.8254499,0.04030103,0.7204722,-4.352302
164.3776,-35.01086,0.7894961,0.03939535,0.7213367,-4.352147
164.3944,-38.29099,0.74257,0.03916749,0.7210286,-4.352031
164.4113,-41.46458,0.6873185,0.03971329,0.7195171,-4.351969
164.4282,-44.50917,0.6238537,0.0410199,0.7169039,-4.351961
164.445,-47.42531,0.5547452,0.04305843,0.7133107,-4.352003
164.4587,-49.6967,0.4967127,0.04523744,0.7097513,-4.352072
164.4724,-51.85623,0.4378613,0.04789161,0.7056655,-4.352171
164.4861,-53.88601,0.379723,0.05101638,0.7011074,-4.3523
164.4998,-55.76977,0.3242726,0.05459983,0.6961345,-4.352455
164.5131,-57.44339,0.2747387,0.05849782,0.6909692,-4.352628
164.5264,-58.95789,0.2303514,0.06279098,0.6855184,-4.352823
164.5396,-60.31206,0.1918067,0.06745239,0.6798309,-4.353038
164.5529,-61.51012,0.1592323,0.072451,0.6739525,-4.353269
164.5612,-62.18261,0.1417953,0.07572572,0.6702062,-4.35342
164.5695,-62.80097,0.1264855,0.07910951,0.6664113,-4.353578
164.5778,-63.3684,0.1131729,0.08259365,0.6625763,-4.35374
164.5861,-63.88809,0.1016568,0.08616951,0.6587089,-4.353906
164.5944,-64.36333,0.09171165,0.08982861,0.6548163,-4.354077
164.6026,-64.79744,0.08320047,0.09356271,0.6509052,-4.354251
164.6109,-65.19355,0.07596967,0.09736389,0.6469813,-4.354429
164.6192,-65.55453,0.06982185,0.1012246,0.64305,-4.35461
164.6277,-65.88899,0.06447504,0.1052117,0.6390423,-4.354797
164.6361,-66.19255,0.05995719,0.1092459,0.6350367,-4.354987
164.6445,-66.46771,0.05616094,0.1133204,0.6310373,-4.355179
164.653,-66.71673,0.0529507,0.1174288,0.627048,-4.355374
164.6613,-66.93929,0.05023411,0.1215189,0.6231164,-4.355568
164.6697,-67.14017,0.04792715,0.1256308,0.619201,-4.355764
164.678,-67.32106,0.04597501,0.1297596,0.6153044,-4.355962
164.6864,-67.48348,0.04430959,0.1339005,0.611429,-4.356161
164.6953,-67.6379,0.04278319,0.1383241,0.6073229,-4.356375
164.7042,-67.77447,0.04149034,0.1427514,0.6032458,-4.35659
164.7131,-67.8946,0.04040098,0.1471781,0.5992,-4.356806
164.722,-67.99954,0.03947483,0.1515997,0.5951873,-4.357023
164.7319,-68.09965,0.0385964,0.1564965,0.5907747,-4.357265
164.7418,-68.1839,0.03786475,0.1613774,0.5864071,-4.357507
164.7516,-68.25361,0.0372632,0.166238,0.5820864,-4.357751
164.7615,-68.30992,0.03676586,0.1710742,0.5778142,-4.357995
164.7729,-68.35945,0.0362949,0.1765961,0.5729671,-4.358276
164.7842,-68.3941,0.03592831,0.1820757,0.5681879,-4.358557
164.7956,-68.41516,0.03565645,0.1875086,0.5634781,-4.358839
164.8069,-68.42378,0.03546089,0.1928905,0.5588391,-4.359121
164.8204,-68.41926,0.03530709,0.1991988,0.5534338,-4.359455
164.8338,-68.40021,0.03523875,0.2054249,0.5481313,-4.359789
164.8473,-68.36796,0.03524976,0.2115642,0.5429329,-4.360123
164.8607,-68.32371,0.03532559,0.2176126,0.5378395,-4.360456
164.8772,-68.25487,0.03548899,0.2248738,0.5317602,-4.360861
164.8936,-68.17139,0.03573396,0.2319884,0.5258398,-4.361266
164.9101,-68.07475,0.03605663,0.2389519,0.5200789,-4.361669
164.9265,-67.96625,0.03644358,0.2457605,0.5144777,-4.36207
164.9468,-67.81759,0.03699038,0.2539511,0.50778,-4.362563
164.9671,-67.65449,0.03762818,0.2618963,0.5013251,-4.363052
164.9874,-67.47861,0.03836034,0.2695928,0.4951116,-4.363538
165.0077,-67.29139,0.03916346,0.2770381,0.489138,-4.364021
165.0293,-67.08145,0.04006143,0.2846707,0.4830526,-4.364528
165.0509,-66.86146,0.04105105,0.2920174,0.477233,-4.365032
165.0724,-66.63263,0.04215167,0.299078,0.4716761,-4.36553
165.094,-66.39598,0.04331522,0.305853,0.4663786,-4.366023
165.1136,-66.17466,0.04438956,0.3117683,0.4617822,-4.366467
165.1333,-65.9483,0.04553617,0.3174492,0.4573948,-4.366906
165.1529,-65.71747,0.04677116,0.3228969,0.4532134,-4.367341
165.1725,-65.48267,0.04805648,0.328113,0.449235,-4.367771
165.1912,-65.25533,0.04929853,0.3328756,0.4456253,-4.368177
165.2099,-65.0252,0.05060092,0.3374304,0.442195,-4.368579
165.2287,-64.79266,0.05197561,0.3417789,0.4389412,-4.368976
165.2474,-64.55799,0.05339624,0.345923,0.4358611,-4.369369
165.2668,-64.31313,0.05488676,0.3499989,0.432853,-4.369771
165.2861,-64.06663,0.05643932,0.3538596,0.4300247,-4.370168
165.3055,-63.81879,0.0580684,0.3575074,0.4273731,-4.37056
165.3249,-63.56982,0.05974514,0.3609442,0.4248948,-4.370947
165.3449,-63.31127,0.06149773,0.3642797,0.4225103,-4.371343
165.365,-63.05202,0.06331635,0.3673943,0.4203041,-4.371733
165.385,-62.79231,0.06521807,0.3702905,0.4182728,-4.372118
165.4051,-62.53224,0.06716974,0.3729708,0.4164124,-4.372498
165.4257,-62.26464,0.06919207,0.3755033,0.4146747,-4.372882
165.4463,-61.99702,0.07128406,0.377813,0.41311,-4.373261
165.4669,-61.72961,0.07346445,0.3799026,0.4117144,-4.373635
165.4875,-61.46237,0.07569741,0.3817748,0.4104839,-4.374003
165.5088,-61.1862,0.07802223,0.383485,0.4093812,-4.374377
165.5301,-60.91046,0.08042209,0.3849687,0.4084466,-4.374746
165.5514,-60.63531,0.082918,0.3862286,0.4076762,-4.375108
165.5727,-60.36058,0.08547088,0.3872681,0.4070656,-4.375465
165.5948,-60.07543,0.08813994,0.3881176,0.4065961,-4.375829
165.6169,-59.79083,0.09089263,0.3887354,0.4062904,-4.376187
165.639,-59.50688,0.09375328,0.3891245,0.4061443,-4.376538
165.6612,-59.22325,0.09667856,0.3892883,0.4061533,-4.376883
165.6842,-58.9281,0.09974215,0.3892234,0.4063225,-4.377236
165.7072,-58.6332,0.1029032,0.3889212,0.4066509,-4.377581
165.7302,-58.33861,0.1061906,0.3883846,0.4071343,-4.37792
165.7532,-58.04373,0.109556,0.3876174,0.4077682,-4.378251
165.7771,-57.73608,0.1130842,0.3865793,0.4085821,-4.378589
165.8011,-57.42779,0.1167326,0.385298,0.4095506,-4.378919
165.825,-57.11885,0.1205372,0.3837761,0.4106702,-4.379241
165.8489,-56.80825,0.1244438,0.3820172,0.4119366,-4.379556
165.8737,-56.48327,0.1285417,0.3799477,0.4134002,-4.379875
165.8985,-56.15584,0.1327992,0.377628,0.4150153,-4.380186
165.9233,-55.8258,0.1372628,0.3750595,0.4167797,-4.380488
165.9481,-55.4915,0.141872,0.3722451,0.4186902,-4.380782
165.9737,-55.14057,0.1467085,0.369091,0.4208082,-4.381076
165.9992,-54.7838,0.1517737,0.3656764,0.4230789,-4.381361
166.0248,-54.4207,0.1571321,0.3619996,0.4255025,-4.381637
166.0504,-54.04849,0.1627186,0.3580614,0.4280777,-4.381903
166.0764,-53.656,0.1685838,0.3537752,0.4308604,-4.382164
166.1025,-53.25129,0.174805,0.3492084,0.4338061,-4.382415
166.1286,-52.83306,0.1814803,0.3443533,0.4369201,-4.382656
166.1546,-52.39622,0.1885472,0.3392053,0.4402056,-4.382885
166.1808,-51.932,0.1959858,0.3337276,0.443687,-4.383103
166.207,-51.44276,0.2040312,0.3279262,0.4473618,-4.383309
166.2333,-50.92492,0.2128516,0.3217793,0.4512457,-4.383502
166.2595,-50.36818,0.2224152,0.3152696,0.4553522,-4.383681
166.2853,-49.76771,0.2325645,0.3084667,0.4596409,-4.383842
166.3112,-49.1137,0.2438628,0.3012401,0.4641984,-4.383987
166.3371,-48.39572,0.2566465,0.2935372,0.4690639,-4.384114
166.363,-47.58979,0.2710108,0.285308,0.4742764,-4.384222
166.388,-46.6964,0.2865513,0.2767876,0.479696,-4.384305
166.413,-45.67662,0.3045556,0.2676044,0.48557,-4.384364
166.4381,-44.49808,0.325801,0.2576324,0.4919983,-4.384395
166.4631,-43.09705,0.3508081,0.2467417,0.4990922,-4.384395
166.487,-41.47345,0.378891,0.2353237,0.5066312,-4.384358
166.5109,-39.51138,0.4128595,0.2226741,0.5151281,-4.384279
166.5349,-37.12332,0.4542767,0.2085777,0.5248449,-4.384148
166.5588,-34.18296,0.5040891,0.1929036,0.536074,-4.383952
166.5833,-30.5361,0.5649149,0.1752156,0.5494554,-4.383673
166.6077,-26.20227,0.6346943,0.1561922,0.5652312,-4.383295
166.6322,-21.41808,0.7087113,0.1366096,0.5835771,-4.382805
166.6567,-16.88696,0.7798409,0.1176112,0.6041999,-4.382201
166.6689,-15.02229,0.8113512,0.1087584,0.615075,-4.381861
166.681,-13.52639,0.8389009,0.1004022,0.6261178,-4.381501
166.6932,-12.47499,0.8619852,0.09259344,0.6371383,-4.381125
166.7054,-11.92054,0.8805428,0.0853563,0.6479497,-4.38074
166.7176,-11.88405,0.8947674,0.07869538,0.6583686,-4.380351
166.7298,-12.34424,0.9049199,0.07260517,0.668227,-4.379964
166.7419,-13.26267,0.9113383,0.06707348,0.6773902,-4.379586
166.7541,-14.58758,0.914315,0.06208609,0.6857587,-4.379222
166.7686,-16.59479,0.9135187,0.05685741,0.6945593,-4.378814
166.783,-18.9743,0.9084804,0.0523435,0.7020799,-4.378438
166.7975,-21.62599,0.8993874,0.04851573,0.7083064,-4.378098
166.8119,-24.44504,0.8856064,0.04536834,0.7132503,-4.377798
166.827,-27.46487,0.8655679,0.04280479,0.7170821,-4.37753
166.842,-30.51213,0.839691,0.04093599,0.7196482,-4.377307
166.8571,-33.53577,0.8076342,0.03973829,0.7210317,-4.377131
166.8721,-36.49984,0.7690273,0.03919047,0.721319,-4.376999
166.885,-38.97434,0.7308121,0.03921945,0.7207638,-4.376921
166.8979,-41.38517,0.6879165,0.03969433,0.7195233,-4.376875
166.9108,-43.72532,0.640591,0.04060716,0.7176454,-4.37686
166.9236,-45.99285,0.5896571,0.0419482,0.7151806,-4.376874
166.9365,-48.1848,0.536225,0.04370998,0.7121777,-4.376917
166.9494,-50.28779,0.4811573,0.04589333,0.7086779,-4.376987
166.9623,-52.28805,0.425647,0.048496,0.7047254,-4.377084
166.9751,-54.17181,0.3713064,0.05151107,0.7003673,-4.377206
166.9886,-55.99603,0.317642,0.05508246,0.6954439,-4.377358
167.002,-57.6644,0.2682751,0.0590761,0.690184,-4.377533
167.0154,-59.16977,0.2242442,0.06346939,0.6846397,-4.37773
167.0288,-60.51165,0.1861784,0.06823408,0.6788611,-4.377946
167.0374,-61.28865,0.1649792,0.0714703,0.6750533,-4.378093
167.046,-62.00329,0.1462315,0.07483623,0.67118,-4.378247
167.0546,-62.65874,0.1298393,0.07832219,0.6672515,-4.378407
167.0632,-63.25836,0.1156109,0.08191845,0.6632778,-4.378572
167.0719,-63.80579,0.1033064,0.08561528,0.6592677,-4.378742
167.0805,-64.30486,0.09277727,0.08940312,0.6552293,-4.378916
167.0891,-64.75924,0.08384827,0.09327274,0.6511701,-4.379095
167.0977,-65.17234,0.0762802,0.09721525,0.6470968,-4.379277
167.1063,-65.5461,0.06985779,0.1012073,0.6430304,-4.379462
167.1148,-65.88522,0.0644397,0.1052553,0.6389614,-4.37965
167.1234,-66.19255,0.0598988,0.1093517,0.6348946,-4.379841
167.132,-66.47064,0.05607131,0.1134894,0.6308344,-4.380034
167.1403,-66.714,0.05290935,0.1175242,0.6269176,-4.380223
167.1486,-66.93422,0.05022532,0.1215857,0.6230138,-4.380414
167.1569,-67.1331,0.04795536,0.1256686,0.6191261,-4.380607
167.1652,-67.31227,0.04602074,0.1297679,0.615257,-4.380801
167.1739,-67.48131,0.04427031,0.1340978,0.6112052,-4.381007
167.1826,-67.63176,0.04278588,0.1384357,0.6071792,-4.381214
167.1914,-67.76508,0.04153265,0.1427771,0.6031813,-4.381423
167.2001,-67.88259,0.04046508,0.1471177,0.5992135,-4.381633
167.2097,-67.99497,0.03945903,0.1518851,0.5948872,-4.381864
167.2193,-68.09114,0.03861584,0.1566418,0.5906015,-4.382097
167.2289,-68.17238,0.03791627,0.1613833,0.5863585,-4.382331
167.2385,-68.23989,0.03733171,0.1661055,0.5821599,-4.382565
167.2495,-68.30145,0.0367748,0.1714608,0.5774291,-4.382832
167.2604,-68.34796,0.03633008,0.1767812,0.5727598,-4.383101
167.2714,-68.38069,0.03598659,0.182062,0.5681537,-4.383369
167.2823,-68.40078,0.03572448,0.1872991,0.5636122,-4.383638
167.2952,-68.40963,0.03549802,0.1934005,0.5583529,-4.383955
167.3081,-68.40389,0.03536025,0.199431,0.5531866,-4.384271
167.321,-68.38489,0.03530442,0.205386,0.5481146,-4.384588
167.3339,-68.3538,0.03531524,0.2112612,0.543138,-4.384904
167.3495,-68.30132,0.03540011,0.2182788,0.5372283,-4.385287
167.3651,-68.23422,0.03556654,0.2251682,0.5314616,-4.385668
167.3808,-68.15396,0.03581005,0.2319246,0.5258387,-4.386049
167.3964,-68.0618,0.03611731,0.2385441,0.5203602,-4.386428
167.4158,-67.93254,0.03656915,0.2465647,0.5137616,-4.386896
167.4352,-67.78858,0.03710927,0.2543646,0.5073854,-4.387362
167.4546,-67.63154,0.03773808,0.2619398,0.5012309,-4.387825
167.474,-67.46286,0.03843677,0.2692875,0.4952972,-4.388284
167.4958,-67.26146,0.03927314,0.277251,0.4889063,-4.388795
167.5176,-67.04856,0.04020436,0.2849244,0.4827886,-4.389301
167.5393,-66.82553,0.04124725,0.2923068,0.4769411,-4.389802
167.5611,-66.59356,0.04235707,0.2993979,0.4713608,-4.390299
167.5812,-66.37225,0.04340253,0.3056891,0.4664412,-4.390752
167.6013,-66.14498,0.04452529,0.3117332,0.4617437,-4.391201
167.6214,-65.91246,0.04574335,0.3175313,0.4572654,-4.391646
167.6415,-65.67526,0.04701421,0.3230848,0.4530031,-4.392085
167.6602,-65.45026,0.04821381,0.3280456,0.4492195,-4.392491
167.6789,-65.22212,0.04947523,0.3327964,0.4456183,-4.392892
167.6977,-64.99122,0.05081059,0.3373388,0.4421968,-4.393289
167.7164,-64.75789,0.05219241,0.3416746,0.4389523,-4.393682
167.7356,-64.5167,0.05362752,0.3459025,0.4358098,-4.394079
167.7548,-64.27363,0.05512399,0.3499173,0.4328469,-4.394472
167.774,-64.02901,0.05669556,0.353721,0.4300603,-4.394859
167.7932,-63.78304,0.05831443,0.3573158,0.427447,-4.395242
167.8131,-63.52654,0.06001368,0.3608278,0.4249145,-4.395635
167.833,-63.26914,0.0617784,0.3641194,0.4225616,-4.396022
167.853,-63.0111,0.06362526,0.3671927,0.4203849,-4.396404
167.8729,-62.75254,0.06552183,0.3700503,0.4183807,-4.396781
167.8934,-62.48638,0.0674877,0.3727649,0.4164968,-4.397163
167.9138,-62.22008,0.06952263,0.3752568,0.4147875,-4.397539
167.9343,-61.95385,0.07164497,0.3775286,0.4132489,-4.39791
167.9548,-61.6877,0.07381943,0.3795831,0.4118771,-4.398275
167.9759,-61.413,0.07608052,0.381479,0.4106318,-4.398646
167.9971,-61.13867,0.0784155,0.383149,0.409556,-4.399012
168.0182,-60.86485,0.08084482,0.3845959,0.4086457,-4.399371
168.0393,-60.59143,0.0833302,0.3858228,0.4078967,-4.399725
168.0613,-60.30784,0.08592728,0.3868669,0.4072854,-4.400086
168.0832,-60.0248,0.08860606,0.3876801,0.4068392,-4.40044
168.1051,-59.74243,0.09139009,0.3882652,0.4065539,-4.400789
168.1271,-59.46044,0.094237,0.3886258,0.4064252,-4.401131
168.1499,-59.16711,0.09721802,0.3887663,0.4064526,-4.40148
168.1727,-58.87416,0.1002932,0.3886703,0.4066406,-4.401822
168.1955,-58.58163,0.1034905,0.3883408,0.4069849,-4.402158
168.2184,-58.28898,0.1067626,0.3877814,0.4074811,-4.402487
168.2421,-57.98381,0.1101926,0.3869598,0.4081535,-4.402822
168.2658,-57.67826,0.1137373,0.3858959,0.4089818,-4.403149
168.2895,-57.37231,0.1174311,0.3845923,0.4099623,-4.403469
168.3133,-57.06507,0.1212209,0.3830528,0.4110907,-4.403782
168.3379,-56.74379,0.1251965,0.3812101,0.4124134,-4.404099
168.3625,-56.42053,0.1293219,0.3791184,0.4138886,-4.404408
168.3871,-56.09516,0.1336411,0.3767793,0.4155135,-4.404708
168.4118,-55.7662,0.1380951,0.3741961,0.4172847,-4.405001
168.4372,-55.42111,0.142769,0.3712774,0.4192626,-4.405294
168.4626,-55.07105,0.1476543,0.3681003,0.4213928,-4.405579
168.488,-54.71561,0.152811,0.3646638,0.4236749,-4.405854
168.5134,-54.35232,0.1581747,0.3609696,0.4261072,-4.40612
168.5394,-53.96961,0.1638057,0.3569261,0.4287486,-4.406383
168.5654,-53.57634,0.1697603,0.3526069,0.4315502,-4.406635
168.5914,-53.17142,0.1761278,0.3480058,0.434516,-4.406877
168.6174,-52.75039,0.1828441,0.3431198,0.437648,-4.407108
168.6436,-52.30382,0.1899087,0.3378973,0.4409796,-4.40733
168.6698,-51.83562,0.1975145,0.3323622,0.4444965,-4.407539
168.696,-51.34288,0.2058106,0.3264967,0.4482116,-4.407736
168.7222,-50.81676,0.2147548,0.320287,0.4521354,-4.40792
168.7482,-50.25144,0.2242255,0.3137756,0.456244,-4.408088
168.7742,-49.64044,0.234698,0.3068674,0.4606009,-4.408241
168.8002,-48.9754,0.2464614,0.2995185,0.4652387,-4.408376
168.8262,-48.23632,0.2595705,0.2916881,0.4701893,-4.408494
168.8514,-47.42258,0.2736817,0.2835736,0.4753349,-4.408589
168.8766,-46.50351,0.2898859,0.2748624,0.4808831,-4.408662
168.9019,-45.45341,0.3088355,0.2654484,0.486916,-4.40871
168.9271,-44.22015,0.3309266,0.2552231,0.4935237,-4.408729
168.9513,-42.80555,0.3555039,0.2445597,0.5004896,-4.408716
168.9754,-41.11533,0.3850112,0.2328159,0.5082655,-4.408665
168.9995,-39.07399,0.4208953,0.2197777,0.5170694,-4.40857
169.0237,-36.55868,0.4641919,0.2052664,0.5271507,-4.408419
169.0476,-33.50145,0.5156068,0.1893125,0.5386758,-4.408205
169.0715,-29.77105,0.5767211,0.1717512,0.5521964,-4.407908
169.0954,-25.4213,0.6458992,0.1529735,0.568042,-4.407515
169.1192,-20.80141,0.7185252,0.1338644,0.5862866,-4.407014
169.1336,-18.14941,0.7606867,0.1227378,0.5982826,-4.406662
169.1479,-15.78768,0.799366,0.1121003,0.610856,-4.406273
169.1622,-13.88072,0.8330024,0.1021081,0.6237567,-4.405854
169.1765,-12.56956,0.8607588,0.09285608,0.6366992,-4.405412
169.1909,-11.95361,0.8824021,0.08438749,0.6493731,-4.404955
169.2052,-12.0391,0.8980701,0.07671305,0.6614662,-4.404495
169.2195,-12.78987,0.9081688,0.06982367,0.6727197,-4.404042
169.2338,-14.14345,0.9132968,0.06369717,0.6829477,-4.403603
169.2468,-15.80661,0.9140145,0.05879121,0.6912042,-4.403226
169.2597,-17.80228,0.9112531,0.05446775,0.6984486,-4.402873
169.2727,-20.05506,0.9051596,0.05070686,0.7046558,-4.402548
169.2857,-22.48725,0.8954455,0.04750035,0.709822,-4.402253
169.3012,-25.53612,0.8785016,0.04438154,0.7146623,-4.401943
169.3167,-28.66043,0.8557097,0.04201265,0.7181115,-4.40168
169.3322,-31.79365,0.8267585,0.0403668,0.7202548,-4.401467
169.3477,-34.88212,0.7909777,0.03942491,0.7211815,-4.401301
169.3644,-38.13466,0.7448107,0.03916516,0.7209354,-4.401175
169.3811,-41.28364,0.6904597,0.03966656,0.7195014,-4.401103
169.3978,-44.30715,0.6280306,0.04091578,0.716979,-4.401083
169.4146,-47.20553,0.5599366,0.04288479,0.7134867,-4.401113
169.4283,-49.49717,0.5017621,0.0450327,0.7099603,-4.401173
169.4421,-51.67725,0.4426171,0.04766131,0.7058968,-4.401264
169.4559,-53.72769,0.3840409,0.05076626,0.7013511,-4.401384
169.4697,-55.63185,0.3280517,0.05433576,0.6963814,-4.401531
169.4829,-57.31313,0.2782906,0.05819704,0.6912492,-4.401696
169.4962,-58.83621,0.2335879,0.0624538,0.6858285,-4.401883
169.5095,-60.19936,0.1946639,0.06707963,0.6801684,-4.402089
169.5227,-61.40643,0.1616879,0.07204385,0.6743144,-4.402311
169.531,-62.08239,0.1440593,0.07528773,0.6705936,-4.402458
169.5393,-62.70433,0.1285536,0.07864068,0.6668235,-4.402609
169.5475,-63.27539,0.1150462,0.0820941,0.6630125,-4.402766
169.5558,-63.79871,0.1033423,0.08563947,0.6591684,-4.402927
169.564,-64.27751,0.09322114,0.08926839,0.6552985,-4.403092
169.5723,-64.71511,0.08454663,0.09297269,0.6514091,-4.403261
169.5805,-65.11459,0.07716594,0.09674452,0.6475064,-4.403434
169.5888,-65.47882,0.07088305,0.1005764,0.6435956,-4.403609
169.5973,-65.81901,0.06537401,0.1045662,0.6395763,-4.403792
169.6057,-66.1277,0.06072085,0.1086044,0.6355585,-4.403978
169.6142,-66.40742,0.05681309,0.1126841,0.6315464,-4.404167
169.6227,-66.6605,0.05351068,0.1167987,0.627544,-4.404357
169.631,-66.88579,0.0507281,0.1208797,0.6236145,-4.404547
169.6394,-67.08915,0.04836544,0.1249832,0.6197008,-4.404739
169.6477,-67.27231,0.04636651,0.1291041,0.6158056,-4.404932
169.6561,-67.43681,0.04466162,0.1332377,0.6119313,-4.405126
169.665,-67.593,0.04310192,0.1376469,0.6078326,-4.405335
169.6739,-67.73121,0.04178089,0.1420604,0.6037625,-4.405545
169.6827,-67.85284,0.04066773,0.1464737,0.5997233,-4.405756
169.6916,-67.95919,0.03972132,0.1508825,0.5957168,-4.405968
169.7015,-68.0606,0.03882473,0.1557595,0.5913163,-4.406204
169.7113,-68.14609,0.03807758,0.1606213,0.5869602,-4.40644
169.7212,-68.21696,0.03746279,0.1654633,0.5826506,-4.406678
169.731,-68.27436,0.03695403,0.1702814,0.578389,-4.406916
169.7423,-68.32501,0.03647212,0.1757783,0.5735579,-4.40719
169.7537,-68.36074,0.03609604,0.1812337,0.568794,-4.407465
169.765,-68.38282,0.03581592,0.1866431,0.5640988,-4.40774
169.7763,-68.39241,0.03561309,0.1920024,0.5594738,-4.408014
169.7897,-68.389,0.03545178,0.1982804,0.554088,-4.40834
169.8031,-68.37101,0.03537677,0.2044774,0.5488039,-4.408666
169.8165,-68.33979,0.03538182,0.2105889,0.5436229,-4.408991
169.8299,-68.29652,0.03545227,0.2166106,0.5385459,-4.409315
169.8462,-68.22888,0.03560969,0.223838,0.5324877,-4.409711
169.8626,-68.14656,0.03584918,0.2309206,0.5265868,-4.410105
169.8789,-68.05104,0.03616676,0.237854,0.5208439,-4.410497
169.8953,-67.94363,0.036549,0.2446341,0.5152593,-4.410888
169.9155,-67.79604,0.03709152,0.2528039,0.5085705,-4.411369
169.9358,-67.63392,0.03772546,0.26073,0.5021231,-4.411846
169.956,-67.45895,0.03845385,0.2684092,0.4959158,-4.41232
169.9762,-67.27256,0.03925374,0.275839,0.4899471,-4.412791
169.9978,-67.06222,0.04015454,0.2834996,0.4838317,-4.413289
170.0195,-66.84167,0.04114809,0.2908727,0.4779837,-4.413782
170.0411,-66.61212,0.04225368,0.2979583,0.4724002,-4.41427
170.0627,-66.37462,0.04342322,0.3047567,0.4670777,-4.414754
170.0824,-66.15225,0.04450466,0.310697,0.4624563,-4.415189
170.1021,-65.92474,0.04565942,0.316401,0.4580455,-4.415619
170.1217,-65.6927,0.04690384,0.3218701,0.4538425,-4.416046
170.1414,-65.45663,0.04819932,0.3271057,0.4498443,-4.416467
170.1602,-65.22851,0.04944863,0.3318753,0.4462248,-4.416864
170.1789,-64.99758,0.0507589,0.3364364,0.4427854,-4.417256
170.1977,-64.76421,0.05214216,0.3407904,0.4395234,-4.417644
170.2164,-64.5287,0.05357184,0.3449391,0.4364358,-4.418028
170.2358,-64.28312,0.05507099,0.3490162,0.4334228,-4.41842
170.2552,-64.0359,0.05663265,0.3528776,0.4305903,-4.418807
170.2745,-63.78733,0.05827132,0.3565255,0.4279349,-4.419189
170.2939,-63.53762,0.0599581,0.359962,0.4254533,-4.419567
170.314,-63.27821,0.06172208,0.3632976,0.4230652,-4.419952
170.334,-63.01809,0.06355262,0.3664117,0.4208561,-4.420332
170.3541,-62.75751,0.06546682,0.3693066,0.4188224,-4.420707
170.3741,-62.49657,0.06743147,0.371985,0.4169604,-4.421076
170.3948,-62.22803,0.06946782,0.3745152,0.4152214,-4.42145
170.4154,-61.95948,0.0715744,0.3768218,0.413656,-4.421819
170.436,-61.69114,0.07377003,0.3789074,0.4122605,-4.422182
170.4566,-61.42297,0.07601876,0.3807749,0.4110307,-4.422539
170.4779,-61.14582,0.0783604,0.3824795,0.4099292,-4.422903
170.4992,-60.86911,0.08077772,0.3839567,0.4089966,-4.42326
170.5206,-60.59298,0.08329182,0.3852095,0.4082288,-4.423612
170.5419,-60.31728,0.0858635,0.3862408,0.4076215,-4.423958
170.564,-60.03108,0.08855277,0.3870812,0.4071561,-4.42431
170.5862,-59.74543,0.09132645,0.3876889,0.4068551,-4.424657
170.6083,-59.46043,0.09420901,0.388067,0.4067143,-4.424997
170.6304,-59.17574,0.09715697,0.388219,0.4067294,-4.42533
170.6535,-58.87942,0.100245,0.3881409,0.4069055,-4.425671
170.6765,-58.58335,0.1034316,0.3878244,0.4072415,-4.426004
170.6995,-58.28757,0.1067458,0.3872726,0.4077332,-4.426331
170.7226,-57.99145,0.1101392,0.3864893,0.408376,-4.42665
170.7465,-57.68245,0.1136975,0.3854333,0.4092,-4.426975
170.7705,-57.37277,0.1173777,0.384133,0.4101793,-4.427293
170.7944,-57.06238,0.121216,0.382591,0.4113104,-4.427603
170.8184,-56.75026,0.125158,0.380811,0.4125891,-4.427905
170.8432,-56.42361,0.1292942,0.3787183,0.4140662,-4.42821
170.868,-56.0944,0.1335927,0.3763743,0.4156956,-4.428508
170.8928,-55.76247,0.1381004,0.3737801,0.4174753,-4.428797
170.9177,-55.42612,0.1427569,0.3709387,0.4194019,-4.429077
170.9432,-55.07294,0.1476443,0.3677558,0.4215373,-4.429358
170.9688,-54.71371,0.152765,0.3643107,0.4238264,-4.429629
170.9944,-54.34791,0.1581848,0.3606016,0.4262697,-4.42989
171.02,-53.9727,0.1638385,0.3566293,0.4288661,-4.430143
171.0461,-53.57688,0.1697761,0.3523076,0.4316709,-4.43039
171.0721,-53.16842,0.1760787,0.347703,0.4346404,-4.430626
171.0982,-52.74594,0.1828465,0.3428072,0.4377803,-4.430852
171.1243,-52.30421,0.1900178,0.3376155,0.4410941,-4.431066
171.1505,-51.83449,0.1975698,0.3320935,0.4446044,-4.43127
171.1767,-51.33884,0.2057468,0.3262437,0.4483114,-4.43146
171.2029,-50.81348,0.2147224,0.3200433,0.4522313,-4.431637
171.2291,-50.24773,0.2244678,0.3134742,0.4563784,-4.4318
171.255,-49.63688,0.234818,0.3066114,0.460709,-4.431946
171.2808,-48.97032,0.2463589,0.2993166,0.4653148,-4.432075
171.3067,-48.23702,0.2594401,0.2915349,0.4702367,-4.432186
171.3325,-47.41187,0.2741683,0.2832139,0.475516,-4.432276
171.3575,-46.49558,0.2901244,0.2745971,0.4810076,-4.432343
171.3825,-45.44696,0.3086495,0.2652989,0.4869689,-4.432384
171.4075,-44.23178,0.330555,0.2551879,0.4935046,-4.432397
171.4324,-42.78315,0.3563949,0.2441293,0.5007319,-4.432377
171.4563,-41.10031,0.38548,0.2325162,0.5084317,-4.432321
171.4802,-39.06178,0.4207073,0.2196334,0.5171316,-4.432221
171.5041,-36.5781,0.463645,0.2052714,0.5271046,-4.432067
171.528,-33.52582,0.5151641,0.1893225,0.5386519,-4.431846
171.5526,-29.73007,0.5783124,0.1712476,0.5525397,-4.431535
171.5772,-25.27501,0.649821,0.1519693,0.5689016,-4.431122
171.6018,-20.45846,0.724124,0.132355,0.5878429,-4.430594
171.6265,-16.06337,0.7936714,0.1135626,0.6089482,-4.429952
171.6384,-14.38977,0.8229323,0.105117,0.6196639,-4.429605
171.6503,-13.10137,0.8481796,0.09716842,0.6304655,-4.429241
171.6622,-12.2584,0.8690727,0.08975414,0.6411721,-4.428864
171.6741,-11.89863,0.8856596,0.08288955,0.6516113,-4.428479
171.686,-12.03046,0.8981861,0.07657445,0.6616178,-4.428094
171.6979,-12.62665,0.9069265,0.07080105,0.6710444,-4.427713
171.7099,-13.64629,0.9122025,0.06555657,0.679775,-4.427341
171.7218,-15.03727,0.9142559,0.0608277,0.6877245,-4.426984
171.7372,-17.27598,0.9121604,0.05547105,0.696733,-4.426552
171.7525,-19.90147,0.9053084,0.0509136,0.704286,-4.426157
171.7679,-22.7987,0.8939198,0.04712013,0.7103823,-4.425804
171.7833,-25.84523,0.8770449,0.04408817,0.7150475,-4.425497
171.7981,-28.83397,0.8547538,0.04187786,0.7182492,-4.425246
171.8129,-31.82574,0.8266008,0.04033174,0.7202589,-4.42504
171.8278,-34.778,0.7922533,0.03942765,0.7211572,-4.424878
171.8426,-37.66403,0.7515284,0.03914385,0.7210282,-4.424759
171.8543,-39.88347,0.7150357,0.03934233,0.7202592,-4.424695
171.866,-42.04915,0.6748017,0.03990417,0.718942,-4.424656
171.8777,-44.15648,0.6310929,0.0408238,0.7171119,-4.424643
171.8893,-46.20336,0.5845314,0.04209493,0.714806,-4.424654
171.901,-48.18671,0.5359319,0.04371278,0.7120598,-4.424689
171.9127,-50.09695,0.4860006,0.0456773,0.7089048,-4.424746
171.9244,-51.92397,0.4356516,0.04798668,0.7053742,-4.424825
171.9361,-53.65742,0.3860483,0.05063637,0.7015027,-4.424925
171.9497,-55.54932,0.3306326,0.05415401,0.6965957,-4.425067
171.9634,-57.28302,0.2793152,0.0581126,0.6913271,-4.425233
171.977,-58.84939,0.2332665,0.06249,0.6857523,-4.425422
171.9907,-60.24647,0.1932873,0.0672577,0.6799244,-4.42563
171.9997,-61.07499,0.1704498,0.07058964,0.6759782,-4.425778
172.0086,-61.83496,0.1502995,0.07406514,0.6719574,-4.425932
172.0176,-62.52984,0.1327443,0.0776733,0.6678744,-4.426093
172.0266,-63.16336,0.1175733,0.0814031,0.6637402,-4.42626
172.0356,-63.7396,0.1045134,0.0852435,0.6595653,-4.426432
172.0446,-64.26292,0.09340478,0.08918363,0.6553589,-4.42661
172.0535,-64.7375,0.08405395,0.093213,0.6511295,-4.426791
172.0625,-65.16717,0.07618355,0.09732155,0.6468847,-4.426977
172.0711,-65.53859,0.06980434,0.1013059,0.6428272,-4.427158
172.0796,-65.87559,0.06442092,0.1053456,0.6387673,-4.427341
172.0882,-66.181,0.05990722,0.1094332,0.6347098,-4.427527
172.0968,-66.45734,0.05610126,0.1135616,0.630659,-4.427716
172.1051,-66.69984,0.05294768,0.1175988,0.62674,-4.427902
172.1134,-66.91919,0.05027113,0.1216626,0.6228341,-4.428089
172.1217,-67.11721,0.04800785,0.1257476,0.6189445,-4.428278
172.13,-67.29552,0.04607922,0.1298487,0.6150737,-4.428468
172.1388,-67.46369,0.04433416,0.1341811,0.6110194,-4.42867
172.1475,-67.61326,0.04285467,0.1385213,0.6069912,-4.428874
172.1563,-67.7457,0.041606,0.1428647,0.6029913,-4.429078
172.165,-67.86233,0.04054269,0.1472069,0.5990216,-4.429284
172.1746,-67.97381,0.03954063,0.1519783,0.5946914,-4.429512
172.1843,-68.06904,0.03870135,0.1567385,0.5904021,-4.42974
172.1939,-68.14934,0.03800566,0.1614832,0.5861558,-4.429969
172.2035,-68.2159,0.03742496,0.1662081,0.5819542,-4.430199
172.2145,-68.27638,0.03687222,0.1715688,0.5772181,-4.430462
172.2255,-68.32179,0.03643181,0.1768939,0.572544,-4.430726
172.2365,-68.35341,0.03609275,0.1821789,0.5679335,-4.430989
172.2474,-68.37238,0.0358352,0.1874197,0.5633881,-4.431254
172.2604,-68.37988,0.03561418,0.1935286,0.5581216,-4.431565
172.2733,-68.37276,0.03548217,0.1995657,0.5529488,-4.431876
172.2862,-68.35235,0.03543236,0.2055263,0.5478711,-4.432187
172.2992,-68.31984,0.0354495,0.2114063,0.5428896,-4.432497
172.3149,-68.26555,0.0355425,0.2184342,0.53697,-4.432873
172.3306,-68.19661,0.0357176,0.2253324,0.5311949,-4.433249
172.3463,-68.11446,0.03597031,0.2320961,0.525565,-4.433623
172.362,-68.02039,0.03628724,0.2387214,0.5200808,-4.433995
172.3815,-67.88868,0.03675183,0.2467508,0.5134738,-4.434456
172.401,-67.74221,0.03730563,0.2545568,0.5070915,-4.434914
172.4205,-67.58265,0.03794922,0.2621357,0.5009332,-4.435368
172.44,-67.41143,0.03866343,0.2694845,0.4949977,-4.435819
172.4617,-67.20801,0.03951397,0.2774156,0.488632,-4.436319
172.4835,-66.99316,0.04045996,0.2850558,0.4825399,-4.436814
172.5053,-66.76828,0.0415186,0.2924042,0.4767184,-4.437304
172.527,-66.53452,0.04264453,0.2994608,0.4711645,-4.437789
172.5471,-66.31207,0.04370278,0.3057075,0.4662789,-4.438232
172.5672,-66.08374,0.04483851,0.3117076,0.4616149,-4.438669
172.5873,-65.85023,0.04606963,0.3174622,0.4571695,-4.439102
172.6073,-65.6121,0.04735388,0.3229728,0.4529395,-4.439531
172.6261,-65.38583,0.04856889,0.3279038,0.4491779,-4.439926
172.6448,-65.15644,0.0498461,0.3326244,0.4455991,-4.440318
172.6636,-64.92435,0.05119767,0.3371363,0.4422001,-4.440705
172.6824,-64.68986,0.05259612,0.3414411,0.4389783,-4.441088
172.7016,-64.4472,0.0540505,0.3456421,0.4358555,-4.441475
172.7208,-64.2027,0.05556685,0.3496292,0.4329128,-4.441858
172.7401,-63.95668,0.05715909,0.3534042,0.4301472,-4.442236
172.7593,-63.70934,0.05879918,0.3569694,0.4275553,-4.44261
172.7792,-63.45153,0.0605202,0.3604488,0.4250464,-4.442992
172.7992,-63.19284,0.06230736,0.3637068,0.4227177,-4.443369
172.8192,-62.93355,0.06417744,0.3667459,0.4205655,-4.443741
172.8391,-62.67378,0.06609778,0.3695685,0.4185861,-4.444107
172.8596,-62.40634,0.06808875,0.3722467,0.416728,-4.444478
172.8801,-62.1388,0.07014947,0.3747014,0.4150449,-4.444844
172.9006,-61.87135,0.07229846,0.3769351,0.4135329,-4.445204
172.9212,-61.60401,0.07450022,0.3789508,0.4121881,-4.445558
172.9423,-61.32799,0.07679066,0.3808063,0.4109705,-4.445919
172.9635,-61.05236,0.07915588,0.382435,0.409923,-4.446273
172.9847,-60.77725,0.08161652,0.3838396,0.4090415,-4.446622
173.0059,-60.50255,0.084134,0.3850232,0.4083216,-4.446964
173.0279,-60.21756,0.08676549,0.3860216,0.4077408,-4.447314
173.0499,-59.93312,0.08947984,0.3867879,0.4073256,-4.447657
173.0719,-59.64935,0.09230087,0.3873252,0.4070718,-4.447993
173.0939,-59.36592,0.09518587,0.3876369,0.4069749,-4.448324
173.1167,-59.07104,0.09820764,0.3877254,0.4070359,-4.448661
173.1396,-58.7765,0.1013253,0.3875762,0.4072579,-4.448991
173.1625,-58.48233,0.104567,0.3871923,0.4076368,-4.449315
173.1854,-58.18799,0.1078853,0.3865774,0.408168,-4.449631
173.2092,-57.88096,0.1113646,0.3856969,0.4088772,-4.449953
173.233,-57.57346,0.1149613,0.3845727,0.4097428,-4.450268
173.2567,-57.26547,0.1187102,0.3832075,0.4107613,-4.450575
173.2805,-56.95605,0.122558,0.3816051,0.4119282,-4.450875
173.3052,-56.63237,0.1265955,0.379696,0.4132913,-4.451178
173.3299,-56.30653,0.1307872,0.3775363,0.4148074,-4.451473
173.3546,-55.97838,0.1351781,0.3751277,0.4164742,-4.45176
173.3793,-55.64637,0.1397086,0.3724732,0.4182882,-4.452039
173.4047,-55.29794,0.1444643,0.3694803,0.4203104,-4.452318
173.4302,-54.94418,0.1494389,0.366227,0.422486,-4.452588
173.4556,-54.58465,0.1546945,0.362712,0.424815,-4.452848
173.4811,-54.21674,0.1601665,0.3589367,0.4272958,-4.4531
173.5071,-53.82895,0.165913,0.3548108,0.4299866,-4.453347
173.5331,-53.42989,0.1719975,0.350406,0.4328397,-4.453583
173.5592,-53.01838,0.178513,0.3457153,0.4358597,-4.453809
173.5852,-52.58971,0.185396,0.3407353,0.4390492,-4.454024
173.6114,-52.13459,0.1926403,0.3354192,0.4424384,-4.45423
173.6376,-51.65639,0.2004546,0.3297847,0.4460174,-4.454422
173.6638,-51.1519,0.2089964,0.3238122,0.4498001,-4.454602
173.69,-50.61167,0.218228,0.3174865,0.4537984,-4.454768
173.716,-50.03019,0.2280141,0.3108603,0.457982,-4.454918
173.7419,-49.39964,0.2388666,0.3038249,0.4624237,-4.455053
173.7679,-48.71078,0.2510949,0.2963325,0.4671587,-4.455169
173.7938,-47.94193,0.2647711,0.2883385,0.472222,-4.455267
173.819,-47.0929,0.2795256,0.2800559,0.4774866,-4.455342
173.8441,-46.12954,0.296534,0.2711478,0.4831768,-4.455395
173.8693,-45.02334,0.3165025,0.2614992,0.4893823,-4.455421
173.8944,-43.71722,0.3398804,0.2509929,0.4962021,-4.455416
173.9185,-42.21244,0.3659923,0.2400116,0.5034164,-4.455379
173.9425,-40.40544,0.3974476,0.2278846,0.5115042,-4.455302
173.9666,-38.21525,0.4357534,0.2143957,0.5207024,-4.455176
173.9906,-35.51613,0.4819261,0.1993826,0.5312796,-4.454992
174.0147,-32.21155,0.5373268,0.1827139,0.5435674,-4.454737
174.0388,-28.21932,0.6022644,0.1645336,0.5580193,-4.454392
174.0629,-23.6643,0.6738738,0.1453975,0.5749119,-4.453944
174.087,-19.04268,0.7463562,0.1263239,0.5941774,-4.453386
174.1002,-16.75149,0.7834733,0.1163374,0.6055896,-4.453033
174.1134,-14.79153,0.8168126,0.1068494,0.6173746,-4.452653
174.1266,-13.28145,0.8453729,0.0979568,0.6293124,-4.45225
174.1398,-12.31526,0.8687407,0.08971459,0.64117,-4.45183
174.153,-11.9498,0.8869219,0.08214392,0.6527052,-4.451402
174.1662,-12.1778,0.9001272,0.07524659,0.6636848,-4.450972
174.1795,-12.96369,0.9087301,0.06901203,0.6739174,-4.45055
174.1927,-14.25201,0.9131561,0.06342291,0.6832615,-4.450141
174.2062,-16.00411,0.9136333,0.05836246,0.6917804,-4.449744
174.2197,-18.10933,0.9103589,0.05393074,0.6992005,-4.449374
174.2331,-20.48366,0.9035002,0.05010501,0.7054971,-4.449034
174.2466,-23.03988,0.892678,0.04687745,0.7106692,-4.448727
174.262,-26.07458,0.8749281,0.04392062,0.7152209,-4.448421
174.2774,-29.17081,0.8513473,0.04169578,0.718421,-4.448162
174.2927,-32.26666,0.8216131,0.04017717,0.7203537,-4.44795
174.3081,-35.31383,0.7851452,0.03934499,0.7211072,-4.447786
174.3217,-37.94373,0.7472058,0.03916134,0.7208689,-4.447679
174.3352,-40.50621,0.7039675,0.03947757,0.7198466,-4.447608
174.3488,-42.99179,0.6556066,0.04028348,0.7180964,-4.447571
174.3624,-45.39876,0.6030104,0.04156617,0.715679,-4.447568
174.3759,-47.72508,0.5474271,0.0433155,0.7126525,-4.447596
174.3895,-49.95542,0.4897395,0.0455329,0.7090643,-4.447655
174.4031,-52.07406,0.4312663,0.04821624,0.7049656,-4.447744
174.4166,-54.06535,0.37392,0.05135725,0.7004116,-4.447861
174.4299,-55.87668,0.3206881,0.05486728,0.6955627,-4.448001
174.4432,-57.53607,0.2715828,0.05879159,0.6903809,-4.448163
174.4565,-59.03619,0.2276328,0.06310865,0.6849172,-4.448347
174.4698,-60.37613,0.1894854,0.06779138,0.6792202,-4.448549
174.4785,-61.17201,0.1676615,0.07105411,0.6753697,-4.448692
174.4873,-61.9034,0.148368,0.07445135,0.6714503,-4.448841
174.496,-62.57354,0.1315118,0.07797303,0.667473,-4.448996
174.5048,-63.1859,0.1168967,0.08160899,0.6634482,-4.449157
174.5135,-63.74425,0.1042736,0.08534905,0.6593853,-4.449323
174.5222,-64.2526,0.09349006,0.08918321,0.6552928,-4.449493
174.531,-64.71479,0.08436516,0.09310183,0.6511785,-4.449668
174.5397,-65.13438,0.07664738,0.09709561,0.6470495,-4.449846
174.5483,-65.50866,0.07018954,0.101087,0.6429815,-4.450025
174.5569,-65.84818,0.0647416,0.1051344,0.6389109,-4.450207
174.5655,-66.15577,0.0601759,0.1092302,0.6348424,-4.450392
174.5741,-66.43401,0.05632784,0.1133674,0.6307805,-4.450579
174.5824,-66.67744,0.05314909,0.117402,0.6268618,-4.450762
174.5907,-66.89763,0.05045125,0.1214633,0.6229562,-4.450948
174.599,-67.09639,0.04817008,0.1255459,0.6190667,-4.451135
174.6073,-67.27538,0.04622636,0.129645,0.6151959,-4.451323
174.6161,-67.44412,0.04446852,0.1339736,0.6111432,-4.451523
174.6248,-67.59421,0.04297827,0.1383101,0.6071164,-4.451724
174.6336,-67.72712,0.04172058,0.14265,0.6031178,-4.451927
174.6423,-67.84416,0.04064967,0.1469889,0.5991495,-4.45213
174.6519,-67.956,0.03964094,0.1517546,0.5948224,-4.452355
174.6616,-68.05156,0.03879607,0.1565094,0.5905363,-4.452581
174.6712,-68.13215,0.03809568,0.1612487,0.586293,-4.452808
174.6808,-68.19897,0.03751101,0.1659684,0.5820942,-4.453035
174.6918,-68.25971,0.0369546,0.1713218,0.5773626,-4.453295
174.7028,-68.30535,0.03651112,0.1766398,0.5726928,-4.453556
174.7137,-68.33717,0.03616951,0.1819179,0.5680865,-4.453817
174.7247,-68.35633,0.03590983,0.187152,0.5635451,-4.454078
174.7376,-68.36402,0.03568678,0.193252,0.5582842,-4.454386
174.7505,-68.35707,0.0355531,0.1992804,0.5531167,-4.454694
174.7635,-68.33682,0.03550196,0.2052327,0.5480441,-4.455001
174.7764,-68.30444,0.03551803,0.2111045,0.5430675,-4.455308
174.7921,-68.25031,0.03561005,0.2181224,0.5371541,-4.45568
174.8077,-68.18149,0.03578444,0.2250109,0.5313848,-4.456051
174.8234,-68.09946,0.03603668,0.2317652,0.5257605,-4.456421
174.8391,-68.00549,0.03635337,0.2383815,0.5202815,-4.45679
174.8586,-67.87383,0.0368181,0.2464024,0.513679,-4.457245
174.8781,-67.7274,0.03737231,0.2542002,0.5073008,-4.457698
174.8976,-67.56785,0.03801653,0.2617713,0.5011463,-4.458147
174.9171,-67.39662,0.03873162,0.2691127,0.4952145,-4.458593
174.9388,-67.19289,0.03958465,0.2770458,0.4888446,-4.459088
174.9606,-66.9777,0.04053356,0.2846877,0.4827486,-4.459578
174.9824,-66.75243,0.04159554,0.2920373,0.4769239,-4.460063
175.0042,-66.51825,0.04272521,0.2990948,0.4713671,-4.460543
175.0243,-66.29529,0.04378766,0.3053444,0.4664774,-4.460981
175.0444,-66.06642,0.04492799,0.3113468,0.4618098,-4.461414
175.0645,-65.83236,0.0461642,0.3171031,0.4573614,-4.461843
175.0845,-65.59367,0.04745384,0.3226147,0.4531289,-4.462267
175.1033,-65.36693,0.04867366,0.3275446,0.4493668,-4.462658
175.1221,-65.13708,0.04995598,0.3322638,0.4457877,-4.463045
175.1409,-64.90451,0.05131299,0.3367738,0.4423888,-4.463428
175.1596,-64.66953,0.05271712,0.3410764,0.4391675,-4.463806
175.1789,-64.42644,0.05417716,0.3452738,0.4360462,-4.464189
175.1981,-64.1815,0.05569944,0.3492569,0.4331053,-4.464567
175.2174,-63.93504,0.05729788,0.3530277,0.4303417,-4.464941
175.2366,-63.68727,0.0589444,0.3565882,0.4277521,-4.46531
175.2566,-63.42899,0.06067237,0.3600628,0.4252458,-4.465687
175.2765,-63.16984,0.06246674,0.3633156,0.4229198,-4.466059
175.2965,-62.91009,0.06434434,0.3663491,0.4207707,-4.466426
175.3165,-62.64986,0.06627245,0.3691658,0.4187947,-4.466788
175.337,-62.38194,0.06827175,0.3718378,0.4169402,-4.467154
175.3575,-62.11391,0.07034111,0.3742859,0.4152609,-4.467515
175.378,-61.84598,0.07249908,0.3765127,0.413753,-4.46787
175.3986,-61.57816,0.07471008,0.3785211,0.4124125,-4.468219
175.4197,-61.30164,0.07701041,0.3803687,0.4111998,-4.468575
175.4409,-61.0255,0.07938585,0.3819891,0.4101573,-4.468924
175.4621,-60.74989,0.08185712,0.383385,0.409281,-4.469267
175.4833,-60.47469,0.08438556,0.3845594,0.4085668,-4.469604
175.5053,-60.18915,0.08702878,0.385548,0.407992,-4.469949
175.5273,-59.90417,0.08975528,0.386304,0.4075831,-4.470286
175.5494,-59.61985,0.09258898,0.3868306,0.4073359,-4.470618
175.5714,-59.33587,0.09548706,0.387131,0.4072459,-4.470943
175.5943,-59.04039,0.09852289,0.3872074,0.4073143,-4.471274
175.6172,-58.74523,0.1016551,0.3870456,0.407544,-4.471599
175.64,-58.45045,0.1049123,0.3866486,0.4079309,-4.471916
175.6629,-58.15545,0.1082465,0.3860201,0.4084704,-4.472227
175.6867,-57.84772,0.1117429,0.3851248,0.4091885,-4.472544
175.7106,-57.53949,0.1153577,0.3839855,0.4100634,-4.472852
175.7344,-57.23074,0.1191258,0.3826045,0.4110914,-4.473154
175.7582,-56.92051,0.1229936,0.3809858,0.4122682,-4.473447
175.7829,-56.59594,0.1270527,0.3790592,0.4136418,-4.473744
175.8076,-56.26915,0.1312675,0.3768814,0.4151689,-4.474033
175.8323,-55.94,0.1356832,0.374454,0.4168471,-4.474314
175.857,-55.60689,0.1402404,0.3717801,0.4186728,-4.474586
175.8824,-55.25725,0.1450245,0.3687668,0.4207073,-4.474859
175.9079,-54.90216,0.1500303,0.3654922,0.4228958,-4.475122
175.9334,-54.54118,0.1553203,0.361955,0.4252383,-4.475376
175.9589,-54.17165,0.1608297,0.3581566,0.4277333,-4.47562
175.9849,-53.78205,0.1666166,0.3540069,0.4304387,-4.47586
176.0109,-53.38095,0.1727463,0.349577,0.4333072,-4.47609
176.0369,-52.96714,0.179313,0.3448599,0.4363437,-4.476309
176.063,-52.53581,0.1862539,0.3398518,0.4395509,-4.476517
176.0892,-52.07771,0.1935606,0.3345076,0.4429581,-4.476715
176.1154,-51.59603,0.2014473,0.3288428,0.4465566,-4.4769
176.1416,-51.08746,0.2100742,0.3228373,0.4503609,-4.477072
176.1678,-50.54235,0.2194053,0.3164755,0.4543833,-4.477231
176.1938,-49.95527,0.2293009,0.3098133,0.4585913,-4.477373
176.2197,-49.31796,0.2402851,0.3027375,0.4630608,-4.477499
176.2456,-48.62087,0.2526746,0.2951991,0.4678281,-4.477608
176.2715,-47.84173,0.2665471,0.2871522,0.472929,-4.477698
176.2967,-46.9805,0.2815247,0.2788149,0.4782336,-4.477764
176.3218,-46.00182,0.2988119,0.269842,0.4839719,-4.477808
176.3469,-44.87621,0.3191332,0.2601159,0.490236,-4.477825
176.372,-43.54491,0.3429561,0.2495163,0.4971283,-4.477811
176.3961,-42.00894,0.3695993,0.2384287,0.5044281,-4.477763
176.4201,-40.16164,0.4017261,0.2261739,0.5126233,-4.477676
176.4441,-37.92045,0.4408586,0.2125359,0.5219573,-4.477539
176.4681,-35.15942,0.4879955,0.1973607,0.5327045,-4.477342
176.4923,-31.77043,0.5447547,0.1804534,0.5452621,-4.47707
176.5165,-27.69427,0.6109164,0.1620801,0.5600391,-4.476707
176.5407,-23.08347,0.6831644,0.1428526,0.5772878,-4.476239
176.5648,-18.4851,0.7553298,0.1238245,0.5968845,-4.475659
176.5778,-16.31034,0.7909055,0.1141645,0.6081425,-4.475305
176.5907,-14.47897,0.8226303,0.1050045,0.6197139,-4.474925
176.6036,-13.09708,0.8496517,0.09642677,0.6313867,-4.474525
176.6165,-12.24613,0.8716651,0.08847669,0.6429411,-4.47411
176.6295,-11.97181,0.8887369,0.08117004,0.6541524,-4.473687
176.6424,-12.26255,0.9010963,0.07450629,0.6648072,-4.473265
176.6553,-13.08195,0.9091078,0.06847436,0.6747312,-4.47285
176.6682,-14.37555,0.9131539,0.06305795,0.6837954,-4.472449
176.682,-16.18863,0.9133378,0.05795148,0.6923927,-4.472044
176.6957,-18.36088,0.9096363,0.05349608,0.6998457,-4.471666
176.7095,-20.80416,0.9022219,0.04966759,0.7061318,-4.47132
176.7233,-23.42675,0.8906577,0.04645859,0.7112524,-4.471009
176.7385,-26.4547,0.8723161,0.04360955,0.7156109,-4.470707
176.7538,-29.53503,0.8481405,0.04148208,0.7186414,-4.470451
176.7691,-32.60882,0.8178027,0.04005101,0.7204281,-4.470243
176.7844,-35.63117,0.7807808,0.0392961,0.7210583,-4.470081
176.7978,-38.22181,0.7427006,0.03917139,0.7207338,-4.469977
176.8112,-40.74594,0.6994738,0.0395332,0.71965,-4.469907
176.8246,-43.19472,0.6512999,0.04037194,0.7178611,-4.469871
176.838,-45.56635,0.5990555,0.04167555,0.715425,-4.469867
176.8514,-47.85846,0.5439594,0.04343461,0.7123975,-4.469894
176.8649,-50.05615,0.4868954,0.0456504,0.7088247,-4.469951
176.8783,-52.14412,0.4291553,0.0483207,0.704756,-4.470037
176.8917,-54.10716,0.3725762,0.05143752,0.7002446,-4.47015
176.905,-55.91879,0.3193098,0.05496727,0.6953749,-4.470288
176.9183,-57.57745,0.2702247,0.05891283,0.6901721,-4.470448
176.9317,-59.07594,0.2263467,0.06325228,0.6846873,-4.47063
176.945,-60.41353,0.1883112,0.0679582,0.6789695,-4.470831
176.9537,-61.20155,0.1667373,0.07120988,0.6751367,-4.470971
176.9624,-61.9259,0.1476614,0.07459408,0.6712361,-4.471117
176.9711,-62.58982,0.1309893,0.07810091,0.6672788,-4.47127
176.9798,-63.19672,0.1165268,0.08172035,0.6632749,-4.471428
176.9885,-63.75032,0.1040286,0.0854424,0.6592335,-4.471591
176.9972,-64.25456,0.09334409,0.08925723,0.6551631,-4.471759
177.0058,-64.71322,0.08429459,0.09315534,0.6510713,-4.471931
177.0145,-65.12978,0.07663375,0.09712761,0.646965,-4.472106
177.0231,-65.50357,0.07018451,0.10112,0.6428963,-4.472283
177.0317,-65.84261,0.06474404,0.1051683,0.6388249,-4.472463
177.0403,-66.14973,0.06018479,0.109265,0.6347558,-4.472646
177.0489,-66.4275,0.05634227,0.1134029,0.6306934,-4.472832
177.0572,-66.6705,0.05316803,0.1174382,0.6267741,-4.473013
177.0656,-66.89026,0.05047412,0.1215001,0.6228679,-4.473197
177.0739,-67.0886,0.04819638,0.1255833,0.618978,-4.473382
177.0822,-67.26718,0.04625568,0.1296828,0.6151068,-4.473568
177.091,-67.43552,0.04450024,0.1340128,0.6110527,-4.473766
177.0997,-67.58521,0.04301221,0.1383506,0.6070247,-4.473966
177.1085,-67.71771,0.04175659,0.1426917,0.6030249,-4.474167
177.1172,-67.83435,0.04068763,0.1470316,0.5990555,-4.474368
177.1269,-67.94576,0.03968076,0.1517992,0.5947266,-4.474591
177.1365,-68.04088,0.03883772,0.1565557,0.5904387,-4.474815
177.1461,-68.12103,0.03813914,0.1612965,0.5861938,-4.47504
177.1558,-68.1874,0.03755629,0.1660177,0.5819936,-4.475265
177.1667,-68.24764,0.03700184,0.1713736,0.5772594,-4.475523
177.1777,-68.29276,0.03656038,0.176694,0.5725873,-4.475782
177.1887,-68.32406,0.03622087,0.1819742,0.5679789,-4.47604
177.1997,-68.34268,0.03596335,0.18721,0.5634357,-4.476299
177.2126,-68.34973,0.03574288,0.1933135,0.5581713,-4.476605
177.2256,-68.34213,0.03561194,0.1993451,0.5530008,-4.47691
177.2385,-68.32121,0.03556367,0.2053,0.5479255,-4.477214
177.2515,-68.28816,0.03558276,0.2111742,0.5429466,-4.477519
177.2672,-68.23317,0.03567866,0.2181969,0.5370286,-4.477888
177.2829,-68.16347,0.0358572,0.2250896,0.5312554,-4.478256
177.2986,-68.08054,0.03611384,0.2318473,0.5256277,-4.478623
177.3143,-67.98567,0.03643517,0.2384663,0.5201461,-4.478988
177.3339,-67.85284,0.036906,0.2464912,0.5135398,-4.47944
177.3534,-67.70523,0.03746677,0.2542919,0.5071589,-4.479889
177.3729,-67.54448,0.03811807,0.2618645,0.5010027,-4.480335
177.3925,-67.37205,0.03884059,0.2692063,0.4950702,-4.480777
177.4142,-67.16737,0.03970038,0.2771237,0.4887125,-4.481266
177.436,-66.95127,0.04065633,0.2847496,0.4826291,-4.481751
177.4578,-66.72512,0.04172581,0.2920829,0.4768169,-4.482231
177.4796,-66.49011,0.04286315,0.2991237,0.4712729,-4.482706
177.4997,-66.26661,0.04393171,0.3053524,0.4663993,-4.483138
177.5198,-66.03725,0.04507825,0.311334,0.4617476,-4.483566
177.5398,-65.80272,0.0463207,0.3170697,0.4573147,-4.48399
177.5599,-65.56359,0.04761675,0.322561,0.4530976,-4.484408
177.5787,-65.33625,0.04884396,0.3274768,0.4493459,-4.484795
177.5975,-65.10581,0.05013385,0.3321818,0.4457774,-4.485177
177.6163,-64.87267,0.05149864,0.3366773,0.4423893,-4.485555
177.635,-64.63715,0.05291076,0.3409652,0.4391788,-4.485929
177.6543,-64.39336,0.05438002,0.3451498,0.4360669,-4.486308
177.6735,-64.14775,0.05591181,0.3491196,0.4331358,-4.486681
177.6928,-63.90063,0.05752014,0.3528767,0.4303822,-4.48705
177.7121,-63.65221,0.05917681,0.3564231,0.4278029,-4.487415
177.7321,-63.39331,0.06091521,0.3598821,0.4253079,-4.487787
177.752,-63.13356,0.06272032,0.363119,0.4229935,-4.488154
177.772,-62.87323,0.06460902,0.3661361,0.4208561,-4.488517
177.792,-62.61242,0.06654852,0.3689361,0.418892,-4.488873
177.8125,-62.3439,0.06855983,0.3715908,0.4170498,-4.489235
177.8331,-62.07528,0.07064154,0.3740211,0.415383,-4.48959
177.8536,-61.80678,0.07281228,0.3762298,0.4138878,-4.48994
177.8742,-61.5384,0.07503635,0.3782196,0.4125603,-4.490285
177.8954,-61.26125,0.07735075,0.380048,0.4113608,-4.490635
177.9166,-60.98449,0.07974068,0.3816486,0.4103318,-4.490979
177.9378,-60.70827,0.08222695,0.3830243,0.4094693,-4.491317
177.959,-60.43246,0.08477077,0.3841781,0.408769,-4.491649
177.9811,-60.14626,0.08743049,0.3851449,0.4082088,-4.491988
178.0031,-59.86062,0.09017404,0.3858786,0.4078147,-4.49232
178.0251,-59.57563,0.09302548,0.3863823,0.4075825,-4.492646
178.0472,-59.29097,0.09594185,0.3866594,0.4075078,-4.492966
178.0701,-58.99475,0.09899723,0.3867109,0.4075922,-4.493292
178.093,-58.69883,0.1021498,0.3865237,0.4078382,-4.49361
178.1159,-58.40327,0.1054283,0.3861008,0.4082416,-4.493922
178.1389,-58.10746,0.1087847,0.3854457,0.4087978,-4.494228
178.1627,-57.79884,0.112305,0.3845224,0.4095335,-4.494538
178.1865,-57.48968,0.1159447,0.3833543,0.4104263,-4.494841
178.2104,-57.17994,0.1197394,0.3819439,0.4114724,-4.495136
178.2342,-56.86865,0.1236353,0.3802951,0.4126676,-4.495423
178.2589,-56.54293,0.1277243,0.3783368,0.4140605,-4.495714
178.2837,-56.21489,0.1319711,0.3761267,0.4156072,-4.495996
178.3084,-55.88439,0.1364215,0.3736661,0.4173054,-4.496271
178.3331,-55.54981,0.1410158,0.3709581,0.4191516,-4.496536
178.3586,-55.19853,0.1458396,0.3679094,0.4212072,-4.496802
178.3841,-54.84164,0.1508889,0.3645985,0.4234175,-4.497058
178.4096,-54.47865,0.156227,0.3610239,0.4257824,-4.497305
178.4351,-54.10686,0.1617893,0.3571867,0.4283006,-4.497543
178.4612,-53.71476,0.1676327,0.3529977,0.4310296,-4.497776
178.4872,-53.31082,0.173826,0.348527,0.4339229,-4.497998
178.5132,-52.89375,0.1804655,0.343767,0.4369854,-4.498209
178.5393,-52.45864,0.1874886,0.3387139,0.4402203,-4.49841
178.5655,-51.9963,0.1948839,0.3333249,0.4436552,-4.4986
178.5917,-51.50964,0.2028738,0.3276123,0.4472837,-4.498777
178.6179,-50.99521,0.2116229,0.3215554,0.4511209,-4.498941
178.6441,-50.44303,0.2210972,0.3151375,0.4551795,-4.499091
178.67,-49.84783,0.2311504,0.3084199,0.4594241,-4.499225
178.6959,-49.20067,0.2423253,0.3012823,0.4639351,-4.499343
178.7218,-48.49154,0.2549487,0.2936738,0.4687502,-4.499443
178.7477,-47.69728,0.2691077,0.2855467,0.4739069,-4.499523
178.7728,-46.81805,0.2844114,0.2771266,0.4792707,-4.49958
178.7979,-45.81672,0.3021075,0.2680561,0.48508,-4.499614
178.823,-44.66233,0.322948,0.2582135,0.4914309,-4.49962
178.8481,-43.29359,0.3474272,0.2474739,0.4984304,-4.499595
178.8721,-41.71111,0.3748573,0.2362262,0.5058573,-4.499536
178.896,-39.80358,0.4079792,0.2237793,0.5142127,-4.499436
178.92,-37.48624,0.4483331,0.2099188,0.523749,-4.499284
178.944,-34.63344,0.4968835,0.194504,0.5347493,-4.49907
178.9683,-31.11693,0.5556826,0.1772333,0.5477213,-4.498778
178.9926,-26.9176,0.6236261,0.1585719,0.562995,-4.49839
179.017,-22.23181,0.6967002,0.1392151,0.5807821,-4.497894
179.0413,-17.68302,0.7682242,0.1202604,0.6008703,-4.497285
179.0538,-15.67617,0.8016338,0.1110398,0.6119275,-4.49693
179.0664,-14.02878,0.8311095,0.1023198,0.6232172,-4.496551
179.0789,-12.83024,0.8559915,0.09416497,0.6345382,-4.496155
179.0915,-12.14569,0.876113,0.08660859,0.6456879,-4.495747
179.104,-12.00654,0.8916144,0.07965999,0.6564638,-4.495333
179.1166,-12.3954,0.9027459,0.07331574,0.6666777,-4.494922
179.1291,-13.27436,0.9098591,0.06756406,0.6761773,-4.494518
179.1417,-14.58999,0.9132822,0.06238989,0.68485,-4.494128
179.1559,-16.5161,0.9128819,0.0572134,0.6935655,-4.493711
179.1701,-18.81006,0.9083619,0.05272725,0.701055,-4.493323
179.1843,-21.3765,0.8999035,0.04890465,0.7073005,-4.49297
179.1985,-24.11574,0.8869546,0.0457391,0.7123091,-4.492654
179.2137,-27.13251,0.867529,0.04307777,0.7163295,-4.492362
179.2288,-30.18625,0.8422607,0.04112051,0.7190626,-4.492115
179.244,-33.22305,0.8108148,0.03984315,0.7205915,-4.491915
179.2591,-36.20371,0.7727705,0.03922475,0.7210029,-4.49176
179.2722,-38.72007,0.7345329,0.03920269,0.720529,-4.491663
179.2853,-41.17181,0.6914404,0.03964204,0.7193417,-4.491598
179.2984,-43.55121,0.6437293,0.0405343,0.7174911,-4.491564
179.3115,-45.85628,0.5922484,0.04186889,0.7150308,-4.491562
179.3246,-48.08416,0.5381546,0.04363764,0.7120122,-4.491589
179.3377,-50.22079,0.4823244,0.04584151,0.7084784,-4.491644
179.3508,-52.25175,0.4259922,0.0484782,0.7044756,-4.491727
179.3639,-54.16268,0.3708547,0.05154028,0.7000534,-4.491836
179.3773,-55.97774,0.3174528,0.05510195,0.695148,-4.491972
179.3907,-57.63795,0.2683201,0.05908277,0.689908,-4.492132
179.4041,-59.1363,0.2244825,0.06346023,0.6843854,-4.492312
179.4175,-60.47227,0.1865608,0.06820629,0.6786297,-4.492512
179.4261,-61.24895,0.165349,0.07144213,0.6748221,-4.492649
179.4348,-61.96319,0.1465885,0.07480768,0.6709487,-4.492793
179.4434,-62.61815,0.1301838,0.07829324,0.6670201,-4.492943
179.452,-63.21721,0.1159434,0.08188904,0.6630461,-4.493098
179.4607,-63.76398,0.1036279,0.08558532,0.6590356,-4.493258
179.4693,-64.26232,0.09308851,0.08937248,0.654997,-4.493423
179.4779,-64.7159,0.08415027,0.09324126,0.6509375,-4.493592
179.4865,-65.12813,0.07657398,0.09718276,0.6468639,-4.493764
179.4951,-65.50122,0.07014016,0.1011765,0.6427944,-4.49394
179.5037,-65.83956,0.06471298,0.105226,0.6387224,-4.494118
179.5123,-66.14602,0.06016505,0.1093236,0.6346528,-4.494299
179.521,-66.42316,0.05633218,0.1134624,0.6305899,-4.494483
179.5293,-66.66557,0.05316573,0.1174987,0.62667,-4.494662
179.5376,-66.88477,0.05047851,0.1215614,0.6227633,-4.494844
179.5459,-67.08257,0.04820651,0.1256453,0.6188729,-4.495027
179.5542,-67.26061,0.04627078,0.1297454,0.6150014,-4.495212
179.563,-67.42846,0.04451935,0.1340773,0.6109456,-4.495409
179.5718,-67.57766,0.04303491,0.1384169,0.606916,-4.495606
179.5805,-67.70968,0.04178253,0.1427596,0.6029148,-4.495805
179.5893,-67.82583,0.04071651,0.147101,0.598944,-4.496005
179.5989,-67.93673,0.0397124,0.1518713,0.5946127,-4.496226
179.6086,-68.03134,0.03887197,0.1566302,0.5903226,-4.496448
179.6182,-68.11098,0.03817589,0.1613734,0.5860756,-4.496671
179.6279,-68.17683,0.03759544,0.1660966,0.5818735,-4.496895
179.6389,-68.23649,0.03704354,0.1714561,0.577136,-4.49715
179.6499,-68.28103,0.03660464,0.1767797,0.5724609,-4.497407
179.6609,-68.31173,0.03626769,0.1820629,0.5678497,-4.497663
179.6719,-68.32974,0.03601277,0.1873014,0.563304,-4.49792
179.6849,-68.33609,0.03579535,0.1934097,0.5580353,-4.498223
179.6978,-68.32776,0.03566757,0.1994456,0.5528608,-4.498526
179.7108,-68.3061,0.03562259,0.2054044,0.547782,-4.498828
179.7237,-68.27229,0.03564508,0.2112819,0.5428,-4.49913
179.7395,-68.21635,0.03574534,0.2183111,0.5368763,-4.499496
179.7553,-68.14569,0.03592848,0.2252093,0.5310981,-4.499862
179.771,-68.06177,0.03618997,0.2319718,0.5254663,-4.500226
179.7868,-67.96589,0.03651639,0.2385947,0.5199811,-4.500588
179.8063,-67.83179,0.03699387,0.2466247,0.5133702,-4.501036
179.8259,-67.68288,0.03756173,0.2544292,0.5069859,-4.501482
179.8455,-67.52083,0.03822069,0.2620043,0.5008275,-4.501924
179.8651,-67.34709,0.03895122,0.2693472,0.4948939,-4.502362
179.8869,-67.14142,0.03981806,0.2772473,0.4885501,-4.502847
179.9087,-66.92438,0.04078132,0.2848553,0.4824805,-4.503326
179.9305,-66.69734,0.04185854,0.2921707,0.4766824,-4.503801
179.9523,-66.46147,0.04300377,0.2991933,0.4711526,-4.50427
179.9723,-66.23745,0.04407851,0.3053989,0.4662968,-4.504698
179.9924,-66.0076,0.04523128,0.3113578,0.4616626,-4.505121
180.0124,-65.77263,0.04647996,0.3170711,0.4572468,-4.505539
180.0325,-65.53309,0.04778236,0.3225404,0.4530464,-4.505952
180.0513,-65.30514,0.0490171,0.3274412,0.4493061,-4.506334
180.0701,-65.07411,0.05031469,0.3321309,0.445749,-4.506712
180.0888,-64.84041,0.05168736,0.3366111,0.4423723,-4.507086
180.1076,-64.60433,0.05310757,0.3408834,0.4391734,-4.507455
180.1269,-64.35985,0.05458623,0.3450545,0.4360715,-4.507829
180.1462,-64.11355,0.05612773,0.3490103,0.4331507,-4.508198
180.1655,-63.86576,0.05774614,0.352753,0.4304077,-4.508563
180.1848,-63.61669,0.05941314,0.3562846,0.4278393,-4.508923
180.2048,-63.35717,0.06116211,0.3597272,0.4253562,-4.50929
180.2248,-63.09682,0.06297811,0.3629474,0.4230539,-4.509653
180.2448,-62.83589,0.06487808,0.3659474,0.4209288,-4.51001
180.2648,-62.57451,0.0668291,0.36873,0.4189773,-4.510363
180.2853,-62.30539,0.06885257,0.3713665,0.4171479,-4.510719
180.3059,-62.03619,0.07094679,0.3737784,0.4154942,-4.51107
180.3264,-61.76712,0.07313044,0.3759682,0.4140123,-4.511415
180.347,-61.49817,0.07536773,0.3779386,0.4126982,-4.511755
180.3682,-61.2204,0.07769636,0.3797471,0.4115126,-4.512099
180.3895,-60.94303,0.08010094,0.3813272,0.4104977,-4.512438
180.4107,-60.6662,0.08260239,0.3826819,0.4096494,-4.512771
180.432,-60.38979,0.08516177,0.3838143,0.4089635,-4.513099
180.454,-60.10292,0.08783817,0.3847585,0.4084184,-4.513432
180.4761,-59.81661,0.09059897,0.3854691,0.4080397,-4.513759
180.4981,-59.53095,0.09346836,0.3859491,0.4078231,-4.51408
180.5202,-59.24562,0.09640322,0.3862021,0.407764,-4.514394
180.5431,-58.94866,0.09947838,0.3862281,0.4078651,-4.514714
180.5661,-58.65197,0.1026516,0.3860147,0.4081278,-4.515027
180.589,-58.35562,0.1059517,0.385565,0.4085482,-4.515334
180.612,-58.059,0.1093306,0.3848827,0.4091216,-4.515633
180.6359,-57.74948,0.1128749,0.3839304,0.4098754,-4.515938
180.6597,-57.43937,0.11654,0.3827327,0.4107865,-4.516234
180.6836,-57.12864,0.1203616,0.3812922,0.4118512,-4.516524
180.7075,-56.81629,0.1242859,0.3796125,0.4130653,-4.516805
180.7322,-56.48939,0.1284052,0.3776218,0.4144779,-4.51709
180.757,-56.16009,0.1326846,0.3753785,0.4160447,-4.517366
180.7817,-55.82821,0.1371703,0.3728838,0.4177633,-4.517634
180.8065,-55.49213,0.1418024,0.370141,0.4196304,-4.517893
180.832,-55.1392,0.1466665,0.3670562,0.4217077,-4.518152
180.8575,-54.78046,0.15176,0.3637081,0.4239401,-4.518401
180.883,-54.41543,0.1571473,0.3600952,0.426328,-4.518642
180.9086,-54.04132,0.1627636,0.3562184,0.4288699,-4.518872
180.9346,-53.64667,0.1686647,0.3519892,0.431623,-4.519098
180.9607,-53.2398,0.1749231,0.3474768,0.4345414,-4.519313
180.9867,-52.8194,0.1816371,0.3426731,0.4376306,-4.519517
181.0128,-52.38039,0.1887445,0.3375739,0.4408937,-4.51971
181.039,-51.91368,0.1962309,0.3321392,0.444357,-4.519892
181.0652,-51.42189,0.204327,0.3263779,0.4480161,-4.520062
181.0914,-50.90139,0.2132018,0.3202683,0.4518868,-4.520218
181.1176,-50.34189,0.222824,0.3137931,0.4559825,-4.52036
181.1435,-49.73828,0.2330402,0.3070186,0.4602647,-4.520485
181.1694,-49.08089,0.2444123,0.2998176,0.4648183,-4.520595
181.1953,-48.35922,0.2572785,0.2921372,0.4696825,-4.520686
181.2212,-47.5492,0.2717351,0.2839276,0.4748968,-4.520757
181.2462,-46.65119,0.2873784,0.2754219,0.4803218,-4.520805
181.2712,-45.62616,0.3055008,0.2662505,0.4862048,-4.520828
181.2963,-44.44161,0.3268831,0.2562872,0.4926458,-4.520824
181.3213,-43.03362,0.3520474,0.2454027,0.4997567,-4.520788
181.3453,-41.40228,0.3803016,0.2339883,0.5073169,-4.520717
181.3692,-39.43152,0.4144632,0.2213419,0.5158402,-4.520603
181.3932,-37.03456,0.4560847,0.2072522,0.5255887,-4.520437
181.4171,-34.08701,0.5060827,0.1915949,0.5368534,-4.520207
181.4416,-30.43592,0.5670214,0.173942,0.5502741,-4.519892
181.4661,-26.11306,0.6367464,0.1549891,0.5660812,-4.519478
181.4906,-21.36442,0.710489,0.1355172,0.5844359,-4.518953
181.515,-16.89226,0.7810907,0.1166585,0.605026,-4.518314
181.5273,-15.05674,0.8123784,0.1078452,0.6159072,-4.517956
181.5395,-13.59568,0.8396708,0.09953225,0.6269434,-4.517578
181.5517,-12.58311,0.8624789,0.09176941,0.6379433,-4.517185
181.564,-12.06942,0.8807541,0.08458005,0.6487197,-4.516783
181.5762,-12.07334,0.8946967,0.07796817,0.6590896,-4.516377
181.5885,-12.57194,0.9045726,0.07192789,0.6688865,-4.515975
181.6007,-13.52552,0.9107192,0.06644683,0.6779776,-4.515582
181.6129,-14.88108,0.9134163,0.06151092,0.686265,-4.515202
181.6278,-16.96336,0.9121644,0.05624677,0.6951254,-4.514769
181.6426,-19.4237,0.9064617,0.05172784,0.7026454,-4.514369
181.6574,-22.15685,0.8965059,0.04792335,0.7088143,-4.514008
181.6722,-25.05182,0.8815594,0.04482853,0.7136481,-4.513688
181.6872,-28.05128,0.8606311,0.04241194,0.7172289,-4.51341
181.7022,-31.06922,0.8338455,0.04067762,0.7195741,-4.513177
181.7172,-34.05792,0.8008672,0.0396025,0.7207654,-4.512988
181.7322,-36.98508,0.7614056,0.03916509,0.7208883,-4.512844
181.7447,-39.38008,0.7233788,0.03927262,0.7202327,-4.512757
181.7573,-41.71436,0.6809679,0.03980138,0.7189345,-4.5127
181.7699,-43.98164,0.6344452,0.04074433,0.7170375,-4.512671
181.7824,-46.17968,0.5845884,0.04209294,0.7145879,-4.512671
181.795,-48.30516,0.5324322,0.04384072,0.7116307,-4.512697
181.8075,-50.34565,0.4788102,0.04598812,0.7082043,-4.51275
181.8201,-52.28831,0.4248425,0.0485329,0.7043496,-4.512828
181.8327,-54.12034,0.372004,0.05146863,0.7001102,-4.51293
181.8462,-55.95221,0.3181124,0.05505232,0.6951712,-4.513064
181.8597,-57.62687,0.2685444,0.0590622,0.6898915,-4.513221
181.8732,-59.13703,0.2243514,0.06347525,0.6843242,-4.513401
181.8867,-60.48219,0.1861718,0.06826271,0.6785202,-4.513599
181.8954,-61.2587,0.1649752,0.07150661,0.6747049,-4.513735
181.904,-61.9726,0.1462362,0.07488043,0.6708237,-4.513878
181.9127,-62.62711,0.1298575,0.0783744,0.6668874,-4.514026
181.9213,-63.2256,0.115646,0.08197871,0.6629058,-4.51418
181.9299,-63.77172,0.1033599,0.08568353,0.6588879,-4.514338
181.9386,-64.26934,0.09285026,0.08947923,0.6548419,-4.514502
181.9472,-64.72216,0.08394122,0.09335651,0.6507752,-4.514669
181.9559,-65.13359,0.07639259,0.09730642,0.6466946,-4.51484
181.9645,-65.50504,0.06999756,0.1012992,0.6426276,-4.515014
181.9731,-65.84189,0.06460277,0.1053475,0.6385582,-4.51519
181.9817,-66.14697,0.06008153,0.1094435,0.6344914,-4.515369
181.9903,-66.42284,0.05627073,0.1135803,0.6304315,-4.515551
181.9986,-66.66435,0.05311921,0.1176185,0.6265106,-4.515729
182.0069,-66.88269,0.05044476,0.121683,0.6226031,-4.515909
182.0153,-67.07966,0.04818365,0.1257684,0.618712,-4.516091
182.0236,-67.25691,0.04625726,0.1298697,0.6148399,-4.516274
182.0324,-67.42403,0.04451356,0.1342048,0.6107818,-4.516469
182.0411,-67.57252,0.04303589,0.1385475,0.60675,-4.516665
182.0499,-67.70383,0.04178946,0.142893,0.6027467,-4.516862
182.0587,-67.8193,0.04072873,0.147237,0.5987741,-4.51706
182.0684,-67.92951,0.03972946,0.1520118,0.5944391,-4.51728
182.078,-68.02342,0.03889345,0.156775,0.5901455,-4.5175
182.0877,-68.10237,0.03820145,0.1615221,0.5858954,-4.517721
182.0973,-68.16753,0.03762483,0.1662491,0.5816903,-4.517943
182.1084,-68.22643,0.03707685,0.1716146,0.5769478,-4.518197
182.1194,-68.2702,0.03664174,0.1769438,0.5722681,-4.518451
182.1304,-68.30012,0.0363085,0.1822322,0.5676526,-4.518706
182.1414,-68.31737,0.03605723,0.1874756,0.563103,-4.518961
182.1544,-68.32279,0.035844,0.1935917,0.5578277,-4.519261
182.1674,-68.31353,0.03572047,0.1996348,0.5526473,-4.519562
182.1804,-68.29093,0.03567982,0.2056002,0.5475631,-4.519862
182.1934,-68.25617,0.03570671,0.2114836,0.5425762,-4.520162
182.2092,-68.19904,0.03581253,0.2185228,0.5366442,-4.520526
182.225,-68.12716,0.03600149,0.22543,0.5308588,-4.520889
182.2408,-68.04201,0.03626905,0.2322004,0.5252205,-4.52125
182.2566,-67.94489,0.03660177,0.2388301,0.51973,-4.52161
182.2763,-67.80921,0.03708737,0.2468681,0.5131128,-4.522055
182.2959,-67.65871,0.03766385,0.2546788,0.5067237,-4.522497
182.3155,-67.49507,0.03833208,0.2622585,0.5005619,-4.522936
182.3352,-67.31974,0.03907224,0.2696043,0.4946264,-4.523371
182.357,-67.11294,0.0399471,0.2774821,0.4883008,-4.523851
182.3788,-66.89485,0.0409186,0.2850677,0.4822496,-4.524325
182.4006,-66.66683,0.04200448,0.2923604,0.4764698,-4.524795
182.4224,-66.43004,0.04315845,0.2993601,0.4709583,-4.525259
182.4424,-66.20549,0.04423981,0.3055371,0.4661252,-4.525681
182.4625,-65.97517,0.04539916,0.3114679,0.461513,-4.526098
182.4825,-65.73978,0.04665429,0.3171537,0.4571188,-4.526511
182.5025,-65.49988,0.04796326,0.3225958,0.4529394,-4.526919
182.5213,-65.27129,0.04920615,0.3274787,0.449213,-4.527297
182.5401,-65.03965,0.05051204,0.3321502,0.4456698,-4.52767
182.5589,-64.80536,0.05189317,0.3366121,0.4423072,-4.52804
182.5777,-64.56872,0.05332202,0.340866,0.4391222,-4.528404
182.597,-64.32349,0.05481092,0.3450213,0.4360323,-4.528774
182.6163,-64.07645,0.05636296,0.3489609,0.4331238,-4.529139
182.6356,-63.82795,0.05799232,0.3526868,0.4303934,-4.529499
182.6549,-63.57819,0.05967052,0.3562013,0.4278379,-4.529854
182.6749,-63.31802,0.06143087,0.3596249,0.4253689,-4.530218
182.6949,-63.05704,0.06325856,0.3628258,0.4230809,-4.530576
182.715,-62.79551,0.0651706,0.3658061,0.4209702,-4.530928
182.735,-62.53353,0.06713397,0.3685686,0.4190333,-4.531276
182.7556,-62.2638,0.06917046,0.3711844,0.417219,-4.531627
182.7761,-61.99399,0.07127803,0.373575,0.4155805,-4.531973
182.7967,-61.72433,0.07347547,0.3757432,0.414114,-4.532314
182.8173,-61.4548,0.07572686,0.3776918,0.4128154,-4.532648
182.8386,-61.17639,0.07807068,0.3794774,0.4116457,-4.532988
182.8598,-60.89839,0.08049089,0.3810343,0.4106469,-4.533322
182.8811,-60.62094,0.08300852,0.3823653,0.4098149,-4.533651
182.9024,-60.3439,0.08558448,0.3834736,0.4091455,-4.533973
182.9244,-60.05635,0.08827865,0.3843923,0.4086176,-4.534301
182.9465,-59.76935,0.09105781,0.3850769,0.4082563,-4.534623
182.9686,-59.483,0.09394633,0.3855305,0.4080572,-4.534938
182.9907,-59.19696,0.09690089,0.3857565,0.4080159,-4.535247
183.0137,-58.89922,0.09999711,0.3857538,0.4081356,-4.535562
183.0367,-58.60175,0.1031923,0.3855112,0.4084171,-4.535869
183.0597,-58.30458,0.1065154,0.3850317,0.4088565,-4.53617
183.0826,-58.00711,0.1099183,0.3843191,0.4094491,-4.536464
183.1065,-57.69665,0.1134881,0.3833347,0.4102231,-4.536763
183.1304,-57.38555,0.1171803,0.3821043,0.4111545,-4.537054
183.1543,-57.07377,0.1210306,0.3806303,0.4122399,-4.537337
183.1782,-56.76029,0.1249852,0.3789166,0.4134748,-4.537613
183.203,-56.43216,0.1291369,0.37689,0.4149092,-4.537891
183.2278,-56.10152,0.1334509,0.3746101,0.4164982,-4.538161
183.2526,-55.76819,0.1379743,0.3720781,0.4182393,-4.538422
183.2774,-55.4305,0.1426469,0.369297,0.4201294,-4.538675
183.3029,-55.0758,0.1475541,0.3661726,0.4222304,-4.538928
183.3285,-54.7151,0.152695,0.3627839,0.4244871,-4.53917
183.354,-54.34788,0.158135,0.3591291,0.4268999,-4.539404
183.3796,-53.97129,0.1638094,0.3552091,0.4294678,-4.539628
183.4056,-53.57388,0.1697724,0.3509362,0.432247,-4.539846
183.4317,-53.16387,0.1761009,0.3463783,0.4351929,-4.540054
183.4578,-52.73986,0.1828951,0.341527,0.438311,-4.540251
183.4838,-52.29664,0.1900937,0.3363778,0.4416048,-4.540436
183.51,-51.8252,0.1976784,0.3308936,0.4450986,-4.540611
183.5362,-51.32783,0.2058896,0.3250794,0.4487909,-4.540773
183.5624,-50.80075,0.2149008,0.3189126,0.452698,-4.540921
183.5887,-50.23326,0.2246839,0.3123752,0.456834,-4.541055
183.6145,-49.62045,0.2350774,0.3055391,0.4611568,-4.541172
183.6404,-48.95186,0.2466647,0.2982692,0.4657566,-4.541272
183.6662,-48.21646,0.2597962,0.2905106,0.4706744,-4.541354
183.6921,-47.38911,0.274579,0.2822111,0.4759513,-4.541416
183.7171,-46.47041,0.290595,0.2736121,0.4814431,-4.541454
183.7421,-45.41922,0.3091862,0.2643305,0.4874066,-4.541468
183.7671,-44.20134,0.3311647,0.2542352,0.4939464,-4.541453
183.7921,-42.74992,0.3570834,0.2431923,0.5011798,-4.541405
183.816,-41.06443,0.3862477,0.2315945,0.5088873,-4.541322
183.8399,-39.02362,0.4215548,0.2187297,0.5175966,-4.541195
183.8638,-36.53892,0.4645621,0.2043912,0.5275798,-4.541013
183.8877,-33.48848,0.5161181,0.1884761,0.539136,-4.540766
183.9123,-29.69958,0.5791941,0.1704578,0.553024,-4.540427
183.9369,-25.26353,0.6505209,0.1512579,0.5693729,-4.539986
183.9616,-20.48207,0.724554,0.1317404,0.5882799,-4.539431
183.9862,-16.13009,0.7937492,0.1130514,0.6093217,-4.538764
183.9982,-14.468,0.8229829,0.1046067,0.6200571,-4.538403
184.0101,-13.19488,0.8481765,0.09666251,0.6308732,-4.538024
184.0221,-12.37062,0.868991,0.08925618,0.6415872,-4.537633
184.0341,-12.03228,0.8854766,0.08240306,0.6520253,-4.537235
184.0461,-12.18722,0.8978804,0.07610286,0.6620215,-4.536836
184.0581,-12.80726,0.9064796,0.07034762,0.671428,-4.536441
184.0701,-13.85054,0.9115961,0.06512444,0.6801289,-4.536057
184.0821,-15.26397,0.9134644,0.06042005,0.6880398,-4.535687
184.0978,-17.56496,0.9109756,0.05502713,0.6971085,-4.535233
184.1135,-20.25843,0.9035338,0.05046203,0.7046657,-4.534817
184.1292,-23.22461,0.8913778,0.04668716,0.710714,-4.534446
184.1449,-26.33489,0.8734388,0.04370135,0.715283,-4.534123
184.1597,-29.30493,0.8504044,0.04160427,0.718294,-4.533864
184.1744,-32.27234,0.8214996,0.040162,0.7201356,-4.533649
184.1892,-35.19694,0.7864028,0.03935286,0.7208873,-4.533477
184.204,-38.05433,0.7449917,0.03915511,0.7206323,-4.533349
184.2146,-40.06026,0.7114184,0.03937834,0.7198742,-4.533282
184.2253,-42.02192,0.6747892,0.03990047,0.7186665,-4.533237
184.2359,-43.93607,0.6353224,0.04071719,0.7170356,-4.533212
184.2465,-45.80093,0.5934559,0.04182398,0.7150091,-4.533207
184.2571,-47.6141,0.5497571,0.04321739,0.7126135,-4.533221
184.2678,-49.36913,0.5047526,0.04489694,0.7098728,-4.533255
184.2784,-51.05891,0.4591093,0.04686131,0.7068117,-4.533307
184.289,-52.67597,0.4136609,0.04910772,0.703456,-4.533376
184.3029,-54.65978,0.3562213,0.05245053,0.6986864,-4.533492
184.3167,-56.48802,0.3022467,0.05625327,0.6935189,-4.533634
184.3305,-58.14819,0.2530969,0.06049626,0.6880114,-4.5338
184.3444,-59.6351,0.2098824,0.06515257,0.6822204,-4.533988
184.354,-60.56418,0.1837422,0.06860314,0.6780712,-4.534129
184.3636,-61.41346,0.160697,0.07222378,0.6738285,-4.534279
184.3731,-62.18667,0.1406847,0.07600149,0.6695078,-4.534437
184.3827,-62.88803,0.1234761,0.07992299,0.6651234,-4.534602
184.3923,-63.52237,0.1087467,0.0839748,0.6606881,-4.534773
184.4019,-64.09503,0.09632292,0.08814362,0.6562139,-4.53495
184.4115,-64.61111,0.08598072,0.09241659,0.6517112,-4.535133
184.4211,-65.07528,0.0773679,0.09678141,0.6471894,-4.53532
184.4297,-65.4508,0.0708343,0.1007612,0.6431282,-4.535491
184.4383,-65.79141,0.0653206,0.1047971,0.639064,-4.535665
184.4469,-66.09997,0.0606982,0.1088817,0.6350018,-4.535842
184.4554,-66.37905,0.05680166,0.1130078,0.6309459,-4.536021
184.4638,-66.62366,0.05357667,0.1170403,0.6270246,-4.536197
184.4721,-66.84484,0.05084042,0.1210997,0.6231164,-4.536375
184.4804,-67.04442,0.04852762,0.1251806,0.6192242,-4.536555
184.4888,-67.22406,0.04655779,0.1292782,0.6153507,-4.536736
184.4975,-67.39313,0.0447792,0.1335998,0.6113,-4.536928
184.5063,-67.54345,0.04327186,0.1379296,0.6072753,-4.537122
184.515,-67.67649,0.04200022,0.1422628,0.6032787,-4.537317
184.5238,-67.79358,0.0409179,0.146595,0.5993124,-4.537513
184.5334,-67.90534,0.03989929,0.1513518,0.5949889,-4.537729
184.543,-68.00076,0.03904659,0.1560978,0.5907063,-4.537946
184.5527,-68.08114,0.03834015,0.1608282,0.5864665,-4.538165
184.5623,-68.14768,0.03775087,0.1655391,0.5822714,-4.538383
184.5733,-68.20802,0.03719069,0.1708816,0.5775445,-4.538634
184.5843,-68.2532,0.03674474,0.1761886,0.5728796,-4.538884
184.5952,-68.2845,0.03640177,0.1814556,0.5682782,-4.539136
184.6062,-68.30309,0.03614167,0.1866785,0.5637419,-4.539387
184.6191,-68.31005,0.03591908,0.1927663,0.558486,-4.539683
184.6321,-68.30231,0.03578685,0.1987823,0.5533238,-4.539979
184.645,-68.28121,0.03573804,0.204722,0.5482567,-4.540275
184.6579,-68.24793,0.0357572,0.2105811,0.5432858,-4.540571
184.6736,-68.19262,0.03585394,0.217587,0.5373762,-4.540929
184.6893,-68.12255,0.03603404,0.224463,0.5316113,-4.541286
184.705,-68.03919,0.03629288,0.2312044,0.5259918,-4.541642
184.7207,-67.94386,0.036617,0.2378072,0.5205182,-4.541997
184.7403,-67.8103,0.03709246,0.2458183,0.5139167,-4.542435
184.7598,-67.66189,0.03765871,0.2536051,0.5075409,-4.542871
184.7793,-67.50029,0.03831627,0.2611637,0.50139,-4.543303
184.7988,-67.32696,0.03904582,0.2684913,0.495463,-4.543733
184.8207,-67.12096,0.03991543,0.2764028,0.4891038,-4.544208
184.8425,-66.90347,0.0408823,0.2840216,0.4830198,-4.544678
184.8643,-66.67589,0.04196384,0.2913468,0.4772082,-4.545144
184.8861,-66.43939,0.04311419,0.2983785,0.4716659,-4.545605
184.9062,-66.21446,0.04419556,0.3045988,0.4667939,-4.546024
184.9263,-65.98364,0.04535579,0.3105711,0.4621447,-4.546439
184.9464,-65.74764,0.04661292,0.3162964,0.4577154,-4.546849
184.9665,-65.50704,0.0479244,0.3217763,0.4535028,-4.547254
184.9853,-65.2783,0.04916658,0.3266808,0.449756,-4.547629
185.0041,-65.04646,0.05047218,0.3313734,0.4461932,-4.547999
185.0229,-64.81192,0.05185349,0.3358557,0.4428116,-4.548365
185.0418,-64.57501,0.05328279,0.3401295,0.4396084,-4.548726
185.061,-64.32982,0.05477006,0.3442984,0.4365049,-4.549092
185.0803,-64.08281,0.05632061,0.3482516,0.433583,-4.549453
185.0996,-63.8343,0.05794855,0.3519912,0.4308394,-4.549809
185.1189,-63.58451,0.05962547,0.3555192,0.4282708,-4.55016
185.1389,-63.32421,0.06138537,0.3589581,0.4257876,-4.550519
185.1589,-63.06306,0.06321277,0.362174,0.4234858,-4.550873
185.1789,-62.80135,0.06512464,0.3651692,0.4213616,-4.551222
185.1989,-62.53919,0.06708801,0.3679463,0.4194116,-4.551565
185.2195,-62.26922,0.06912484,0.370577,0.417584,-4.551913
185.2401,-61.99917,0.07123291,0.3729823,0.4159326,-4.552254
185.2607,-61.72926,0.07343101,0.3751648,0.4144536,-4.552591
185.2813,-61.45947,0.07568323,0.3771275,0.4131429,-4.552921
185.3025,-61.18082,0.07802782,0.3789272,0.4119612,-4.553257
185.3238,-60.90256,0.08044895,0.3804979,0.4109509,-4.553587
185.345,-60.62485,0.08296763,0.3818424,0.4101077,-4.55391
185.3663,-60.34755,0.08554479,0.382964,0.4094274,-4.554228
185.3884,-60.05975,0.08824028,0.3838961,0.4088887,-4.554552
185.4104,-59.77248,0.0910209,0.384594,0.4085168,-4.554869
185.4325,-59.48587,0.09391098,0.3850605,0.4083076,-4.55518
185.4546,-59.19957,0.09686722,0.3852991,0.4082565,-4.555484
185.4776,-58.90156,0.09996543,0.3853093,0.4083664,-4.555794
185.5005,-58.60381,0.1031627,0.3850794,0.4086386,-4.556097
185.5235,-58.30637,0.1064881,0.3846122,0.409069,-4.556393
185.5465,-58.00863,0.1098932,0.3839116,0.4096529,-4.556683
185.5704,-57.69789,0.1134658,0.3829393,0.4104183,-4.556976
185.5943,-57.3865,0.1171608,0.3817206,0.4113416,-4.557262
185.6182,-57.07444,0.1210141,0.3802581,0.4124192,-4.557541
185.6421,-56.76069,0.1249717,0.3785555,0.4136467,-4.557812
185.6668,-56.43227,0.1291269,0.37654,0.4150739,-4.558085
185.6916,-56.10133,0.1334446,0.3742708,0.416656,-4.558349
185.7164,-55.76771,0.1379718,0.3717491,0.4183908,-4.558606
185.7412,-55.42974,0.1426483,0.3689779,0.4202748,-4.558854
185.7667,-55.07473,0.1475602,0.3658631,0.4223701,-4.559101
185.7923,-54.71371,0.152706,0.3624836,0.4246215,-4.559338
185.8178,-54.34617,0.1581509,0.3588376,0.4270294,-4.559567
185.8433,-53.96927,0.1638305,0.354926,0.4295927,-4.559785
185.8694,-53.57151,0.1697996,0.3506609,0.4323679,-4.559998
185.8955,-53.16114,0.1761346,0.3461103,0.4353102,-4.560201
185.9215,-52.73677,0.1829356,0.3412659,0.438425,-4.560392
185.9476,-52.29317,0.1901414,0.3361231,0.4417159,-4.560572
185.9738,-51.82131,0.1977344,0.3306446,0.4452075,-4.560742
186,-51.32349,0.2059546,0.3248355,0.448898,-4.560898
186.0262,-50.79593,0.2149757,0.3186734,0.4528036,-4.561041
186.0524,-50.22793,0.2247695,0.3121402,0.4569385,-4.561169
186.0783,-49.61455,0.2351753,0.3053075,0.4612609,-4.561281
186.1041,-48.94532,0.2467764,0.2980404,0.4658607,-4.561376
186.13,-48.20919,0.2599236,0.2902841,0.4707791,-4.561453
186.1559,-47.38102,0.2747243,0.2819863,0.476057,-4.561509
186.1808,-46.46137,0.2907603,0.2733883,0.4815506,-4.561542
186.2058,-45.40908,0.3093751,0.264107,0.4875164,-4.561551
186.2308,-44.18989,0.3313814,0.2540114,0.4940594,-4.561531
186.2558,-42.7369,0.357333,0.2429674,0.5012969,-4.561477
186.2797,-41.0496,0.3865339,0.231368,0.5090094,-4.561389
186.3037,-39.00667,0.4218835,0.2185012,0.5177249,-4.561257
186.3276,-36.51967,0.464937,0.2041611,0.5277156,-4.56107
186.3515,-33.4671,0.5165369,0.188246,0.5392806,-4.560817
186.3761,-29.67721,0.579631,0.1702345,0.553176,-4.560473
186.4007,-25.24345,0.6509387,0.1510487,0.5695302,-4.560027
186.4253,-20.46939,0.7249073,0.1315534,0.5884374,-4.559466
186.4499,-16.12911,0.793991,0.1128916,0.6094705,-4.558794
186.4619,-14.47227,0.8231834,0.1044531,0.6202076,-4.55843
186.4739,-13.20541,0.8483301,0.09651581,0.6310229,-4.558049
186.4859,-12.38808,0.8690946,0.08911691,0.6417337,-4.557655
186.4979,-12.057,0.8855292,0.08227158,0.6521661,-4.557254
186.5099,-12.21914,0.8978821,0.07597944,0.6621539,-4.556853
186.5219,-12.84602,0.906431,0.0702325,0.6715499,-4.556456
186.5339,-13.89558,0.9114976,0.06501779,0.6802385,-4.55607
186.5459,-15.31449,0.9133145,0.06032207,0.6881354,-4.555698
186.5617,-17.63251,0.9107202,0.05491874,0.6972212,-4.555239
186.5775,-20.34451,0.9031224,0.05035086,0.7047803,-4.554819
186.5933,-23.32941,0.8907648,0.04658018,0.7108165,-4.554444
186.6091,-26.45695,0.872546,0.04360591,0.7153606,-4.554118
186.6238,-29.42264,0.8493204,0.04153724,0.7183232,-4.553858
186.6386,-32.38425,0.8202233,0.04012101,0.720122,-4.553642
186.6534,-35.30219,0.7849358,0.03933568,0.7208365,-4.553469
186.6681,-38.15265,0.7433505,0.03915952,0.7205493,-4.553339
186.6784,-40.09027,0.7107909,0.03938477,0.719803,-4.553273
186.6887,-41.98651,0.6753795,0.03988936,0.7186367,-4.553227
186.699,-43.8385,0.6373172,0.04066932,0.7170744,-4.5532
186.7092,-45.6446,0.5969909,0.04172061,0.7151409,-4.553192
186.7195,-47.40263,0.5549005,0.04304012,0.7128602,-4.553203
186.7298,-49.107,0.5115187,0.04462727,0.710254,-4.553231
186.7401,-50.75145,0.4674407,0.04648088,0.7073447,-4.553276
186.7504,-52.32933,0.4234075,0.04859861,0.7041557,-4.553338
186.7643,-54.34442,0.3653544,0.05187721,0.6994394,-4.553446
186.7782,-56.20531,0.3105199,0.05562186,0.6943126,-4.553582
186.7921,-57.89835,0.2603238,0.05981385,0.6888338,-4.553742
186.806,-59.41721,0.2159843,0.06442691,0.6830606,-4.553925
186.8157,-60.38296,0.1886392,0.06791308,0.6788455,-4.554065
186.8255,-61.26487,0.1645295,0.07157917,0.6745295,-4.554215
186.8353,-62.06672,0.1436088,0.07541142,0.6701295,-4.554373
186.8451,-62.7929,0.1256449,0.07939572,0.6656608,-4.554539
186.8549,-63.44846,0.1102961,0.08351772,0.6611374,-4.554711
186.8647,-64.03911,0.09738515,0.08776319,0.656572,-4.554889
186.8745,-64.57031,0.08667805,0.09211841,0.651976,-4.555073
186.8843,-65.04702,0.07779331,0.09657021,0.6473596,-4.555261
186.8929,-65.42451,0.07119596,0.1005494,0.6432958,-4.555431
186.9015,-65.76689,0.06562873,0.1045852,0.6392289,-4.555603
186.9101,-66.07702,0.06096193,0.1086701,0.6351636,-4.555778
186.9187,-66.3575,0.05702854,0.1127968,0.6311046,-4.555956
186.927,-66.60313,0.05377606,0.1168269,0.6271832,-4.55613
186.9354,-66.82523,0.0510167,0.1208842,0.6232748,-4.556307
186.9437,-67.02564,0.04868458,0.1249632,0.6193822,-4.556485
186.952,-67.20603,0.04669855,0.129059,0.6155083,-4.556664
186.9608,-67.37569,0.04490672,0.1333761,0.6114598,-4.556854
186.9695,-67.52656,0.04338822,0.1377015,0.6074371,-4.557046
186.9783,-67.66009,0.04210719,0.1420305,0.6034425,-4.557239
186.9871,-67.77764,0.04101694,0.1463586,0.5994779,-4.557433
186.9967,-67.88982,0.03999132,0.1511093,0.5951581,-4.557647
187.0063,-67.98561,0.0391327,0.1558491,0.590879,-4.557862
187.0159,-68.06635,0.03842126,0.1605737,0.5866426,-4.558078
187.0255,-68.13321,0.03782772,0.1652789,0.5824506,-4.558294
187.0365,-68.19388,0.03726356,0.1706133,0.5777288,-4.558542
187.0475,-68.23936,0.03681422,0.1759126,0.5730686,-4.55879
187.0584,-68.27095,0.03646837,0.1811721,0.5684718,-4.559039
187.0694,-68.28979,0.0362058,0.1863877,0.5639399,-4.559288
187.0823,-68.29704,0.03598076,0.1924658,0.5586901,-4.559581
187.0952,-68.28957,0.03584643,0.1984726,0.5535337,-4.559874
187.1081,-68.26873,0.03579583,0.2044032,0.5484721,-4.560166
187.121,-68.23569,0.03581345,0.2102536,0.5435064,-4.560459
187.1367,-68.18066,0.03590857,0.2172486,0.5376036,-4.560813
187.1524,-68.11085,0.03608729,0.2241142,0.531845,-4.561167
187.1681,-68.02775,0.03634495,0.2308456,0.5262315,-4.561519
187.1838,-67.93266,0.03666807,0.2374388,0.5207634,-4.56187
187.2033,-67.79935,0.03714268,0.2454408,0.5141666,-4.562304
187.2228,-67.65115,0.03770828,0.253219,0.5077949,-4.562735
187.2423,-67.48975,0.03836531,0.2607697,0.5016478,-4.563163
187.2618,-67.3166,0.03909454,0.2680898,0.4957243,-4.563587
187.2836,-67.11043,0.0399656,0.2760061,0.4893583,-4.564058
187.3054,-66.89272,0.04093431,0.2836294,0.483268,-4.564524
187.3273,-66.66487,0.04201805,0.2909589,0.4774505,-4.564986
187.3491,-66.42806,0.04317098,0.2979943,0.4719027,-4.565442
187.3692,-66.20269,0.04425566,0.3042211,0.4670235,-4.565858
187.3894,-65.9714,0.04541959,0.3101992,0.4623677,-4.566269
187.4095,-65.73491,0.0466809,0.3159298,0.4579324,-4.566675
187.4296,-65.49379,0.04799688,0.3214143,0.4537144,-4.567076
187.4484,-65.26466,0.04924278,0.3263201,0.4499649,-4.567447
187.4672,-65.03243,0.05055238,0.3310138,0.4463997,-4.567814
187.486,-64.79749,0.051938,0.3354967,0.4430161,-4.568175
187.5049,-64.56017,0.05337183,0.3397708,0.4398112,-4.568533
187.5242,-64.31463,0.05486343,0.3439383,0.4367074,-4.568895
187.5434,-64.06727,0.05641851,0.3478899,0.4337853,-4.569252
187.5627,-63.81841,0.05805122,0.3516277,0.4310417,-4.569604
187.582,-63.56827,0.05973311,0.3551536,0.4284734,-4.569951
187.6021,-63.30758,0.06149845,0.3585903,0.4259906,-4.570306
187.6221,-63.04605,0.06333152,0.3618037,0.4236893,-4.570656
187.6421,-62.78396,0.06524934,0.3647961,0.4215661,-4.571
187.6621,-62.52141,0.06721885,0.3675701,0.4196171,-4.571339
187.6827,-62.25103,0.06926231,0.3701976,0.4177907,-4.571682
187.7033,-61.98057,0.07137727,0.3725993,0.4161409,-4.57202
187.7239,-61.71025,0.07358255,0.374778,0.4146637,-4.572352
187.7444,-61.44006,0.07584218,0.3767363,0.413355,-4.572678
187.7657,-61.16097,0.0781947,0.3785314,0.4121756,-4.573009
187.787,-60.88228,0.08062404,0.3800971,0.4111679,-4.573334
187.8082,-60.60415,0.08315127,0.3814363,0.4103276,-4.573653
187.8295,-60.32642,0.08573725,0.3825521,0.4096504,-4.573967
187.8516,-60.03815,0.08844221,0.383478,0.4091151,-4.574286
187.8737,-59.75043,0.09123266,0.3841691,0.408747,-4.574598
187.8958,-59.46335,0.09413299,0.3846286,0.4085418,-4.574904
187.9179,-59.17658,0.09709983,0.3848598,0.4084949,-4.575204
187.9408,-58.87806,0.1002095,0.3848619,0.4086095,-4.575509
187.9638,-58.57979,0.1034186,0.3846234,0.4088867,-4.575807
187.9868,-58.28182,0.1067565,0.3841472,0.4093223,-4.576099
188.0098,-57.98353,0.1101747,0.3834372,0.4099117,-4.576383
188.0337,-57.67219,0.1137613,0.3824547,0.4106831,-4.576671
188.0576,-57.36018,0.1174711,0.3812253,0.4116127,-4.576952
188.0815,-57.04748,0.1213401,0.3797517,0.4126969,-4.577225
188.1054,-56.73304,0.1253142,0.3780374,0.4139314,-4.577491
188.1302,-56.40386,0.1294872,0.3760093,0.415366,-4.577759
188.155,-56.07213,0.133824,0.373727,0.416956,-4.578018
188.1798,-55.73765,0.1383718,0.3711916,0.4186989,-4.578269
188.2046,-55.39874,0.1430703,0.3684061,0.4205915,-4.578511
188.2301,-55.0427,0.148006,0.3652762,0.4226959,-4.578753
188.2557,-54.68056,0.1531776,0.3618809,0.4249569,-4.578984
188.2812,-54.31178,0.1586513,0.3582183,0.427375,-4.579207
188.3068,-53.93349,0.1643623,0.3542892,0.429949,-4.57942
188.3329,-53.53419,0.1703653,0.3500061,0.4327354,-4.579627
188.3589,-53.12208,0.1767384,0.3454364,0.4356895,-4.579823
188.385,-52.69573,0.1835828,0.3405717,0.4388172,-4.580008
188.4111,-52.24984,0.1908378,0.3354071,0.442122,-4.580182
188.4373,-51.77541,0.1984841,0.3299066,0.4456279,-4.580345
188.4635,-51.27458,0.2067663,0.3240738,0.449334,-4.580495
188.4897,-50.74348,0.2158606,0.3178855,0.453257,-4.580632
188.5159,-50.17122,0.2257405,0.3113233,0.4574116,-4.580754
188.5417,-49.55293,0.2362413,0.3044616,0.4617541,-4.580859
188.5676,-48.87775,0.2479574,0.2971616,0.4663771,-4.580947
188.5934,-48.13434,0.2612459,0.2893674,0.4713225,-4.581017
188.6193,-47.29702,0.2762199,0.2810255,0.4766324,-4.581066
188.6442,-46.36645,0.292454,0.2723813,0.4821604,-4.581092
188.6692,-45.30037,0.3113172,0.263045,0.4881679,-4.581093
188.6942,-44.06366,0.3336386,0.2528831,0.4947621,-4.581065
188.7192,-42.58789,0.3599875,0.2417592,0.5020634,-4.581003
188.7431,-40.87225,0.3896672,0.230067,0.5098531,-4.580907
188.767,-38.79281,0.4256156,0.2170898,0.5186659,-4.580765
188.7908,-36.2605,0.4693856,0.2026256,0.5287792,-4.580568
188.8147,-33.15584,0.5217752,0.1865853,0.5404954,-4.580304
188.8393,-29.31845,0.58553,0.1685018,0.5545505,-4.579948
188.8638,-24.86167,0.6571158,0.1493193,0.5710693,-4.579489
188.8884,-20.11254,0.7307306,0.1299261,0.5901109,-4.578916
188.913,-15.85843,0.7987809,0.1114477,0.6112043,-4.578232
188.9249,-14.26902,0.8272117,0.1031347,0.6219026,-4.577865
188.9368,-13.07626,0.851577,0.09532426,0.6326507,-4.577482
188.9488,-12.33455,0.8715917,0.08804953,0.6432681,-4.577087
188.9607,-12.07567,0.8873413,0.08132306,0.6535849,-4.576686
188.9726,-12.30231,0.8990887,0.07514303,0.6634406,-4.576284
188.9846,-12.98379,0.9071157,0.06950067,0.6726942,-4.575889
188.9965,-14.07692,0.9117383,0.06438278,0.6812359,-4.575504
189.0084,-15.5279,0.9131707,0.05977641,0.6889863,-4.575134
189.0248,-17.9704,0.9098469,0.05429145,0.6982028,-4.57466
189.0411,-20.81628,0.9012003,0.04969401,0.7057864,-4.57423
189.0574,-23.93556,0.887516,0.04594095,0.7117496,-4.573848
189.0737,-27.18628,0.8674463,0.0430345,0.7161321,-4.573519
189.0884,-30.13088,0.8430057,0.04113921,0.7187896,-4.573268
189.103,-33.06185,0.8126958,0.03988175,0.7203191,-4.573061
189.1177,-35.94327,0.7762136,0.03924135,0.720798,-4.572896
189.1324,-38.75502,0.7335416,0.03919645,0.7203079,-4.572773
189.1436,-40.85984,0.6967917,0.03955233,0.7193258,-4.572707
189.1549,-42.91412,0.6567226,0.04024069,0.7178523,-4.572664
189.1661,-44.91382,0.613639,0.04125724,0.7159183,-4.572643
189.1774,-46.85634,0.5681431,0.04259717,0.7135558,-4.572645
189.1886,-48.73796,0.5209981,0.04425679,0.7107963,-4.572669
189.1999,-50.54973,0.4728909,0.04623585,0.7076679,-4.572713
189.2112,-52.28227,0.4246677,0.04853238,0.7042002,-4.572777
189.2224,-53.92618,0.3773556,0.05114203,0.7004243,-4.57286
189.2362,-55.80664,0.3220987,0.05475967,0.6954203,-4.572986
189.25,-57.52442,0.2712353,0.05882212,0.6900574,-4.573137
189.2638,-59.07131,0.2258988,0.06330537,0.684392,-4.573311
189.2776,-60.44648,0.1868019,0.06817909,0.6784784,-4.573504
189.2863,-61.23303,0.1653074,0.07146034,0.6746179,-4.573637
189.2951,-61.95539,0.1463313,0.07487473,0.6706898,-4.573776
189.3039,-62.61687,0.129774,0.07841212,0.6667052,-4.573921
189.3126,-63.221,0.1154338,0.08206231,0.6626742,-4.574071
189.3214,-63.77155,0.1030582,0.08581512,0.6586064,-4.574227
189.3302,-64.27254,0.09249444,0.08966054,0.65451,-4.574387
189.3389,-64.72779,0.08356177,0.09358893,0.6503929,-4.574551
189.3477,-65.14084,0.07601011,0.09759102,0.6462621,-4.57472
189.3563,-65.50833,0.06970526,0.1015805,0.642202,-4.574888
189.3649,-65.84153,0.06438546,0.1056244,0.63814,-4.575059
189.3735,-66.14324,0.05992574,0.1097153,0.634081,-4.575233
189.3821,-66.41602,0.05616562,0.1138462,0.6300293,-4.575409
189.3904,-66.6554,0.05304705,0.1178893,0.6261056,-4.575583
189.3987,-66.87168,0.05040089,0.1219581,0.6221958,-4.575758
189.4071,-67.06666,0.048164,0.1260473,0.6183026,-4.575935
189.4154,-67.24199,0.04625848,0.130152,0.6144288,-4.576114
189.4242,-67.40732,0.04453218,0.1344948,0.6103649,-4.576304
189.433,-67.55404,0.04306984,0.1388445,0.6063277,-4.576495
189.4419,-67.68362,0.04183698,0.1431966,0.6023194,-4.576687
189.4507,-67.79738,0.0407884,0.1475466,0.5983422,-4.576881
189.4604,-67.90582,0.03980032,0.1523322,0.5939983,-4.577095
189.4701,-67.99798,0.03897468,0.1571055,0.5896965,-4.57731
189.4798,-68.07516,0.03829237,0.1618621,0.5854386,-4.577526
189.4895,-68.13856,0.03772491,0.1665977,0.5812263,-4.577743
189.5006,-68.1955,0.03718646,0.1719775,0.5764718,-4.577991
189.5116,-68.23729,0.03676071,0.1773201,0.5717809,-4.57824
189.5227,-68.26522,0.0364367,0.1826207,0.5671551,-4.578489
189.5338,-68.28045,0.03619461,0.1878752,0.5625961,-4.578738
189.5469,-68.28349,0.03599205,0.1940102,0.5573049,-4.579032
189.56,-68.2718,0.03587947,0.2000705,0.55211,-4.579327
189.573,-68.24674,0.03585003,0.2060514,0.5470128,-4.57962
189.5861,-68.20949,0.03588844,0.2119487,0.5420144,-4.579914
189.602,-68.14922,0.03600892,0.2190123,0.5360621,-4.58027
189.618,-68.07413,0.03621326,0.2259409,0.5302588,-4.580625
189.6339,-67.98574,0.03649696,0.23273,0.5246052,-4.580979
189.6498,-67.88534,0.03684652,0.2393755,0.5191019,-4.581332
189.6696,-67.7455,0.03735387,0.2474317,0.5124701,-4.581767
189.6894,-67.59081,0.03795349,0.2552561,0.5060703,-4.5822
189.7092,-67.42296,0.03864665,0.262845,0.4999016,-4.582629
189.729,-67.24342,0.0394128,0.2701956,0.4939629,-4.583055
189.7508,-67.03365,0.04030937,0.2780132,0.4876864,-4.583519
189.7726,-66.81278,0.04130318,0.2855381,0.4816843,-4.583979
189.7944,-66.58215,0.04241256,0.2927695,0.4759536,-4.584434
189.8162,-66.3429,0.0435903,0.2997076,0.4704912,-4.584883
189.8362,-66.11688,0.04469019,0.3058103,0.4657167,-4.585291
189.8562,-65.88523,0.04586807,0.311668,0.4611618,-4.585693
189.8762,-65.64864,0.04714153,0.3172819,0.4568235,-4.586091
189.8962,-65.40766,0.04846915,0.3226534,0.4526987,-4.586484
189.915,-65.17727,0.04973498,0.327489,0.4490085,-4.58685
189.9338,-64.9439,0.05106427,0.3321129,0.445502,-4.587211
189.9526,-64.70793,0.05246932,0.3365265,0.4421761,-4.587567
189.9714,-64.46969,0.05392266,0.3407317,0.4390281,-4.587919
189.9908,-64.22238,0.05544011,0.3448442,0.4359707,-4.588277
190.0101,-63.97334,0.05702159,0.3487396,0.4330954,-4.588629
190.0295,-63.72287,0.05868149,0.3524202,0.4303991,-4.588977
190.0489,-63.4712,0.06039098,0.3558879,0.4278785,-4.58932
190.0689,-63.20923,0.06218319,0.3592601,0.4254476,-4.58967
190.089,-62.9465,0.06404366,0.3624085,0.4231983,-4.590015
190.1091,-62.68327,0.06598957,0.3653353,0.4211269,-4.590354
190.1291,-62.41965,0.06798758,0.3680432,0.4192296,-4.590688
190.1498,-62.14818,0.07006065,0.3706025,0.4174561,-4.591026
190.1704,-61.87668,0.0722058,0.3729355,0.4158589,-4.591359
190.1911,-61.60537,0.07444203,0.3750449,0.4144342,-4.591685
190.2117,-61.33422,0.0767331,0.3769335,0.4131777,-4.592006
190.233,-61.05401,0.07911967,0.378657,0.4120515,-4.592332
190.2544,-60.77422,0.08158389,0.3801503,0.4110968,-4.592652
190.2757,-60.49501,0.0841471,0.3814164,0.4103095,-4.592966
190.297,-60.2162,0.08676979,0.3824585,0.4096851,-4.593273
190.3192,-59.92673,0.08951404,0.3833073,0.4092043,-4.593587
190.3414,-59.63779,0.092345,0.3839206,0.4088907,-4.593894
190.3635,-59.34948,0.09528746,0.3843013,0.4087399,-4.594194
190.3857,-59.06145,0.09829762,0.384453,0.4087473,-4.594488
190.4088,-58.76153,0.1014533,0.3843715,0.4089181,-4.594787
190.4319,-58.46181,0.1047104,0.3840485,0.4092515,-4.595079
190.4549,-58.16232,0.1080988,0.383487,0.4097432,-4.595365
190.478,-57.86242,0.1115694,0.3826907,0.4103887,-4.595643
190.502,-57.5493,0.1152117,0.3816176,0.4112183,-4.595924
190.526,-57.23538,0.1189803,0.3802968,0.4122061,-4.596199
190.55,-56.92061,0.1229123,0.3787305,0.4133484,-4.596465
190.5739,-56.60393,0.126953,0.3769226,0.4146412,-4.596724
190.5988,-56.27227,0.1311965,0.3747971,0.4161359,-4.596985
190.6237,-55.9378,0.1356093,0.372416,0.4177861,-4.597237
190.6485,-55.6003,0.1402401,0.3697804,0.4195898,-4.59748
190.6734,-55.258,0.1450281,0.3668933,0.4215438,-4.597715
190.699,-54.89824,0.1500585,0.3636592,0.4237104,-4.597949
190.7246,-54.53188,0.155335,0.3601578,0.4260347,-4.598172
190.7503,-54.15835,0.1609261,0.3563868,0.4285172,-4.598386
190.7759,-53.77458,0.166767,0.3523466,0.4311574,-4.598591
190.802,-53.36924,0.1729081,0.3479523,0.4340097,-4.598789
190.8281,-52.95012,0.1794384,0.3432679,0.4370322,-4.598976
190.8542,-52.51565,0.1864646,0.3382839,0.4402314,-4.599152
190.8803,-52.06017,0.193927,0.3329948,0.4436116,-4.599316
190.9065,-51.57495,0.2017968,0.3273721,0.4471918,-4.599469
190.9327,-51.0613,0.2103422,0.3214096,0.4509779,-4.599609
190.9588,-50.5149,0.2197513,0.3150821,0.4549881,-4.599734
190.985,-49.92396,0.2300047,0.3083688,0.4592388,-4.599845
191.0108,-49.2841,0.240918,0.3013583,0.4636778,-4.599938
191.0366,-48.58244,0.2531382,0.2938926,0.4684105,-4.600014
191.0624,-47.80631,0.2670522,0.2859105,0.4734827,-4.600071
191.0882,-46.92747,0.2827997,0.2773529,0.4789413,-4.600106
191.113,-45.94706,0.299922,0.2684843,0.4846284,-4.600117
191.1379,-44.81766,0.3199075,0.2588827,0.4908282,-4.600102
191.1628,-43.49988,0.3436609,0.2484036,0.4976591,-4.600057
191.1876,-41.9183,0.3718237,0.2368996,0.5052547,-4.599975
191.2115,-40.06998,0.4037105,0.2247626,0.5134043,-4.599857
191.2353,-37.81927,0.4424182,0.2112611,0.5226722,-4.599691
191.2591,-35.07528,0.4894597,0.1962144,0.5333585,-4.599464
191.2829,-31.73173,0.5453805,0.1796005,0.5457793,-4.599165
191.3072,-27.67695,0.6120193,0.1611742,0.5606009,-4.598771
191.3315,-23.13044,0.684589,0.1419983,0.5778987,-4.59827
191.3559,-18.52675,0.7562749,0.1230473,0.597564,-4.597657
191.3802,-14.69268,0.8194595,0.1053493,0.6189284,-4.596941
191.392,-13.40319,0.8446454,0.09751863,0.6295104,-4.596565
191.4037,-12.53922,0.8656993,0.09019869,0.640018,-4.596177
191.4155,-12.13364,0.8825364,0.08340792,0.6502801,-4.595781
191.4272,-12.19801,0.8953638,0.07714905,0.6601427,-4.595384
191.439,-12.71762,0.9044909,0.07141506,0.6694669,-4.59499
191.4507,-13.65244,0.9102089,0.06619425,0.6781365,-4.594604
191.4625,-14.95413,0.9128036,0.06147243,0.6860649,-4.594232
191.4742,-16.56651,0.9124102,0.05723777,0.693192,-4.593877
191.4884,-18.83799,0.9078973,0.05276157,0.7006751,-4.593476
191.5026,-21.37742,0.8992383,0.04895259,0.7069195,-4.593109
191.5168,-24.09925,0.8864449,0.04578716,0.711941,-4.59278
191.531,-26.91817,0.868865,0.04325855,0.7157717,-4.59249
191.5452,-29.76736,0.8459178,0.04135637,0.7184661,-4.592241
191.5594,-32.60727,0.8174907,0.04005393,0.7200954,-4.592032
191.5736,-35.40418,0.783305,0.03933221,0.7207299,-4.591863
191.5877,-38.13839,0.7433071,0.03917142,0.7204435,-4.591733
191.5991,-40.27557,0.7072551,0.03943342,0.7196009,-4.591657
191.6105,-42.36203,0.6677403,0.04003573,0.7182486,-4.591605
191.6218,-44.39363,0.6250368,0.04097347,0.7164187,-4.591576
191.6332,-46.36812,0.5797257,0.04224121,0.7141447,-4.59157
191.6445,-48.28228,0.532556,0.04383483,0.7114587,-4.591586
191.6559,-50.12734,0.4841944,0.04575408,0.7083899,-4.591623
191.6672,-51.89401,0.435484,0.04799718,0.7049684,-4.591681
191.6786,-53.57279,0.3874756,0.05055995,0.7012261,-4.591759
191.6923,-55.47378,0.331816,0.05408278,0.696311,-4.591877
191.7061,-57.21543,0.2802548,0.05805079,0.6910292,-4.592021
191.7198,-58.78833,0.2339803,0.06244151,0.6854367,-4.592187
191.7336,-60.19042,0.1938134,0.06722598,0.6795879,-4.592374
191.7426,-61.02082,0.1708943,0.07056814,0.6756294,-4.592507
191.7517,-61.78214,0.1506782,0.07405471,0.6715956,-4.592646
191.7607,-62.47785,0.133073,0.07767464,0.6674989,-4.592793
191.7697,-63.11173,0.1178654,0.08141678,0.6633509,-4.592945
191.7788,-63.68789,0.1047794,0.08526989,0.6591619,-4.593103
191.7878,-64.21075,0.09365456,0.08922296,0.6549413,-4.593266
191.7968,-64.68453,0.0842959,0.09326538,0.6506978,-4.593434
191.8059,-65.11311,0.07642335,0.09738693,0.6464391,-4.593605
191.8145,-65.48225,0.07006169,0.1013723,0.6423799,-4.593771
191.8231,-65.81696,0.06469342,0.1054124,0.6383187,-4.593941
191.8317,-66.12005,0.06019274,0.1094999,0.6342602,-4.594113
191.8403,-66.39407,0.05639808,0.1136276,0.6302087,-4.594288
191.8486,-66.63457,0.05325071,0.1176685,0.6262846,-4.594459
191.857,-66.85187,0.05058035,0.1217353,0.6223742,-4.594633
191.8653,-67.04778,0.04832327,0.1258228,0.6184803,-4.594808
191.8737,-67.22393,0.04640083,0.129926,0.6146057,-4.594985
191.8825,-67.38992,0.04466085,0.1342636,0.6105443,-4.595173
191.8913,-67.53725,0.04318695,0.1386085,0.6065094,-4.595363
191.9001,-67.66738,0.04194435,0.1429558,0.6025034,-4.595553
191.9089,-67.78165,0.04088752,0.1473012,0.5985283,-4.595745
191.9186,-67.89057,0.03989209,0.15208,0.5941885,-4.595957
191.9283,-67.98316,0.0390602,0.1568466,0.5898905,-4.59617
191.9379,-68.06075,0.0383726,0.1615967,0.5856362,-4.596384
191.9476,-68.12454,0.0378006,0.166326,0.5814275,-4.596598
191.9587,-68.18186,0.03725787,0.1716971,0.5766785,-4.596844
191.9698,-68.22402,0.03682845,0.1770311,0.5719928,-4.59709
191.9809,-68.25229,0.03650128,0.1823234,0.5673722,-4.597337
191.9919,-68.26785,0.03625644,0.18757,0.5628179,-4.597583
192.005,-68.27125,0.03605111,0.1936942,0.5575335,-4.597874
192.018,-68.25991,0.03593609,0.1997443,0.552345,-4.598165
192.0311,-68.23518,0.03590453,0.2057153,0.5472539,-4.598456
192.0442,-68.19826,0.03594105,0.2116031,0.5422612,-4.598746
192.06,-68.13836,0.03605947,0.2186545,0.5363164,-4.599099
192.0759,-68.06365,0.03626198,0.2255716,0.5305201,-4.599451
192.0918,-67.97561,0.03654404,0.2323496,0.5248731,-4.599801
192.1077,-67.87554,0.03689211,0.2389847,0.5193758,-4.600149
192.1275,-67.73606,0.03739804,0.2470313,0.5127487,-4.60058
192.1473,-67.58171,0.03799642,0.2548469,0.5063531,-4.601008
192.1671,-67.41417,0.0386884,0.2624276,0.5001881,-4.601433
192.1868,-67.23491,0.03945357,0.2697707,0.4942525,-4.601855
192.2086,-67.02502,0.04035122,0.2775958,0.487967,-4.602315
192.2305,-66.80396,0.04134653,0.2851276,0.4819564,-4.602771
192.2523,-66.57309,0.04245776,0.2923656,0.4762178,-4.603222
192.2741,-66.33355,0.04363776,0.2993097,0.470748,-4.603667
192.2941,-66.10711,0.04474061,0.3054208,0.4659645,-4.604071
192.3141,-65.87502,0.04592188,0.3112863,0.4614014,-4.60447
192.3341,-65.63795,0.04719922,0.3169072,0.4570556,-4.604864
192.3541,-65.39646,0.04853103,0.322285,0.4529239,-4.605254
192.373,-65.16572,0.04980009,0.3271229,0.4492302,-4.605616
192.3918,-64.932,0.05113288,0.3317487,0.4457204,-4.605973
192.4106,-64.69567,0.05254174,0.336164,0.4423916,-4.606326
192.4294,-64.45706,0.05399909,0.3403705,0.4392411,-4.606675
192.4488,-64.20945,0.05552029,0.3444825,0.4361824,-4.607028
192.4681,-63.9601,0.05710572,0.3483774,0.4333061,-4.607377
192.4875,-63.70932,0.05876978,0.3520571,0.4306089,-4.607721
192.5069,-63.45733,0.06048361,0.3555238,0.4280876,-4.60806
192.5269,-63.19502,0.06228068,0.3588951,0.425656,-4.608406
192.547,-62.93194,0.06414621,0.3620422,0.4234063,-4.608747
192.5671,-62.66836,0.06609742,0.3649675,0.4213347,-4.609082
192.5872,-62.40438,0.06810093,0.3676736,0.4194375,-4.609412
192.6078,-62.13253,0.07017995,0.3702309,0.4176642,-4.609746
192.6285,-61.86066,0.0723313,0.3725616,0.4160675,-4.610075
192.6491,-61.58896,0.074574,0.3746684,0.4146434,-4.610397
192.6698,-61.31743,0.07687175,0.3765542,0.413388,-4.610714
192.6911,-61.03682,0.07926546,0.3782743,0.412263,-4.611036
192.7124,-60.75664,0.08173709,0.3797641,0.4113098,-4.611351
192.7338,-60.47703,0.08430801,0.3810262,0.4105242,-4.611661
192.7551,-60.19783,0.08693867,0.382064,0.4099018,-4.611964
192.7773,-59.90793,0.08969149,0.3829081,0.4094234,-4.612273
192.7995,-59.61856,0.09253135,0.3835162,0.4091124,-4.612576
192.8217,-59.32982,0.09548311,0.3838915,0.4089644,-4.612872
192.8438,-59.04135,0.09850289,0.3840373,0.4089749,-4.613161
192.8669,-58.74096,0.1016689,0.3839494,0.4091493,-4.613456
192.89,-58.44075,0.1049369,0.3836196,0.4094864,-4.613743
192.9131,-58.14077,0.1083367,0.3830508,0.4099822,-4.614023
192.9361,-57.84036,0.1118192,0.3822469,0.410632,-4.614297
192.9601,-57.52668,0.1154743,0.3811655,0.4114663,-4.614574
192.9841,-57.21218,0.1192565,0.3798358,0.4124591,-4.614843
193.0081,-56.89681,0.1232028,0.3782603,0.4136069,-4.615105
193.0321,-56.57948,0.1272586,0.3764427,0.4149053,-4.615359
193.057,-56.24712,0.1315185,0.3743066,0.4164062,-4.615614
193.0819,-55.9119,0.1359489,0.3719145,0.4180629,-4.615861
193.1068,-55.57359,0.1405986,0.3692674,0.4198735,-4.616099
193.1317,-55.23042,0.145407,0.366368,0.4218347,-4.616329
193.1573,-54.8697,0.1504594,0.3631211,0.4240091,-4.616557
193.1829,-54.50228,0.1557599,0.3596061,0.4263415,-4.616775
193.2085,-54.12758,0.1613776,0.3558208,0.4288329,-4.616984
193.2341,-53.74251,0.1672479,0.3517655,0.4314823,-4.617183
193.2602,-53.33572,0.1734206,0.3473555,0.4343444,-4.617375
193.2864,-52.91495,0.1799866,0.3426544,0.4373774,-4.617557
193.3125,-52.47861,0.1870535,0.3376527,0.440588,-4.617727
193.3386,-52.02096,0.1945622,0.3323442,0.4439806,-4.617886
193.3648,-51.53329,0.2024823,0.3267022,0.4475735,-4.618032
193.3909,-51.01677,0.2110865,0.3207184,0.4513737,-4.618166
193.4171,-50.46698,0.2205653,0.3143674,0.4553999,-4.618285
193.4433,-49.87194,0.2309009,0.3076279,0.4596686,-4.61839
193.4691,-49.22734,0.2419054,0.300591,0.4641261,-4.618477
193.4949,-48.51991,0.2542363,0.293095,0.4688803,-4.618546
193.5206,-47.7367,0.2682869,0.2850779,0.4739779,-4.618596
193.5464,-46.8489,0.2842027,0.2764792,0.4794666,-4.618625
193.5713,-45.85776,0.3015182,0.2675671,0.4851866,-4.61863
193.5961,-44.71476,0.3217468,0.2579135,0.4914265,-4.618608
193.6209,-43.37965,0.3458087,0.2473715,0.4983069,-4.618555
193.6458,-41.77556,0.3743599,0.2357918,0.5059645,-4.618466
193.6696,-39.89909,0.4067185,0.2235651,0.5141906,-4.61834
193.6934,-37.61237,0.4460088,0.2099591,0.5235553,-4.618164
193.7172,-34.82472,0.4937254,0.1947992,0.5343627,-4.617928
193.741,-31.43395,0.5503448,0.1780804,0.5469305,-4.617618
193.7653,-27.33828,0.6175039,0.1596,0.5619133,-4.617212
193.7896,-22.7835,0.6901496,0.1404468,0.5793683,-4.616699
193.8139,-18.22634,0.7613025,0.1216066,0.5991489,-4.616074
193.8382,-14.49441,0.8233851,0.104082,0.6205467,-4.615348
193.85,-13.26063,0.8481104,0.09627854,0.6311968,-4.614966
193.8619,-12.4654,0.8686268,0.08899657,0.6417438,-4.614571
193.8737,-12.13766,0.8848845,0.08225225,0.652014,-4.61417
193.8855,-12.28479,0.8971191,0.07604655,0.6618534,-4.613768
193.8974,-12.8877,0.9056534,0.07037125,0.6711242,-4.61337
193.9092,-13.90294,0.9107849,0.06521373,0.6797131,-4.612982
193.9211,-15.27952,0.9127973,0.06055921,0.6875371,-4.612609
193.9329,-16.95901,0.9118033,0.05639591,0.6945397,-4.612253
193.9472,-19.30445,0.9064855,0.05200307,0.7018652,-4.611852
193.9615,-21.90515,0.896919,0.04828623,0.7079297,-4.611487
193.9759,-24.67554,0.8830919,0.04522137,0.7127552,-4.611159
193.9902,-27.53088,0.8643126,0.04280159,0.7163785,-4.610873
194.0045,-30.40616,0.8399926,0.0410157,0.7188589,-4.610627
194.0188,-33.26373,0.8100148,0.03983626,0.7202704,-4.610423
194.0332,-36.07153,0.774107,0.03924397,0.7206857,-4.610259
194.0475,-38.81219,0.7322949,0.03921829,0.7201807,-4.610135
194.0592,-40.99786,0.6939591,0.03960402,0.7191374,-4.610063
194.0709,-43.12865,0.6520499,0.04034906,0.7175647,-4.610015
194.0826,-45.19985,0.6069156,0.04144882,0.7154972,-4.609993
194.0943,-47.20847,0.5592689,0.04289787,0.712971,-4.609994
194.106,-49.15007,0.5100086,0.04469208,0.7100214,-4.610019
194.1177,-51.01399,0.4599205,0.04683127,0.7066802,-4.610065
194.1294,-52.78939,0.4099703,0.04931293,0.7029807,-4.610133
194.1411,-54.46566,0.3613248,0.05213145,0.698958,-4.610222
194.1549,-56.29273,0.3074106,0.05585894,0.6938714,-4.610349
194.1686,-57.95565,0.2582241,0.06002125,0.6884447,-4.610501
194.1824,-59.44835,0.2147785,0.06459273,0.6827334,-4.610674
194.1961,-60.77178,0.1776004,0.06954199,0.6767899,-4.610867
194.2043,-61.48323,0.1584297,0.07265812,0.6731557,-4.61099
194.2125,-62.13953,0.1414249,0.07588743,0.6694659,-4.611119
194.2207,-62.7435,0.1264885,0.07922161,0.6657294,-4.611252
194.2289,-63.29809,0.1134521,0.08265231,0.6619544,-4.611391
194.2371,-63.80641,0.102113,0.08617122,0.6581483,-4.611534
194.2453,-64.27171,0.09233724,0.0897702,0.6543179,-4.611681
194.2535,-64.69711,0.08397233,0.09344138,0.6504697,-4.611831
194.2617,-65.08552,0.07682078,0.09717718,0.6466092,-4.611985
194.2703,-65.45842,0.07037039,0.1011826,0.6425267,-4.612151
194.279,-65.79635,0.06493209,0.1052437,0.6384419,-4.61232
194.2876,-66.10217,0.06037769,0.109353,0.6343596,-4.612491
194.2963,-66.37849,0.0565415,0.1135032,0.6302844,-4.612665
194.3046,-66.6194,0.05338064,0.1175407,0.626362,-4.612835
194.313,-66.83708,0.05069868,0.1216043,0.6224533,-4.613007
194.3213,-67.03332,0.04843166,0.1256886,0.618561,-4.613181
194.3297,-67.20978,0.04650071,0.1297887,0.614688,-4.613356
194.3385,-67.37611,0.04475255,0.1341246,0.6106268,-4.613542
194.3473,-67.52373,0.04327182,0.1384678,0.6065921,-4.61373
194.3561,-67.65412,0.04202355,0.1428136,0.6025862,-4.613919
194.3649,-67.76861,0.04096199,0.1471575,0.5986112,-4.614109
194.3746,-67.87769,0.03996256,0.1519329,0.594273,-4.614319
194.3843,-67.97043,0.03912735,0.1566963,0.5899767,-4.61453
194.3939,-68.04814,0.03843701,0.1614431,0.585724,-4.614742
194.4036,-68.11203,0.03786275,0.1661693,0.5815169,-4.614954
194.4147,-68.16944,0.03731796,0.1715361,0.5767702,-4.615198
194.4258,-68.21166,0.03688689,0.176866,0.5720868,-4.615442
194.4368,-68.23998,0.03655842,0.1821542,0.5674683,-4.615686
194.4479,-68.25557,0.03631257,0.1873968,0.5629162,-4.615931
194.461,-68.25899,0.03610636,0.1935158,0.5576347,-4.616219
194.474,-68.24765,0.03599073,0.1995608,0.5524491,-4.616507
194.4871,-68.22291,0.0359588,0.2055268,0.5473607,-4.616795
194.5001,-68.18597,0.03599515,0.2114097,0.5423707,-4.617083
194.516,-68.12603,0.0361136,0.2184553,0.5364291,-4.617432
194.5319,-68.05125,0.03631636,0.2253668,0.5306358,-4.617781
194.5478,-67.96314,0.03659887,0.2321394,0.5249917,-4.618128
194.5637,-67.86299,0.03694757,0.238769,0.5194973,-4.618473
194.5835,-67.72335,0.03745465,0.2468109,0.5128721,-4.6189
194.6032,-67.56882,0.03805444,0.2546218,0.5064784,-4.619324
194.623,-67.40108,0.03874806,0.2621979,0.5003153,-4.619745
194.6428,-67.22161,0.0395151,0.2695364,0.4943817,-4.620162
194.6646,-67.01136,0.04041559,0.2773605,0.488095,-4.620619
194.6864,-66.78991,0.04141407,0.2848912,0.4820836,-4.62107
194.7082,-66.55863,0.04252883,0.2921276,0.4763445,-4.621517
194.7301,-66.31867,0.04371265,0.2990698,0.4708746,-4.621958
194.7501,-66.09181,0.04481933,0.3051795,0.4660908,-4.622359
194.7701,-65.85928,0.0460047,0.3110432,0.4615277,-4.622754
194.7901,-65.62177,0.04728648,0.316662,0.4571822,-4.623145
194.8101,-65.37983,0.04862294,0.3220373,0.4530512,-4.62353
194.829,-65.1487,0.04989645,0.3268723,0.4493587,-4.623889
194.8478,-64.91457,0.05123392,0.3314949,0.4458502,-4.624242
194.8666,-64.67784,0.0526477,0.3359067,0.4425232,-4.624592
194.8855,-64.43882,0.05411018,0.3401094,0.4393745,-4.624937
194.9048,-64.1908,0.05563671,0.3442171,0.4363182,-4.625286
194.9242,-63.94105,0.0572277,0.3481073,0.4334444,-4.625632
194.9436,-63.68988,0.05889757,0.351782,0.4307501,-4.625972
194.963,-63.4375,0.06061741,0.3552436,0.4282318,-4.626307
194.983,-63.17477,0.06242088,0.3586092,0.4258035,-4.626649
195.0031,-62.91129,0.06429305,0.3617504,0.4235573,-4.626986
195.0232,-62.64731,0.06625118,0.3646695,0.4214895,-4.627317
195.0433,-62.38293,0.0682618,0.3673691,0.4195962,-4.627644
195.0639,-62.11066,0.07034844,0.3699196,0.417827,-4.627974
195.0846,-61.83837,0.07250766,0.3722432,0.4162347,-4.628298
195.1053,-61.56626,0.07475853,0.3743426,0.4148153,-4.628616
195.1259,-61.29433,0.0770647,0.3762205,0.4135647,-4.628929
195.1473,-61.01327,0.07946743,0.3779325,0.4124449,-4.629246
195.1686,-60.73265,0.08194839,0.3794136,0.411497,-4.629558
195.19,-60.4526,0.084529,0.3806668,0.410717,-4.629863
195.2113,-60.17296,0.08716965,0.3816953,0.4101004,-4.630162
195.2335,-59.88259,0.08993318,0.3825294,0.4096282,-4.630467
195.2557,-59.59274,0.09278415,0.3831271,0.4093236,-4.630765
195.2779,-59.30352,0.09574749,0.3834916,0.4091823,-4.631056
195.3001,-59.01457,0.09877924,0.3836263,0.4091997,-4.631342
195.3232,-58.71364,0.1019582,0.3835263,0.4093815,-4.631631
195.3463,-58.41289,0.1052396,0.3831841,0.4097263,-4.631914
195.3694,-58.11235,0.1086534,0.3826024,0.41023,-4.63219
195.3925,-57.81136,0.1121506,0.3817852,0.4108879,-4.632459
195.4165,-57.49704,0.1158216,0.3806896,0.4117309,-4.632731
195.4405,-57.18187,0.1196204,0.3793452,0.4127326,-4.632995
195.4645,-56.8658,0.1235846,0.3777544,0.4138896,-4.633252
195.4885,-56.54772,0.1276592,0.3759211,0.4151975,-4.633501
195.5134,-56.21454,0.1319392,0.3737683,0.4167084,-4.633751
195.5383,-55.87843,0.1363912,0.371359,0.4183756,-4.633993
195.5632,-55.53917,0.1410645,0.3686939,0.4201969,-4.634226
195.5881,-55.19495,0.1458981,0.3657761,0.4221693,-4.63445
195.6137,-54.83307,0.1509776,0.3625097,0.4243554,-4.634673
195.6394,-54.46437,0.1563079,0.3589747,0.4267,-4.634886
195.665,-54.08825,0.1619588,0.3551684,0.4292042,-4.635089
195.6906,-53.70158,0.1678656,0.3510911,0.431867,-4.635282
195.7167,-53.293,0.1740776,0.3466588,0.4347429,-4.635469
195.7429,-52.8702,0.1806881,0.3419342,0.4377905,-4.635644
195.769,-52.43153,0.187806,0.3369074,0.4410168,-4.635809
195.7951,-51.97116,0.1953728,0.3315723,0.4444264,-4.635961
195.8213,-51.48043,0.2033559,0.3259036,0.4480364,-4.636102
195.8474,-50.96029,0.212034,0.319891,0.4518555,-4.636229
195.8736,-50.40622,0.2216007,0.3135083,0.4559027,-4.636342
195.8998,-49.80598,0.2320404,0.3067337,0.460195,-4.63644
195.9256,-49.15537,0.2431602,0.2996617,0.4646768,-4.636521
195.9513,-48.44059,0.2556316,0.2921258,0.469459,-4.636584
195.9771,-47.64832,0.2698561,0.2840626,0.4745894,-4.636627
196.0028,-46.74905,0.2859866,0.2754103,0.480117,-4.636649
196.0277,-45.74414,0.303549,0.2664414,0.4858794,-4.636646
196.0525,-44.58365,0.3240889,0.2567199,0.4921709,-4.636617
196.0773,-43.22619,0.3485464,0.2460962,0.4991152,-4.636556
196.1021,-41.59306,0.3775959,0.2344184,0.5068525,-4.636459
196.1259,-39.68021,0.4105619,0.2220754,0.5151776,-4.636323
196.1497,-37.34695,0.4506008,0.208334,0.5246674,-4.636138
196.1735,-34.50309,0.4991801,0.1930289,0.5356313,-4.635891
196.1973,-31.05219,0.5566814,0.1761772,0.5483886,-4.635568
196.2215,-26.90483,0.6244866,0.1576278,0.5635814,-4.635148
196.2458,-22.34191,0.6971944,0.1385041,0.5812396,-4.634621
196.27,-17.84826,0.7676305,0.119804,0.6011676,-4.633983
196.2943,-14.25022,0.8282892,0.1024966,0.6226061,-4.633246
196.3063,-13.08887,0.8524389,0.09471865,0.6333534,-4.632855
196.3182,-12.38344,0.8722769,0.08747704,0.6439595,-4.632452
196.3302,-12.15766,0.8877984,0.08078517,0.6542471,-4.632045
196.3422,-12.41341,0.8992739,0.07464181,0.6640616,-4.631637
196.3541,-13.12581,0.9070415,0.06903725,0.673267,-4.631235
196.3661,-14.24686,0.9114059,0.06395766,0.6817534,-4.630844
196.3781,-15.72212,0.9126466,0.05938749,0.6894427,-4.630469
196.39,-17.49015,0.9108447,0.0553151,0.696283,-4.630114
196.4081,-20.56662,0.9016711,0.05009172,0.7049491,-4.62962
196.4262,-23.98405,0.885854,0.04592347,0.7116177,-4.629186
196.4443,-27.59747,0.8637189,0.04275078,0.7163706,-4.628814
196.4624,-31.24344,0.8328638,0.04058353,0.7193024,-4.628508
196.4769,-34.11267,0.8006867,0.03956863,0.7204289,-4.628311
196.4914,-36.92979,0.7624866,0.03914604,0.7205627,-4.628155
196.5059,-39.67358,0.7181223,0.03929887,0.7197756,-4.628039
196.5204,-42.33746,0.6681187,0.04000754,0.7181445,-4.627963
196.5332,-44.62825,0.6198936,0.04108492,0.7160559,-4.627927
196.5461,-46.84599,0.5684023,0.04258313,0.7134049,-4.62792
196.5589,-48.98122,0.5144584,0.04450005,0.7102343,-4.627941
196.5717,-51.02451,0.459434,0.04683042,0.7065904,-4.627989
196.5845,-52.96378,0.4048903,0.04956891,0.7025193,-4.628063
196.5974,-54.78219,0.3520553,0.05271104,0.6980646,-4.62816
196.6102,-56.4663,0.3021968,0.05624623,0.6932723,-4.62828
196.623,-58.00687,0.2565521,0.06015817,0.6881884,-4.628421
196.6342,-59.22702,0.2209448,0.06385392,0.6835608,-4.628559
196.6454,-60.33517,0.1894684,0.06780214,0.6787751,-4.628709
196.6565,-61.33471,0.1622461,0.07198388,0.673858,-4.628872
196.6677,-62.23072,0.1390684,0.07637898,0.668834,-4.629045
196.6763,-62.85779,0.1236456,0.07991573,0.6648843,-4.629186
196.685,-63.43073,0.1103063,0.08355785,0.6608936,-4.629332
196.6936,-63.95326,0.09888303,0.08729567,0.6568703,-4.629482
196.7023,-64.42898,0.08913223,0.09111976,0.6528225,-4.629637
196.7109,-64.86141,0.08079721,0.09502094,0.6487571,-4.629796
196.7196,-65.25406,0.07374377,0.09899046,0.6446807,-4.629958
196.7282,-65.61016,0.06781984,0.10302,0.6405991,-4.630123
196.7369,-65.93264,0.06282682,0.1071016,0.6365174,-4.630292
196.7452,-66.21508,0.05871065,0.1110914,0.6325745,-4.630457
196.7536,-66.47095,0.05522419,0.1151165,0.6286399,-4.630625
196.762,-66.70234,0.05228422,0.1191712,0.624717,-4.630794
196.7703,-66.91118,0.04978775,0.1232496,0.620809,-4.630966
196.7789,-67.10362,0.04759442,0.127449,0.6168221,-4.631143
196.7875,-67.27594,0.045734,0.1316628,0.6128565,-4.631322
196.7961,-67.42969,0.04416217,0.135886,0.6089148,-4.631502
196.8046,-67.56632,0.04282281,0.1401141,0.6049992,-4.631684
196.8139,-67.69659,0.04157734,0.1446986,0.600786,-4.631882
196.8232,-67.80975,0.04052857,0.1492791,0.5966081,-4.632081
196.8325,-67.90717,0.03965209,0.1538509,0.5924675,-4.632281
196.8418,-67.99009,0.03891368,0.1584099,0.5883662,-4.632482
196.8523,-68.06751,0.03821116,0.1635252,0.5837953,-4.63271
196.8627,-68.12937,0.03763821,0.1686143,0.5792783,-4.632938
196.8732,-68.17698,0.03718106,0.1736726,0.574817,-4.633166
196.8837,-68.2115,0.03681689,0.1786961,0.5704129,-4.633395
196.8959,-68.23658,0.03648469,0.1844986,0.5653568,-4.633662
196.9081,-68.2468,0.03624999,0.1902435,0.5603822,-4.633929
196.9203,-68.24346,0.03610455,0.195926,0.5554904,-4.634196
196.9324,-68.22776,0.03603151,0.2015419,0.5506829,-4.634463
196.9471,-68.19396,0.03602017,0.208203,0.5450138,-4.634784
196.9618,-68.14538,0.03609411,0.2147569,0.5394695,-4.635104
196.9764,-68.08346,0.03624787,0.2211989,0.5340511,-4.635423
196.9911,-68.00945,0.03646753,0.2275248,0.5287594,-4.635741
197.0093,-67.90255,0.03681392,0.2352028,0.5223744,-4.636134
197.0275,-67.78063,0.0372484,0.2426915,0.5161853,-4.636524
197.0457,-67.64531,0.03776864,0.2499866,0.5101924,-4.636912
197.0638,-67.49802,0.03835918,0.2570846,0.5043952,-4.637298
197.0855,-67.30885,0.03912736,0.26527,0.4977511,-4.637753
197.1071,-67.10631,0.03999537,0.2731695,0.4913812,-4.638204
197.1288,-66.89203,0.04097494,0.2807812,0.4852833,-4.63865
197.1504,-66.66739,0.04202869,0.2881037,0.4794547,-4.639091
197.1713,-66.44228,0.04307557,0.2948847,0.4740913,-4.639511
197.1921,-66.20969,0.04420966,0.3013975,0.4689722,-4.639927
197.2129,-65.97052,0.04545127,0.3076427,0.4640943,-4.640337
197.2338,-65.72553,0.04675242,0.3136216,0.4594542,-4.640743
197.2528,-65.49706,0.04795704,0.3188547,0.4554181,-4.641109
197.2719,-65.26484,0.04922954,0.3238678,0.4515752,-4.64147
197.291,-65.02933,0.05058334,0.3286624,0.4479225,-4.641827
197.31,-64.79091,0.05198732,0.3332401,0.4444571,-4.642179
197.3291,-64.54963,0.05341369,0.3376077,0.4411724,-4.642527
197.3482,-64.30617,0.05490346,0.3417615,0.4380696,-4.642871
197.3672,-64.06089,0.05646987,0.3457031,0.4351456,-4.64321
197.3863,-63.81404,0.05808551,0.3494348,0.4323974,-4.643543
197.4062,-63.55574,0.05978823,0.3530966,0.429721,-4.643886
197.426,-63.29633,0.06155832,0.3565355,0.4272281,-4.644223
197.4459,-63.03609,0.06341217,0.3597538,0.424915,-4.644555
197.4657,-62.77517,0.06531779,0.3627537,0.4227782,-4.644882
197.4862,-62.50593,0.06729909,0.365617,0.4207584,-4.645212
197.5066,-62.23643,0.06935162,0.368254,0.4189177,-4.645538
197.527,-61.96688,0.0714938,0.3706673,0.4172524,-4.645858
197.5475,-61.69732,0.07369027,0.3728597,0.4157584,-4.646172
197.5685,-61.41929,0.07597397,0.3748922,0.414393,-4.64649
197.5896,-61.14156,0.07833366,0.3766954,0.4132014,-4.646802
197.6107,-60.86429,0.08078977,0.378272,0.4121798,-4.647108
197.6318,-60.58738,0.083304,0.3796251,0.4113238,-4.647409
197.6536,-60.30025,0.08593198,0.3807962,0.4106061,-4.647714
197.6755,-60.01366,0.08864364,0.3817328,0.4100579,-4.648013
197.6974,-59.72773,0.0914625,0.382438,0.409675,-4.648306
197.7193,-59.44216,0.09434627,0.3829151,0.4094528,-4.648593
197.742,-59.14506,0.09736857,0.3831731,0.4093874,-4.648884
197.7648,-58.84832,0.1004871,0.3831907,0.409487,-4.649169
197.7875,-58.55202,0.1037298,0.382971,0.4097474,-4.649446
197.8103,-58.2556,0.1070494,0.3825177,0.4101639,-4.649717
197.8339,-57.94637,0.110533,0.381802,0.4107582,-4.649992
197.8576,-57.63677,0.1141337,0.3808397,0.411513,-4.650259
197.8813,-57.32677,0.1178859,0.3796334,0.4124245,-4.650519
197.905,-57.01546,0.1217369,0.3781871,0.4134883,-4.650772
197.9295,-56.68973,0.1257815,0.3764354,0.4147493,-4.651026
197.9541,-56.36199,0.1299792,0.3744299,0.4161674,-4.651272
197.9787,-56.0321,0.1343742,0.3721722,0.4177399,-4.65151
198.0033,-55.69855,0.1389079,0.3696657,0.4194632,-4.65174
198.0287,-55.34836,0.143672,0.366819,0.4213977,-4.651968
198.054,-54.99306,0.1486527,0.3637085,0.4234894,-4.652188
198.0794,-54.63222,0.1539111,0.3603332,0.4257379,-4.652398
198.1048,-54.2633,0.1593832,0.3566945,0.4281413,-4.6526
198.1308,-53.87428,0.1651362,0.3526996,0.4307599,-4.652796
198.1568,-53.47431,0.1712228,0.3484227,0.433544,-4.652981
198.1827,-53.06226,0.1777345,0.3438571,0.4364977,-4.653156
198.2087,-52.63352,0.1846083,0.3389999,0.4396232,-4.65332
198.2349,-52.17823,0.191849,0.3337976,0.4429552,-4.653474
198.2611,-51.70041,0.1996514,0.3282748,0.446479,-4.653616
198.2874,-51.19696,0.2081701,0.3224127,0.450208,-4.653745
198.3136,-50.65865,0.2173663,0.316197,0.4541535,-4.65386
198.3395,-50.07942,0.2271176,0.3096708,0.4582909,-4.65396
198.3655,-49.4523,0.2379168,0.3027362,0.4626862,-4.654044
198.3915,-48.76835,0.2500665,0.295347,0.4673738,-4.65411
198.4175,-48.0065,0.2636331,0.2874605,0.4723872,-4.654158
198.4427,-47.16614,0.2782597,0.2792796,0.4776052,-4.654185
198.4679,-46.21459,0.295091,0.2704813,0.4832437,-4.654189
198.4931,-45.12439,0.3148142,0.2609545,0.4893898,-4.654168
198.5183,-43.84037,0.3378579,0.2505863,0.4961391,-4.654116
198.5424,-42.36431,0.3635451,0.2397555,0.5032724,-4.654034
198.5665,-40.59638,0.3944281,0.2278062,0.5112588,-4.653913
198.5906,-38.45864,0.4319807,0.2145268,0.520327,-4.653745
198.6147,-35.82822,0.4772003,0.1997552,0.5307364,-4.653519
198.6388,-32.62463,0.5310749,0.1834469,0.5427376,-4.653225
198.6628,-28.75324,0.5944093,0.1656251,0.5568237,-4.652845
198.6868,-24.31849,0.6647869,0.1467864,0.5732802,-4.652365
198.7108,-19.75779,0.7368121,0.1278898,0.5920785,-4.651777
198.7245,-17.36523,0.7755565,0.1175544,0.6036952,-4.651394
198.7382,-15.29711,0.810569,0.10772,0.6157425,-4.650981
198.7519,-13.68627,0.8406755,0.09850179,0.6279875,-4.650542
198.7656,-12.64006,0.8653352,0.08996659,0.6401781,-4.650085
198.7793,-12.2263,0.8844825,0.08214212,0.6520488,-4.649618
198.7929,-12.44053,0.8983156,0.07503269,0.6633423,-4.64915
198.8066,-13.24569,0.90722,0.06862813,0.6738466,-4.648689
198.8203,-14.58228,0.9116549,0.06291002,0.6834071,-4.648242
198.8339,-16.355,0.9119064,0.05788057,0.6918754,-4.64782
198.8476,-18.47913,0.9083304,0.05348632,0.6992327,-4.647423
198.8612,-20.87005,0.9010897,0.04970434,0.7054557,-4.647058
198.8748,-23.43968,0.8897828,0.04652701,0.7105441,-4.646726
198.8902,-26.45515,0.8715556,0.04365976,0.7149535,-4.646396
198.9055,-29.52762,0.8474648,0.04151771,0.7180284,-4.646112
198.9209,-32.59709,0.8171914,0.04007543,0.7198521,-4.645876
198.9363,-35.6174,0.7802059,0.03931273,0.7205119,-4.645686
198.9497,-38.20816,0.7421192,0.03918403,0.7202072,-4.645557
198.9632,-40.7331,0.6988653,0.0395446,0.7191375,-4.645463
198.9767,-43.18297,0.6506452,0.04038478,0.7173573,-4.645403
198.9902,-45.55574,0.5983447,0.0416924,0.7149253,-4.645375
199.0037,-47.84886,0.5431947,0.04345789,0.7118978,-4.645378
199.0171,-50.04716,0.486083,0.04568248,0.7083213,-4.645412
199.0306,-52.13512,0.4283087,0.04836382,0.7042457,-4.645475
199.0441,-54.0974,0.371722,0.05149369,0.6997249,-4.645565
199.0575,-55.90188,0.3186487,0.05502598,0.6948601,-4.645679
199.0708,-57.55357,0.2697593,0.05897277,0.6896629,-4.645816
199.0842,-59.04541,0.226069,0.06331198,0.6841844,-4.645975
199.0975,-60.37671,0.1882021,0.06801606,0.6784735,-4.646152
199.1062,-61.16072,0.1667277,0.07126501,0.6746462,-4.646276
199.1149,-61.88126,0.1477383,0.07464571,0.6707515,-4.646408
199.1237,-62.54156,0.1311397,0.07814824,0.6668004,-4.646545
199.1324,-63.14503,0.1167382,0.0817626,0.6628028,-4.646687
199.1411,-63.69537,0.1042903,0.08547879,0.6587681,-4.646835
199.1498,-64.19649,0.09364564,0.089287,0.6547046,-4.646987
199.1585,-64.65216,0.08462678,0.09317773,0.65062,-4.647144
199.1672,-65.06586,0.07698926,0.09714188,0.6465212,-4.647304
199.1758,-65.43792,0.07054105,0.1011368,0.6424486,-4.647466
199.1845,-65.77512,0.06510219,0.1051873,0.6383737,-4.647631
199.1931,-66.08032,0.06054503,0.1092857,0.6343013,-4.647799
199.2018,-66.3561,0.05670496,0.1134248,0.630236,-4.64797
199.2101,-66.59724,0.0535315,0.1174633,0.6263116,-4.648137
199.2185,-66.81506,0.05083922,0.121528,0.6224009,-4.648306
199.2268,-67.01139,0.04856386,0.1256133,0.6185067,-4.648477
199.2352,-67.18788,0.04662616,0.1297145,0.6146317,-4.648649
199.244,-67.35411,0.04487308,0.1340492,0.6105706,-4.648832
199.2528,-67.50159,0.04338839,0.1383911,0.6065362,-4.649017
199.2616,-67.63181,0.04213701,0.1427355,0.6025306,-4.649203
199.2704,-67.7461,0.04107302,0.147078,0.5985559,-4.64939
199.2801,-67.85494,0.04007149,0.1518521,0.5942179,-4.649596
199.2898,-67.94741,0.03923483,0.1566141,0.5899217,-4.649804
199.2995,-68.02483,0.03854356,0.1613594,0.5856694,-4.650012
199.3092,-68.0884,0.03796883,0.166084,0.5814627,-4.650221
199.3203,-68.14542,0.03742393,0.1714491,0.5767163,-4.650461
199.3314,-68.18722,0.03699318,0.1767772,0.5720333,-4.650701
199.3425,-68.21511,0.03666544,0.1820634,0.5674155,-4.650941
199.3536,-68.23024,0.03642065,0.1873038,0.5628642,-4.651182
199.3666,-68.2331,0.03621602,0.1934213,0.5575827,-4.651466
199.3797,-68.22117,0.03610238,0.1994643,0.5523974,-4.651749
199.3928,-68.19581,0.0360728,0.2054282,0.5473096,-4.652033
199.4058,-68.15823,0.03611183,0.2113086,0.5423205,-4.652316
199.4218,-68.09746,0.03623399,0.2183533,0.5363782,-4.65266
199.4377,-68.02182,0.03644093,0.2252632,0.5305847,-4.653003
199.4536,-67.93281,0.03672806,0.2320337,0.524941,-4.653344
199.4695,-67.83175,0.03708178,0.2386607,0.5194474,-4.653684
199.4893,-67.6909,0.03759576,0.246701,0.512822,-4.654104
199.5091,-67.53512,0.03820312,0.2545094,0.5064289,-4.654522
199.5289,-67.36612,0.03890504,0.2620818,0.5002674,-4.654936
199.5487,-67.18536,0.03968093,0.2694154,0.4943364,-4.655346
199.5706,-66.97396,0.04059031,0.2772229,0.4880618,-4.655794
199.5924,-66.75138,0.04159824,0.2847363,0.4820628,-4.656238
199.6143,-66.519,0.04272316,0.2919549,0.4763366,-4.656676
199.6361,-66.27795,0.04391758,0.2988789,0.4708799,-4.657109
199.6561,-66.05024,0.04503357,0.3049682,0.4661112,-4.657501
199.6761,-65.81689,0.04622859,0.3108113,0.4615632,-4.657889
199.6962,-65.57858,0.04752035,0.3164093,0.4572329,-4.658272
199.7162,-65.33587,0.04886717,0.3217639,0.4531171,-4.65865
199.735,-65.10382,0.05015185,0.3265833,0.4494358,-4.659001
199.7539,-64.86879,0.05150089,0.3311898,0.445939,-4.659347
199.7727,-64.63118,0.05292669,0.335585,0.4426238,-4.65969
199.7916,-64.3913,0.05440155,0.3397707,0.4394875,-4.660027
199.811,-64.14231,0.05594173,0.3438619,0.4364429,-4.66037
199.8304,-63.89161,0.05754684,0.347735,0.4335814,-4.660708
199.8498,-63.6395,0.05923141,0.3513921,0.4308998,-4.66104
199.8692,-63.3862,0.06096637,0.3548353,0.4283947,-4.661368
199.8893,-63.12256,0.0627856,0.3581809,0.4259807,-4.661703
199.9094,-62.85818,0.06467402,0.3613015,0.4237492,-4.662032
199.9295,-62.59333,0.066649,0.3641993,0.4216964,-4.662356
199.9496,-62.3281,0.06867692,0.3668771,0.4198186,-4.662674
199.9703,-62.05492,0.07078194,0.369405,0.4180654,-4.662996
199.991,-61.78173,0.0729601,0.3717052,0.4164894,-4.663312
200.0116,-61.50874,0.07523059,0.3737805,0.4150867,-4.663623
200.0323,-61.23593,0.07755686,0.3756337,0.4138532,-4.663928
200.0537,-60.95393,0.07998119,0.3773198,0.4127511,-4.664237
200.0751,-60.67236,0.08248443,0.3787742,0.4118214,-4.66454
200.0965,-60.39138,0.08508816,0.38,0.41106,-4.664837
200.1179,-60.1108,0.08775255,0.3810004,0.4104623,-4.665128
200.1401,-59.8194,0.09054152,0.3818045,0.4100101,-4.665424
200.1623,-59.52853,0.09341885,0.3823715,0.4097258,-4.665713
200.1846,-59.23828,0.09640969,0.3827044,0.4096052,-4.665996
200.2068,-58.94826,0.09946981,0.3828067,0.4096437,-4.666272
200.2299,-58.64617,0.1026791,0.3826722,0.4098479,-4.666553
200.2531,-58.34423,0.1059923,0.3822944,0.4102154,-4.666827
200.2762,-58.04246,0.1094395,0.3816764,0.4107422,-4.667093
200.2993,-57.74018,0.1129715,0.380822,0.4114236,-4.667353
200.3234,-57.42445,0.1166797,0.3796866,0.4122915,-4.667615
200.3474,-57.10779,0.1205179,0.3783016,0.4133186,-4.66787
200.3715,-56.79014,0.1245241,0.3766691,0.4145014,-4.668117
200.3956,-56.47037,0.1286431,0.374793,0.4158357,-4.668356
200.4205,-56.13532,0.1329706,0.3725951,0.4173743,-4.668596
200.4454,-55.79718,0.1374737,0.3701395,0.4190697,-4.668827
200.4704,-55.45573,0.1422026,0.3674268,0.4209201,-4.66905
200.4953,-55.10909,0.1470962,0.36446,0.4229223,-4.669264
200.521,-54.74453,0.1522397,0.3611429,0.4251392,-4.669476
200.5466,-54.37286,0.1576406,0.3575554,0.4275157,-4.669678
200.5723,-53.99341,0.1633704,0.3536947,0.4300529,-4.66987
200.5979,-53.60295,0.1693643,0.3495609,0.4327504,-4.670052
200.6241,-53.19017,0.1756696,0.3450714,0.4356614,-4.670227
200.6502,-52.76255,0.1823861,0.3402868,0.4387461,-4.670391
200.6763,-52.31834,0.1896261,0.3351968,0.4420119,-4.670543
200.7025,-51.85146,0.1973323,0.3297944,0.445464,-4.670684
200.7286,-51.3534,0.2054664,0.3240592,0.4491167,-4.670812
200.7548,-50.82458,0.214322,0.3179746,0.4529824,-4.670927
200.781,-50.26017,0.2241008,0.3115133,0.4570815,-4.671027
200.8072,-49.64734,0.2347922,0.3046518,0.461432,-4.671112
200.8329,-48.98214,0.2461912,0.2974933,0.4659731,-4.67118
200.8586,-48.24947,0.2590036,0.2898593,0.4708237,-4.671229
200.8843,-47.43508,0.2736513,0.281683,0.4760343,-4.671258
200.91,-46.50772,0.2903055,0.272899,0.4816572,-4.671265
200.9348,-45.46899,0.3084713,0.2637908,0.4875232,-4.671247
200.9596,-44.26548,0.3297732,0.2539031,0.493941,-4.671202
200.9843,-42.85298,0.3551999,0.2430794,0.5010419,-4.671125
201.0091,-41.14835,0.3854696,0.2311619,0.5089749,-4.671008
201.0328,-39.14572,0.4199282,0.2185332,0.5175446,-4.670854
201.0566,-36.69806,0.4617955,0.2044628,0.5273436,-4.670646
201.0803,-33.71746,0.5124514,0.1888104,0.5386931,-4.670374
201.1041,-30.12431,0.5720151,0.1716528,0.5519135,-4.670024
201.1283,-25.85797,0.6412638,0.1529485,0.5676295,-4.669572
201.1525,-21.2913,0.7139201,0.1339105,0.5857837,-4.669012
201.1767,-16.975,0.7824246,0.1155543,0.6060579,-4.668344
201.2009,-13.72066,0.8395442,0.0987632,0.6275727,-4.667583
201.2133,-12.74204,0.8623912,0.09099093,0.6386247,-4.667168
201.2257,-12.26728,0.880635,0.08379961,0.6494322,-4.666745
201.238,-12.30621,0.8943794,0.07719625,0.6598067,-4.666319
201.2504,-12.84606,0.9039773,0.07117429,0.6695909,-4.665896
201.2628,-13.8463,0.9097923,0.06572061,0.6786522,-4.665483
201.2752,-15.24669,0.9121448,0.0608181,0.6868896,-4.665085
201.2876,-16.98339,0.9112988,0.0564491,0.6942371,-4.664707
201.3,-18.98657,0.9072365,0.05260255,0.7006552,-4.664352
201.3168,-22.01733,0.8959743,0.04818788,0.7078805,-4.66391
201.3337,-25.27736,0.8785878,0.04468246,0.7133883,-4.663522
201.3506,-28.65596,0.8550499,0.04204509,0.7172593,-4.66319
201.3675,-32.04162,0.8238448,0.04026916,0.7195831,-4.662915
201.3825,-34.99138,0.7890184,0.03940005,0.720444,-4.662718
201.3974,-37.87761,0.7476889,0.03915641,0.7202706,-4.662566
201.4124,-40.67986,0.6997591,0.03952102,0.719141,-4.662456
201.4273,-43.39392,0.6460318,0.04047258,0.7171396,-4.662388
201.4429,-46.12644,0.5854612,0.04206638,0.7142179,-4.662359
201.4585,-48.74351,0.5209164,0.04427808,0.71051,-4.662371
201.4741,-51.22313,0.4539432,0.04710666,0.7060909,-4.662424
201.4897,-53.54471,0.3875875,0.05053809,0.7010461,-4.662514
201.5026,-55.33845,0.3351577,0.05383908,0.6964351,-4.662615
201.5156,-56.99144,0.286266,0.05753572,0.6914955,-4.662739
201.5285,-58.49541,0.2419471,0.06160972,0.6862742,-4.662883
201.5415,-59.84779,0.2029446,0.06603755,0.6808171,-4.663046
201.5508,-60.72241,0.1785216,0.06940211,0.6767981,-4.663173
201.56,-61.52362,0.1569521,0.07292163,0.6726956,-4.663307
201.5693,-62.25493,0.1381616,0.07658437,0.6685233,-4.663448
201.5785,-62.92023,0.121938,0.08037837,0.6642937,-4.663596
201.5878,-63.52387,0.1079928,0.08429157,0.6600184,-4.66375
201.5971,-64.0706,0.09616109,0.08831207,0.6557077,-4.663908
201.6063,-64.56498,0.08623746,0.09242839,0.651371,-4.664072
201.6156,-65.01119,0.07791574,0.09662949,0.6470169,-4.66424
201.6242,-65.38779,0.07132595,0.1006182,0.6429435,-4.664401
201.6329,-65.72912,0.06576705,0.1046635,0.638867,-4.664564
201.6415,-66.03808,0.06110916,0.1087575,0.6347926,-4.66473
201.6502,-66.31728,0.05718469,0.1128932,0.6307246,-4.664899
201.6585,-66.56127,0.05394445,0.1169262,0.6268001,-4.665065
201.6669,-66.78171,0.0511959,0.1209859,0.6228889,-4.665232
201.6752,-66.98045,0.0488734,0.1250671,0.6189938,-4.665401
201.6836,-67.15916,0.04689602,0.1291645,0.6151177,-4.665572
201.6924,-67.3272,0.04511081,0.1334873,0.6110631,-4.665753
201.7012,-67.4764,0.04359879,0.1378179,0.6070347,-4.665935
201.71,-67.60824,0.04232417,0.1421514,0.6030348,-4.666119
201.7188,-67.72405,0.04124027,0.1464836,0.5990655,-4.666304
201.7284,-67.83436,0.04022095,0.1512415,0.5947377,-4.666508
201.7381,-67.92823,0.0393689,0.1559879,0.5904514,-4.666713
201.7478,-68.007,0.0386643,0.1607182,0.5862084,-4.666919
201.7574,-68.07186,0.03807787,0.1654284,0.5820105,-4.667126
201.7685,-68.13024,0.03752165,0.1707726,0.5772783,-4.667362
201.7795,-68.17338,0.03708082,0.1760805,0.5726087,-4.667599
201.7905,-68.20256,0.03674402,0.1813475,0.5680035,-4.667836
201.8016,-68.21896,0.03649097,0.1865693,0.5634642,-4.668074
201.8146,-68.22328,0.03627754,0.1926609,0.5582004,-4.668354
201.8276,-68.21279,0.03615569,0.1986794,0.5530317,-4.668634
201.8406,-68.18886,0.03611837,0.2046198,0.5479594,-4.668914
201.8536,-68.15268,0.03615002,0.2104781,0.5429847,-4.669193
201.8694,-68.09365,0.03626346,0.2174923,0.5370629,-4.669532
201.8852,-68.01975,0.03646185,0.2243738,0.5312883,-4.66987
201.9011,-67.93246,0.03674051,0.2311178,0.5256616,-4.670207
201.9169,-67.83311,0.03708585,0.2377204,0.5201833,-4.670542
201.9366,-67.6943,0.03758993,0.2457371,0.5135714,-4.670957
201.9563,-67.54051,0.03818725,0.2535245,0.5071896,-4.671369
201.976,-67.37346,0.03887866,0.2610787,0.5010371,-4.671778
201.9957,-67.19462,0.03964405,0.268397,0.4951129,-4.672183
202.0176,-66.98395,0.04054829,0.2762382,0.488805,-4.672628
202.0394,-66.76191,0.04155166,0.2837849,0.4827737,-4.673069
202.0613,-66.52991,0.04267232,0.2910362,0.4770161,-4.673504
202.0831,-66.28912,0.04386314,0.2979921,0.471529,-4.673934
202.1032,-66.06108,0.04497868,0.3041217,0.4667242,-4.674324
202.1233,-65.82729,0.04617404,0.3100035,0.4621417,-4.67471
202.1434,-65.58844,0.04746715,0.3156386,0.4577786,-4.67509
202.1635,-65.34512,0.0488158,0.3210285,0.4536317,-4.675466
202.1823,-65.11299,0.0500991,0.3258681,0.4499315,-4.675815
202.2012,-64.87784,0.05144711,0.3304943,0.4464163,-4.676158
202.22,-64.64007,0.05287227,0.3349088,0.4430834,-4.676498
202.2389,-64.39999,0.05434672,0.3391132,0.4399297,-4.676833
202.2583,-64.15109,0.05588465,0.3432181,0.4368718,-4.677172
202.2777,-63.90044,0.05748761,0.347105,0.433997,-4.677506
202.2971,-63.64837,0.05917007,0.3507758,0.4313023,-4.677836
202.3164,-63.39508,0.06090304,0.3542328,0.4287842,-4.67816
202.3365,-63.13135,0.06272102,0.3575938,0.4263562,-4.678492
202.3566,-62.86686,0.06460831,0.3607295,0.4241109,-4.678818
202.3767,-62.60188,0.06658225,0.3636424,0.4220447,-4.679138
202.3968,-62.3365,0.06860927,0.366335,0.4201538,-4.679453
202.4175,-62.06315,0.0707136,0.368878,0.4183873,-4.679772
202.4382,-61.78978,0.0728912,0.3711931,0.4167985,-4.680084
202.4589,-61.51661,0.07516124,0.3732831,0.4153833,-4.680391
202.4795,-61.2436,0.07748719,0.3751508,0.4141375,-4.680693
202.5009,-60.96141,0.07991107,0.3768514,0.4130233,-4.680998
202.5223,-60.67966,0.08241396,0.3783202,0.4120819,-4.681298
202.5437,-60.39849,0.08501742,0.3795601,0.4113089,-4.681591
202.5651,-60.11772,0.08768163,0.3805744,0.4107001,-4.681879
202.5873,-59.82613,0.09047048,0.3813928,0.4102366,-4.682171
202.6095,-59.53506,0.09334775,0.3819738,0.4099415,-4.682457
202.6317,-59.24462,0.09633855,0.3823205,0.4098103,-4.682736
202.6539,-58.95441,0.09939872,0.3824364,0.4098386,-4.683008
202.6771,-58.65213,0.1026083,0.3823159,0.4100324,-4.683285
202.7002,-58.35,0.1059217,0.3819519,0.4103899,-4.683555
202.7233,-58.04804,0.1093692,0.3813474,0.410907,-4.683818
202.7464,-57.74558,0.1129014,0.3805062,0.4115792,-4.684073
202.7705,-57.42966,0.1166102,0.3793843,0.4124377,-4.684332
202.7945,-57.11282,0.1204489,0.3780125,0.4134558,-4.684583
202.8186,-56.795,0.1244555,0.376393,0.41463,-4.684826
202.8426,-56.47507,0.1285749,0.3745296,0.415956,-4.685061
202.8675,-56.13984,0.1329032,0.3723445,0.4174864,-4.685297
202.8925,-55.80155,0.137407,0.3699013,0.4191739,-4.685524
202.9174,-55.45995,0.1421364,0.3672008,0.4210168,-4.685742
202.9423,-55.11318,0.1470304,0.3642459,0.4230118,-4.685953
202.968,-54.74848,0.1521747,0.3609404,0.4252218,-4.68616
202.9936,-54.37667,0.1575763,0.3573643,0.4275917,-4.686357
203.0193,-53.99712,0.1633064,0.3535147,0.4301226,-4.686545
203.0449,-53.60658,0.1693004,0.3493918,0.432814,-4.686723
203.0711,-53.19371,0.1756063,0.3449125,0.4357194,-4.686894
203.0972,-52.76603,0.1823231,0.340138,0.4387988,-4.687054
203.1233,-52.32179,0.1895627,0.3350576,0.4420596,-4.687202
203.1494,-51.85492,0.197268,0.3296649,0.4455067,-4.687338
203.1756,-51.35687,0.2054016,0.3239384,0.449155,-4.687462
203.2018,-50.82812,0.2142559,0.3178625,0.4530166,-4.687573
203.228,-50.26385,0.2240322,0.3114098,0.4571116,-4.687669
203.2542,-49.65125,0.2347199,0.3045569,0.461458,-4.687749
203.2799,-48.98632,0.2461149,0.2974061,0.4659955,-4.687812
203.3056,-48.25407,0.2589213,0.2897802,0.4708425,-4.687857
203.3313,-47.44025,0.2735602,0.2816122,0.4760493,-4.687883
203.357,-46.51369,0.2902022,0.2728371,0.481668,-4.687885
203.3818,-45.47599,0.3083531,0.2637376,0.4875298,-4.687864
203.4066,-44.27388,0.3296345,0.2538596,0.4939429,-4.687815
203.4313,-42.86328,0.3550329,0.243047,0.501038,-4.687733
203.4561,-41.16127,0.3852642,0.2311424,0.5089639,-4.687613
203.4799,-39.16215,0.4196715,0.2185291,0.5175245,-4.687455
203.5036,-36.71926,0.4614717,0.2044768,0.5273118,-4.687244
203.5274,-33.74481,0.5120458,0.1888446,0.5386461,-4.686968
203.5511,-30.15881,0.5715195,0.1717078,0.5518472,-4.686615
203.5753,-25.90024,0.6406749,0.1530236,0.5675376,-4.68616
203.5995,-21.33848,0.7132855,0.1339984,0.5856638,-4.685597
203.6237,-17.02148,0.781819,0.1156454,0.6059124,-4.684926
203.6479,-13.75941,0.8390343,0.09884976,0.6274085,-4.684162
203.6603,-12.77413,0.8619489,0.0910721,0.6384573,-4.683746
203.6727,-12.2919,0.8802619,0.08387488,0.6492646,-4.68332
203.6851,-12.32308,0.8940728,0.07726541,0.659642,-4.682892
203.6975,-12.85532,0.9037323,0.07123731,0.6694317,-4.682468
203.7099,-13.8485,0.909603,0.06577756,0.6785004,-4.682053
203.7222,-15.24257,0.9120059,0.06086914,0.6867469,-4.681653
203.7346,-16.97385,0.9112058,0.05649439,0.6941047,-4.681272
203.747,-18.97255,0.9071867,0.05264225,0.7005338,-4.680915
203.7639,-22.0019,0.8959645,0.04821613,0.7077811,-4.68047
203.7808,-25.2624,0.878608,0.04470132,0.7133072,-4.680078
203.7977,-28.64286,0.8550951,0.04205637,0.7171928,-4.679742
203.8146,-32.03103,0.8238998,0.04027485,0.7195273,-4.679463
203.8296,-34.97815,0.7891273,0.03940349,0.720394,-4.679265
203.8446,-37.86209,0.747862,0.03915685,0.7202274,-4.679109
203.8595,-40.66236,0.7000065,0.03951775,0.7191052,-4.678997
203.8745,-43.37468,0.6463582,0.04046492,0.7171118,-4.678926
203.8901,-46.10976,0.5857731,0.04205635,0.7141936,-4.678894
203.9057,-48.7293,0.5211975,0.04426682,0.7104873,-4.678904
203.9213,-51.21123,0.4541769,0.04709531,0.706068,-4.678954
203.9369,-53.53496,0.387766,0.05052771,0.7010215,-4.679041
203.9498,-55.32851,0.3353452,0.05382659,0.6964132,-4.67914
203.9628,-56.98139,0.286456,0.057521,0.6914762,-4.679262
203.9758,-58.48535,0.2421335,0.06159265,0.6862574,-4.679404
203.9887,-59.83777,0.203122,0.06601805,0.6808026,-4.679564
203.998,-60.71323,0.1786692,0.06938399,0.6767815,-4.679689
204.0072,-61.51515,0.1570736,0.07290515,0.6726767,-4.679822
204.0165,-62.24706,0.1382612,0.07656974,0.6685019,-4.679962
204.0258,-62.91285,0.1220195,0.08036579,0.6642697,-4.680108
204.0351,-63.51687,0.1080596,0.08428119,0.6599916,-4.68026
204.0443,-64.06389,0.09621649,0.08830404,0.6556781,-4.680418
204.0536,-64.55847,0.08628437,0.0924228,0.6513387,-4.68058
204.0629,-65.00482,0.07795642,0.09662642,0.6469817,-4.680747
204.0715,-65.38128,0.07136571,0.1006153,0.642908,-4.680906
204.0801,-65.72246,0.06580609,0.1046606,0.6388313,-4.681068
204.0888,-66.03126,0.06114767,0.1087547,0.6347565,-4.681233
204.0974,-66.31029,0.05722281,0.1128903,0.6306883,-4.6814
204.1058,-66.55413,0.05398209,0.1169236,0.6267634,-4.681564
204.1142,-66.77441,0.05123324,0.1209836,0.6228517,-4.68173
204.1225,-66.97297,0.04891059,0.1250648,0.6189562,-4.681898
204.1309,-67.15149,0.04693318,0.1291624,0.6150797,-4.682067
204.1397,-67.31935,0.04514794,0.1334855,0.6110245,-4.682247
204.1485,-67.46836,0.04363603,0.1378164,0.6069955,-4.682428
204.1573,-67.59999,0.04236164,0.1421501,0.6029951,-4.68261
204.1661,-67.71559,0.04127807,0.1464825,0.5990253,-4.682793
204.1758,-67.82566,0.04025912,0.1512408,0.5946968,-4.682996
204.1854,-67.91929,0.03940757,0.1559876,0.5904098,-4.6832
204.1951,-67.99781,0.03870357,0.1607182,0.5861661,-4.683404
204.2048,-68.06241,0.03811783,0.1654285,0.5819677,-4.683609
204.2158,-68.1205,0.03756245,0.1707734,0.5772344,-4.683844
204.2269,-68.16333,0.03712257,0.1760818,0.5725639,-4.684079
204.2379,-68.1922,0.03678683,0.1813492,0.5679579,-4.684315
204.249,-68.20828,0.03653494,0.1865713,0.5634179,-4.68455
204.262,-68.2122,0.03632297,0.192664,0.5581527,-4.684829
204.275,-68.20132,0.03620272,0.1986833,0.5529827,-4.685106
204.288,-68.17697,0.03616713,0.2046244,0.5479093,-4.685384
204.301,-68.14037,0.03620065,0.210483,0.5429338,-4.685661
204.3169,-68.08081,0.03631654,0.217499,0.5370098,-4.685998
204.3327,-68.00635,0.0365176,0.2243819,0.5312334,-4.686334
204.3486,-67.9185,0.03679913,0.2311269,0.5256053,-4.686668
204.3644,-67.81857,0.03714751,0.23773,0.5201261,-4.687001
204.3841,-67.67901,0.03765567,0.2457479,0.5135124,-4.687413
204.4039,-67.52446,0.0382574,0.2535358,0.5071295,-4.687822
204.4236,-67.35664,0.03895361,0.2610899,0.5009766,-4.688227
204.4433,-67.17703,0.03972406,0.2684071,0.4950526,-4.688629
204.4652,-66.96572,0.04063301,0.2762381,0.4887523,-4.689071
204.487,-66.74308,0.04164134,0.2837743,0.4827289,-4.689507
204.5089,-66.51049,0.04276728,0.2910149,0.4769792,-4.689939
204.5308,-66.26913,0.04396355,0.2979599,0.4715002,-4.690365
204.5508,-66.04069,0.04508366,0.3040768,0.4667048,-4.690751
204.5709,-65.80652,0.04628368,0.3099458,0.4621318,-4.691133
204.591,-65.56731,0.04758155,0.3155682,0.4577781,-4.69151
204.6111,-65.32364,0.0489351,0.3209454,0.4536405,-4.691882
204.6299,-65.09107,0.05022394,0.3257761,0.4499467,-4.692227
204.6488,-64.85548,0.05157764,0.3303932,0.4464382,-4.692567
204.6677,-64.61728,0.05300869,0.3347983,0.4431119,-4.692903
204.6865,-64.37679,0.05448919,0.3389932,0.4399652,-4.693235
204.7059,-64.12739,0.05603394,0.3430894,0.4369135,-4.693571
204.7253,-63.87626,0.05764395,0.3469672,0.4340453,-4.693902
204.7447,-63.62372,0.05933373,0.3506286,0.4313572,-4.694228
204.7641,-63.36997,0.06107422,0.3540758,0.4288461,-4.694549
204.7842,-63.10579,0.06289999,0.3574261,0.4264256,-4.694876
204.8043,-62.84086,0.06479531,0.3605509,0.4241881,-4.695199
204.8245,-62.57544,0.06677756,0.3634526,0.4221298,-4.695515
204.8446,-62.30965,0.06881309,0.3661337,0.4202469,-4.695827
204.8653,-62.03585,0.07092647,0.3686647,0.4184888,-4.696142
204.8859,-61.76205,0.07311338,0.3709675,0.4169085,-4.696451
204.9066,-61.48844,0.07539304,0.3730449,0.4155019,-4.696754
204.9273,-61.21501,0.07772886,0.3748998,0.414265,-4.697052
204.9487,-60.93237,0.08016336,0.3765869,0.41316,-4.697353
204.9701,-60.65015,0.08267721,0.3780419,0.4122279,-4.697649
204.9915,-60.36852,0.08529202,0.3792676,0.4114644,-4.697939
205.0129,-60.08729,0.0879679,0.3802674,0.4108653,-4.698222
205.0352,-59.7952,0.09076927,0.3810703,0.410412,-4.69851
205.0574,-59.50364,0.09365949,0.3816355,0.4101272,-4.698792
205.0796,-59.21268,0.09666381,0.381966,0.4100066,-4.699067
205.1019,-58.92196,0.09973794,0.3820654,0.4100455,-4.699335
205.125,-58.61911,0.1029624,0.3819271,0.4102507,-4.699608
205.1481,-58.31639,0.1062914,0.381545,0.4106197,-4.699873
205.1713,-58.01382,0.1097554,0.380922,0.4111485,-4.700132
205.1944,-57.71074,0.1133048,0.3800618,0.4118325,-4.700383
205.2185,-57.39412,0.1170319,0.3789198,0.4127036,-4.700637
205.2426,-57.07654,0.12089,0.3775273,0.4137345,-4.700883
205.2666,-56.75794,0.1249174,0.3758867,0.4149216,-4.701121
205.2907,-56.43717,0.1290587,0.3740017,0.4162608,-4.701352
205.3156,-56.10102,0.1334104,0.3717937,0.4178051,-4.701583
205.3406,-55.76172,0.1379396,0.3693271,0.4195068,-4.701805
205.3655,-55.41903,0.1426965,0.3666027,0.4213642,-4.702019
205.3905,-55.07105,0.1476202,0.363623,0.4233741,-4.702224
205.4161,-54.70502,0.1527963,0.3602919,0.4255995,-4.702426
205.4418,-54.33173,0.158233,0.3566894,0.4279854,-4.702619
205.4675,-53.95051,0.1640023,0.3528124,0.4305329,-4.702801
205.4932,-53.55807,0.1700397,0.348661,0.4332416,-4.702974
205.5193,-53.1431,0.1763922,0.344153,0.4361645,-4.703139
205.5454,-52.71299,0.183162,0.3393483,0.4392625,-4.703293
205.5716,-52.26596,0.1904628,0.3342362,0.442543,-4.703436
205.5977,-51.79582,0.198238,0.3288096,0.4460113,-4.703566
205.6239,-51.29407,0.2064474,0.3230497,0.449681,-4.703684
205.65,-50.76092,0.2153911,0.3169376,0.4535659,-4.703789
205.6762,-50.19141,0.2252743,0.3104452,0.4576869,-4.703879
205.7024,-49.57241,0.2360892,0.3035485,0.4620625,-4.703954
205.7281,-48.90007,0.2476255,0.2963541,0.4666299,-4.70401
205.7538,-48.1587,0.2606049,0.2886785,0.4715113,-4.704049
205.7795,-47.33359,0.2754589,0.2804533,0.4767586,-4.704067
205.8052,-46.39267,0.2923676,0.2716113,0.4824255,-4.704063
205.8299,-45.33763,0.3108266,0.2624411,0.48834,-4.704034
205.8546,-44.11343,0.3324974,0.2524784,0.4948174,-4.703978
205.8794,-42.67456,0.3583912,0.2415638,0.5019924,-4.703888
205.9041,-40.93583,0.3892455,0.2295374,0.5100184,-4.703759
205.9279,-38.89051,0.4244181,0.2167779,0.5187051,-4.703591
205.9516,-36.38899,0.4671495,0.2025587,0.5286518,-4.703369
205.9753,-33.34528,0.5187646,0.1867537,0.5401842,-4.703081
205.9991,-29.6894,0.5792399,0.1694706,0.5536215,-4.702713
206.0233,-25.37417,0.6490675,0.1507126,0.5695846,-4.702243
206.0475,-20.81858,0.7215576,0.1317355,0.5879647,-4.701664
206.0717,-16.60227,0.789025,0.1135558,0.608384,-4.700978
206.0959,-13.52279,0.8444169,0.09701386,0.6299095,-4.700202
206.1085,-12.63483,0.8667303,0.0892031,0.6411605,-4.699772
206.1212,-12.27873,0.8842586,0.0820018,0.6521096,-4.699333
206.1339,-12.45677,0.8971589,0.075414,0.6625605,-4.698894
206.1465,-13.14807,0.905823,0.06943057,0.6723531,-4.698461
206.1592,-14.30323,0.9106197,0.06403671,0.6813558,-4.698039
206.1719,-15.85503,0.9118777,0.05921345,0.6894719,-4.697635
206.1845,-17.73424,0.9098511,0.05494182,0.696642,-4.697252
206.1972,-19.86603,0.9044561,0.05121126,0.7028333,-4.696895
206.2136,-22.88527,0.8919126,0.04716756,0.7093918,-4.696474
206.2301,-26.08786,0.8733947,0.04397851,0.7143404,-4.696105
206.2465,-29.37681,0.8487697,0.04160851,0.7177604,-4.695789
206.2629,-32.65942,0.8168083,0.04004626,0.7197402,-4.695527
206.2782,-35.65678,0.7799312,0.03929887,0.7203865,-4.695331
206.2935,-38.58332,0.7362545,0.0391981,0.7199748,-4.695181
206.3088,-41.419,0.6857204,0.03972702,0.7185868,-4.695075
206.324,-44.16087,0.6293576,0.0408634,0.7163118,-4.695012
206.3392,-46.78362,0.5694038,0.04256874,0.7132696,-4.694989
206.3543,-49.2938,0.5061628,0.04485446,0.7095056,-4.695006
206.3694,-51.67054,0.4411957,0.04771894,0.7050888,-4.695059
206.3846,-53.89382,0.3772583,0.05114949,0.7000968,-4.695148
206.3976,-55.67002,0.3251427,0.05454776,0.6953929,-4.69525
206.4106,-57.30191,0.2768485,0.05834278,0.690366,-4.695375
206.4237,-58.78216,0.233367,0.06251478,0.6850639,-4.695519
206.4367,-60.10927,0.1953552,0.06703886,0.6795326,-4.695682
206.4457,-60.93522,0.1725052,0.07034063,0.6756168,-4.695804
206.4547,-61.69312,0.1523098,0.07378472,0.6716263,-4.695933
206.4636,-62.38633,0.1346831,0.07736037,0.6675732,-4.696068
206.4726,-63.01849,0.119423,0.08105669,0.6634686,-4.69621
206.4816,-63.59358,0.1062659,0.08486274,0.659323,-4.696356
206.4905,-64.11592,0.09505475,0.08876776,0.6551455,-4.696508
206.4995,-64.5896,0.08559899,0.09276135,0.6509447,-4.696664
206.5085,-65.01844,0.0776271,0.09683354,0.6467281,-4.696824
206.5171,-65.39293,0.07109261,0.1008263,0.6426531,-4.696982
206.5258,-65.73229,0.065581,0.1048751,0.6385754,-4.697143
206.5344,-66.03938,0.06096318,0.1089723,0.6344999,-4.697306
206.5431,-66.31681,0.05707259,0.1131106,0.6304312,-4.697472
206.5515,-66.55922,0.05385975,0.1171465,0.6265057,-4.697635
206.5598,-66.77816,0.0511345,0.1212088,0.6225936,-4.6978
206.5682,-66.97546,0.04883174,0.1252921,0.6186979,-4.697967
206.5766,-67.15279,0.0468712,0.1293913,0.6148214,-4.698135
206.5854,-67.31962,0.04509956,0.13372,0.6107625,-4.698313
206.5942,-67.46762,0.04359941,0.1380561,0.6067301,-4.698493
206.603,-67.59828,0.0423352,0.1423949,0.6027265,-4.698674
206.6118,-67.71294,0.04126053,0.1467319,0.5987537,-4.698856
206.6215,-67.82207,0.04024968,0.1514977,0.5944197,-4.699058
206.6312,-67.91476,0.03940536,0.1562516,0.5901275,-4.69926
206.6409,-67.99236,0.03870789,0.160989,0.585879,-4.699464
206.6506,-68.05605,0.0381281,0.1657058,0.581676,-4.699668
206.6617,-68.11314,0.03757869,0.1710605,0.5769352,-4.699901
206.6728,-68.15498,0.03714445,0.1763782,0.5722577,-4.700135
206.6838,-68.18285,0.03681406,0.1816543,0.5676452,-4.70037
206.6949,-68.19794,0.03656734,0.1868847,0.5630991,-4.700604
206.708,-68.2007,0.03636116,0.1929899,0.5578243,-4.700881
206.721,-68.18863,0.03624668,0.1990208,0.5526454,-4.701158
206.7341,-68.1631,0.03621685,0.2049727,0.547564,-4.701434
206.7471,-68.12531,0.03625614,0.2108413,0.5425811,-4.70171
206.7631,-68.06424,0.03637924,0.2178728,0.5366454,-4.702045
206.779,-67.98827,0.03658772,0.2247696,0.5308585,-4.702379
206.7949,-67.89889,0.03687693,0.2315271,0.5252212,-4.702712
206.8108,-67.79742,0.03723323,0.2381413,0.519734,-4.703043
206.8306,-67.65593,0.03775139,0.2461709,0.5131123,-4.703453
206.8504,-67.49946,0.03836366,0.2539683,0.5067232,-4.70386
206.8702,-67.32972,0.03907115,0.2615296,0.5005659,-4.704264
206.89,-67.14819,0.03985326,0.2688519,0.4946394,-4.704664
206.9119,-66.9357,0.04077107,0.2766539,0.4883642,-4.705101
206.9337,-66.71198,0.04178833,0.284161,0.4823656,-4.705533
206.9556,-66.47841,0.04292353,0.2913724,0.4766406,-4.70596
206.9775,-66.23616,0.044129,0.2982884,0.4711859,-4.706382
206.9975,-66.00729,0.04525575,0.3043701,0.4664193,-4.706764
207.0175,-65.77276,0.04646223,0.3102049,0.4618742,-4.707141
207.0376,-65.53328,0.04776626,0.3157938,0.4575475,-4.707514
207.0576,-65.28938,0.04912597,0.3211384,0.4534361,-4.707881
207.0765,-65.05621,0.05042325,0.3259479,0.4497594,-4.708223
207.0954,-64.82005,0.05178549,0.3305438,0.4462679,-4.70856
207.1142,-64.58131,0.05322516,0.3349277,0.4429586,-4.708892
207.1331,-64.34032,0.05471444,0.3391013,0.4398288,-4.70922
207.1525,-64.09019,0.05626979,0.3431792,0.4367917,-4.709552
207.172,-63.83836,0.0578907,0.3470382,0.4339383,-4.70988
207.1914,-63.58514,0.05959176,0.3506804,0.4312654,-4.710203
207.2108,-63.33074,0.06134375,0.354108,0.4287695,-4.71052
207.2309,-63.06596,0.06318108,0.3574367,0.4263657,-4.710844
207.2511,-62.80046,0.06508825,0.3605396,0.424145,-4.711163
207.2712,-62.53449,0.06708271,0.3634191,0.4221035,-4.711476
207.2913,-62.26817,0.06913069,0.3660776,0.4202376,-4.711783
207.312,-61.99382,0.07125718,0.3685853,0.4184969,-4.712094
207.3328,-61.71947,0.07345752,0.3708645,0.4169341,-4.7124
207.3535,-61.44534,0.07575103,0.3729179,0.4155451,-4.712699
207.3742,-61.1714,0.07810098,0.3747484,0.4143258,-4.712993
207.3956,-60.88817,0.08055073,0.3764102,0.4132388,-4.713291
207.417,-60.60538,0.08308024,0.3778396,0.4123249,-4.713582
207.4385,-60.32319,0.08571128,0.3790393,0.4115798,-4.713868
207.4599,-60.04139,0.08840378,0.3800125,0.410999,-4.714147
207.4821,-59.74868,0.09122295,0.3807876,0.4105649,-4.714431
207.5044,-59.45648,0.09413159,0.3813245,0.4102994,-4.714708
207.5267,-59.16489,0.0971551,0.3816262,0.4101982,-4.714979
207.5489,-58.8735,0.100249,0.3816963,0.4102566,-4.715244
207.5721,-58.56993,0.1034946,0.3815272,0.4104821,-4.715512
207.5953,-58.26646,0.1068457,0.3811136,0.4108717,-4.715773
207.6185,-57.96312,0.1103329,0.3804586,0.4114211,-4.716027
207.6416,-57.65921,0.1139065,0.379566,0.4121259,-4.716273
207.6657,-57.34168,0.1176595,0.3783898,0.4130187,-4.716522
207.6898,-57.02313,0.121545,0.3769624,0.4140714,-4.716764
207.7139,-56.70349,0.1256017,0.3752864,0.4152805,-4.716997
207.738,-56.38159,0.1297741,0.3733653,0.416642,-4.717223
207.763,-56.0442,0.1341589,0.3711197,0.4182094,-4.717449
207.788,-55.70354,0.1387237,0.3686147,0.4199345,-4.717666
207.813,-55.35935,0.1435198,0.365851,0.4218156,-4.717875
207.8379,-55.00969,0.1484857,0.3628313,0.4238497,-4.718075
207.8636,-54.64182,0.1537068,0.3594591,0.4260999,-4.718271
207.8893,-54.26645,0.1591933,0.3558143,0.4285111,-4.718458
207.915,-53.88289,0.1650186,0.3518939,0.4310847,-4.718635
207.9407,-53.48777,0.1711182,0.3476976,0.4338206,-4.718802
207.9669,-53.06981,0.1775371,0.3431445,0.4367706,-4.718961
207.993,-52.63625,0.1843827,0.3382929,0.4398971,-4.71911
208.0191,-52.18522,0.1917714,0.3331315,0.4432079,-4.719246
208.0453,-51.71034,0.1996475,0.3276528,0.4467086,-4.71937
208.0715,-51.20324,0.2079662,0.3218416,0.4504104,-4.719482
208.0976,-50.66372,0.2170391,0.3156744,0.4543304,-4.71958
208.1238,-50.08659,0.2270776,0.309122,0.4584902,-4.719663
208.1499,-49.45823,0.2380778,0.3021592,0.4629094,-4.719731
208.1756,-48.77502,0.2498202,0.2948991,0.467521,-4.71978
208.2013,-48.02024,0.2630526,0.2871492,0.4724534,-4.719811
208.227,-47.17848,0.2782222,0.2788383,0.4777607,-4.719822
208.2526,-46.21629,0.2955234,0.2698966,0.4834988,-4.719809
208.2773,-45.13555,0.3144367,0.2606205,0.4894912,-4.719772
208.302,-43.87851,0.3366832,0.2505315,0.4960639,-4.719706
208.3267,-42.39752,0.3633099,0.2394651,0.5033574,-4.719606
208.3514,-40.60411,0.3950857,0.2272577,0.5115317,-4.719466
208.3751,-38.48978,0.4313959,0.2142797,0.520407,-4.719286
208.3988,-35.90097,0.4755033,0.1998134,0.5305921,-4.71905
208.4226,-32.75512,0.528636,0.1837562,0.5424202,-4.718746
208.4463,-28.99889,0.5905303,0.1662667,0.5562075,-4.71836
208.4705,-24.6042,0.6612894,0.1474008,0.5725857,-4.717868
208.4947,-20.06682,0.7335013,0.1284948,0.591347,-4.717266
208.5189,-16.01063,0.7993022,0.1105635,0.6120166,-4.716559
208.5431,-13.20948,0.8519806,0.09438136,0.6335785,-4.715768
208.5563,-12.47342,0.8735055,0.08645902,0.6452175,-4.715314
208.5695,-12.32092,0.8898999,0.07920154,0.6564489,-4.714854
208.5827,-12.74013,0.9014137,0.07260783,0.6670608,-4.714396
208.5959,-13.69512,0.9085005,0.06666433,0.6768883,-4.713947
208.6091,-15.12,0.9115244,0.06135352,0.6858014,-4.713514
208.6224,-16.93489,0.9108284,0.0566528,0.6937119,-4.713103
208.6356,-19.06097,0.9066466,0.05254069,0.7005725,-4.712718
208.6488,-21.41427,0.8987579,0.04900773,0.7063629,-4.712362
208.6646,-24.42705,0.8838438,0.04552244,0.7119076,-4.711978
208.6805,-27.55951,0.8630765,0.04282262,0.7159841,-4.711643
208.6964,-30.73334,0.8362095,0.0408787,0.7186749,-4.711358
208.7122,-33.87998,0.8023685,0.03967433,0.7200675,-4.711124
208.7282,-36.98424,0.7609835,0.03918249,0.7202639,-4.710937
208.7442,-40.0028,0.7121709,0.03938684,0.7193468,-4.710799
208.7601,-42.91537,0.6559644,0.04027179,0.7174058,-4.710709
208.7761,-45.72082,0.5939751,0.04181296,0.7145425,-4.710665
208.7905,-48.15701,0.5349783,0.04374889,0.7112512,-4.710663
208.8049,-50.48263,0.4739495,0.04620748,0.7073421,-4.710695
208.8193,-52.67827,0.4124554,0.04918573,0.702876,-4.710759
208.8337,-54.72534,0.3528272,0.05267192,0.6979192,-4.710855
208.8469,-56.45361,0.3017933,0.05629598,0.6930067,-4.710967
208.8601,-58.03029,0.2552083,0.06031649,0.6877875,-4.7111
208.8732,-59.45067,0.2139373,0.0647103,0.6823101,-4.711254
208.8864,-60.71587,0.1784086,0.06944952,0.6766207,-4.711425
208.8942,-61.38762,0.160265,0.07237447,0.6732056,-4.711533
208.9019,-62.01032,0.1440431,0.0754002,0.6697405,-4.711645
208.9096,-62.58627,0.1296628,0.07851973,0.6662329,-4.711763
208.9173,-63.11791,0.1169912,0.08172612,0.6626897,-4.711884
208.9251,-63.60784,0.1058674,0.08501239,0.6591173,-4.71201
208.9328,-64.05876,0.09617541,0.08837169,0.6555216,-4.712139
208.9405,-64.47328,0.08778488,0.09179739,0.651908,-4.712271
208.9482,-64.85389,0.08053311,0.09528305,0.6482815,-4.712407
208.957,-65.24847,0.07345867,0.09931148,0.6441478,-4.712564
208.9658,-65.60566,0.06750254,0.1034007,0.6400093,-4.712725
208.9746,-65.92856,0.06252492,0.1075426,0.6358713,-4.712889
208.9834,-66.21998,0.05834198,0.1117294,0.6317388,-4.713055
208.9917,-66.47027,0.05494955,0.1157459,0.6278179,-4.713216
209.0001,-66.6965,0.05207202,0.1197906,0.6239093,-4.713379
209.0084,-66.90057,0.0496408,0.123858,0.6200161,-4.713543
209.0168,-67.08418,0.04757149,0.1279429,0.616141,-4.713709
209.0256,-67.25652,0.04570901,0.1322418,0.6120981,-4.713884
209.0343,-67.40972,0.0441314,0.1365496,0.6080806,-4.714061
209.0431,-67.54529,0.04280119,0.1408616,0.6040908,-4.71424
209.0519,-67.66459,0.04166983,0.1451733,0.6001308,-4.714419
209.0615,-67.77817,0.04060863,0.1498958,0.5958252,-4.714617
209.0711,-67.87515,0.03972054,0.1546082,0.5915599,-4.714815
209.0807,-67.95687,0.03898483,0.1593057,0.587337,-4.715015
209.0903,-68.02455,0.03837125,0.1639844,0.5831581,-4.715215
209.1012,-68.08589,0.037789,0.1692827,0.5784565,-4.715444
209.1122,-68.13188,0.03732515,0.1745465,0.5738161,-4.715673
209.1231,-68.16384,0.03696788,0.179771,0.5692386,-4.715903
209.1341,-68.18292,0.03669638,0.1849522,0.5647254,-4.716133
209.1469,-68.1903,0.03646355,0.1909865,0.5595007,-4.716403
209.1598,-68.18282,0.03632383,0.1969503,0.5543687,-4.716674
209.1727,-68.16185,0.03626991,0.2028388,0.5493308,-4.716944
209.1855,-68.12858,0.03628596,0.2086477,0.5443883,-4.717214
209.2012,-68.07313,0.03638119,0.215594,0.5385122,-4.717541
209.2168,-68.00277,0.03656198,0.2224119,0.5327796,-4.717868
209.2324,-67.91899,0.03682345,0.2290965,0.5271914,-4.718193
209.2481,-67.82311,0.03715194,0.2356438,0.5217481,-4.718516
209.2676,-67.68845,0.03763623,0.243604,0.5151695,-4.718917
209.287,-67.53873,0.03821371,0.2513408,0.5088161,-4.719315
209.3065,-67.37565,0.03888456,0.2588502,0.5026874,-4.71971
209.326,-67.2007,0.03962957,0.2661293,0.4967823,-4.720101
209.3479,-66.99144,0.0405247,0.2740347,0.4904093,-4.720537
209.3698,-66.77042,0.04152043,0.2816444,0.4843148,-4.720968
209.3917,-66.53911,0.04263418,0.2889574,0.4784959,-4.721394
209.4136,-66.29871,0.04381973,0.2959736,0.4729495,-4.721814
209.4338,-66.06969,0.04493739,0.3021865,0.4680692,-4.722198
209.4541,-65.83468,0.04613676,0.3081477,0.4634152,-4.722576
209.4743,-65.59441,0.04743629,0.3138583,0.4589845,-4.72295
209.4945,-65.34947,0.04879256,0.3193198,0.4547739,-4.723319
209.5134,-65.11683,0.05007689,0.3241998,0.451035,-4.723659
209.5323,-64.88108,0.05142688,0.328865,0.4474828,-4.723994
209.5512,-64.64262,0.05285514,0.3333172,0.4441142,-4.724325
209.5701,-64.40178,0.05433331,0.3375579,0.4409265,-4.724652
209.5894,-64.15276,0.05587096,0.3416871,0.4378436,-4.724981
209.6088,-63.90194,0.05747402,0.345598,0.4349445,-4.725306
209.6281,-63.64966,0.05915687,0.3492926,0.4322259,-4.725626
209.6475,-63.39612,0.06089061,0.3527731,0.4296844,-4.725941
209.6676,-63.1319,0.0627112,0.3561606,0.4272309,-4.726263
209.6877,-62.86689,0.06460152,0.3593222,0.4249611,-4.726579
209.7078,-62.60135,0.0665789,0.3622604,0.422871,-4.726889
209.7279,-62.3354,0.06860979,0.3649777,0.4209571,-4.727195
209.7486,-62.06139,0.07071892,0.3675458,0.4191675,-4.727503
209.7692,-61.78734,0.07290177,0.3698853,0.4175565,-4.727806
209.7899,-61.51346,0.07517753,0.371999,0.4161199,-4.728103
209.8106,-61.23975,0.07750967,0.3738897,0.4148537,-4.728395
209.8319,-60.95686,0.07993995,0.375613,0.4137195,-4.72869
209.8533,-60.6744,0.08244968,0.3771038,0.4127588,-4.728979
209.8747,-60.39251,0.08506043,0.378365,0.4119674,-4.729262
209.8961,-60.11102,0.08773238,0.3793999,0.411341,-4.729539
209.9183,-59.81869,0.09052961,0.3802389,0.4108602,-4.72982
209.9405,-59.52688,0.0934157,0.3808399,0.4105485,-4.730095
209.9627,-59.23569,0.09641579,0.3812058,0.4104017,-4.730363
209.9849,-58.94473,0.0994857,0.3813402,0.4104151,-4.730625
210.008,-58.64165,0.1027061,0.3812381,0.4105942,-4.730891
210.0311,-58.33871,0.1060308,0.3808917,0.410938,-4.731149
210.0542,-58.03595,0.1094901,0.380304,0.4114423,-4.7314
210.0774,-57.73269,0.1130348,0.3794789,0.4121023,-4.731645
210.1014,-57.4159,0.1167574,0.3783728,0.4129493,-4.731891
210.1254,-57.09817,0.1206106,0.3770157,0.4139567,-4.73213
210.1495,-56.77946,0.1246324,0.3754102,0.4151211,-4.732361
210.1735,-56.45863,0.1287677,0.3735599,0.4164381,-4.732585
210.1984,-56.12241,0.1331137,0.3713871,0.4179603,-4.732808
210.2234,-55.7831,0.1376363,0.3689552,0.4196406,-4.733023
210.2483,-55.44046,0.1423857,0.3662651,0.421477,-4.733229
210.2732,-55.09261,0.1473007,0.3633194,0.4234666,-4.733427
210.2989,-54.72671,0.1524686,0.3600221,0.4256721,-4.733622
210.3245,-54.35364,0.1578955,0.356453,0.4280386,-4.733806
210.3502,-53.97275,0.163653,0.3526091,0.4305671,-4.733981
210.3758,-53.58078,0.1696766,0.3484907,0.4332572,-4.734147
210.402,-53.16631,0.1760154,0.3440145,0.4361624,-4.734304
210.4281,-52.73688,0.1827685,0.3392416,0.4392429,-4.734451
210.4542,-52.29072,0.1900487,0.3341613,0.442506,-4.734586
210.4803,-51.82172,0.1977991,0.3287669,0.4459568,-4.734709
210.5065,-51.32124,0.2059826,0.3230373,0.4496101,-4.73482
210.5327,-50.78972,0.2148941,0.3169561,0.4534783,-4.734917
210.5589,-50.22228,0.2247367,0.3104958,0.4575818,-4.735
210.585,-49.60594,0.2355013,0.3036327,0.461939,-4.735067
210.6108,-48.93672,0.246982,0.2964702,0.4664887,-4.735116
210.6365,-48.19932,0.2598907,0.2888291,0.4713507,-4.735148
210.6622,-47.37928,0.2746538,0.2806417,0.4765761,-4.735159
210.6879,-46.44501,0.2914464,0.2718422,0.4822178,-4.735148
210.7127,-45.39812,0.3097691,0.2627155,0.4881055,-4.735113
210.7374,-44.18453,0.3312635,0.2528034,0.4945507,-4.735051
210.7622,-42.7595,0.3569275,0.2419487,0.5016861,-4.734955
210.7869,-41.03914,0.3874861,0.2299931,0.5096624,-4.73482
210.8107,-39.01747,0.4222839,0.2173186,0.5182858,-4.734648
210.8344,-36.54672,0.4645481,0.2031979,0.5281517,-4.734422
210.8582,-33.54063,0.5156258,0.1874986,0.5395823,-4.73413
210.8819,-29.92486,0.5755588,0.1703135,0.5528956,-4.733761
210.9061,-25.64724,0.6449366,0.1516311,0.5687043,-4.733289
210.9303,-21.10146,0.7173536,0.132672,0.5869305,-4.732709
210.9545,-16.85013,0.7852394,0.1144469,0.6072285,-4.732021
210.9787,-13.69173,0.8414548,0.09781491,0.6286963,-4.731244
210.9913,-12.75502,0.8641235,0.09000586,0.639868,-4.730814
211.0039,-12.33832,0.8820746,0.08279485,0.6507661,-4.730376
211.0164,-12.44798,0.8954354,0.07618771,0.6611967,-4.729937
211.029,-13.06711,0.9045785,0.07017669,0.6709997,-4.729502
211.0416,-14.15041,0.9098707,0.0647478,0.6800417,-4.729078
211.0542,-15.63365,0.9116386,0.05988291,0.6882233,-4.72867
211.0667,-17.44979,0.9101424,0.05556359,0.6954813,-4.728283
211.0793,-19.52586,0.9053276,0.05177903,0.7017795,-4.727921
211.0959,-22.54354,0.8933412,0.04758585,0.7086115,-4.727485
211.1126,-25.76384,0.8753165,0.04426891,0.7137916,-4.727101
211.1292,-29.08428,0.8511635,0.04179048,0.7174004,-4.72677
211.1458,-32.4046,0.8195436,0.040141,0.7195265,-4.726495
211.161,-35.37763,0.7835777,0.03934203,0.7202686,-4.726293
211.1761,-38.28343,0.7409462,0.03917997,0.7199636,-4.726135
211.1913,-41.10173,0.6915761,0.03963776,0.7186913,-4.72602
211.2064,-43.82897,0.636394,0.04069361,0.7165389,-4.725948
211.2217,-46.49611,0.5762069,0.04235143,0.7135511,-4.725916
211.2371,-49.04965,0.512448,0.04460506,0.7098145,-4.725924
211.2524,-51.46824,0.4466732,0.04745311,0.7054007,-4.72597
211.2677,-53.73158,0.3817547,0.05088233,0.7003904,-4.726052
211.2807,-55.51458,0.3295219,0.0542377,0.6957289,-4.726148
211.2937,-57.15483,0.2809851,0.05798927,0.6907417,-4.726266
211.3068,-58.64461,0.2371543,0.06211789,0.6854764,-4.726405
211.3198,-59.98193,0.1987243,0.06659923,0.6799788,-4.726562
211.3289,-60.82906,0.1751845,0.0699312,0.6760152,-4.726682
211.338,-61.60573,0.1543886,0.07341108,0.671973,-4.726809
211.3471,-62.31535,0.136255,0.07702764,0.6678649,-4.726943
211.3562,-62.9617,0.1205765,0.08076949,0.6637029,-4.727083
211.3653,-63.54891,0.1070781,0.08462519,0.6594977,-4.727229
211.3744,-64.0815,0.09559913,0.08858344,0.6552592,-4.727379
211.3835,-64.56378,0.0859422,0.09263336,0.6509963,-4.727535
211.3927,-64.99972,0.07782061,0.09676446,0.646717,-4.727694
211.4013,-65.37447,0.07126774,0.1007557,0.6426424,-4.727849
211.41,-65.71401,0.06574041,0.104803,0.638565,-4.728007
211.4186,-66.02124,0.06110928,0.1088987,0.6344898,-4.728168
211.4273,-66.29877,0.05720749,0.1130356,0.6304214,-4.728332
211.4357,-66.5413,0.05398462,0.1170713,0.626495,-4.728492
211.444,-66.76031,0.0512511,0.1211335,0.622582,-4.728654
211.4524,-66.95764,0.0489416,0.1252165,0.6186854,-4.728818
211.4608,-67.13495,0.04697557,0.1293156,0.614808,-4.728984
211.4696,-67.30169,0.04519951,0.1336433,0.6107491,-4.72916
211.4784,-67.44958,0.04369584,0.1379783,0.6067166,-4.729337
211.4873,-67.5801,0.04242886,0.142316,0.6027129,-4.729515
211.4961,-67.69459,0.04135206,0.1466518,0.5987401,-4.729694
211.5058,-67.8035,0.04033944,0.1514164,0.5944062,-4.729893
211.5155,-67.89596,0.03949389,0.1561688,0.5901141,-4.730092
211.5252,-67.9733,0.03879566,0.1609048,0.5858658,-4.730293
211.5349,-68.03671,0.0382155,0.1656199,0.5816631,-4.730494
211.546,-68.09347,0.03766602,0.170973,0.5769224,-4.730724
211.5571,-68.13494,0.0372321,0.176289,0.5722452,-4.730954
211.5681,-68.16244,0.03690236,0.1815633,0.567633,-4.731185
211.5792,-68.17713,0.03665657,0.1867916,0.5630875,-4.731416
211.5923,-68.1794,0.03645179,0.1928952,0.5578125,-4.731689
211.6054,-68.16682,0.03633905,0.1989244,0.5526337,-4.731962
211.6184,-68.14075,0.03631126,0.2048742,0.5475526,-4.732234
211.6315,-68.10241,0.03635287,0.2107405,0.5425703,-4.732506
211.6474,-68.04063,0.03647918,0.2177711,0.5366337,-4.732836
211.6634,-67.96391,0.03669128,0.2246665,0.5308463,-4.733166
211.6793,-67.87376,0.03698447,0.2314221,0.525209,-4.733494
211.6952,-67.7715,0.03734509,0.2380339,0.5197223,-4.73382
211.7151,-67.62897,0.03786921,0.2460622,0.5130998,-4.734224
211.7349,-67.47142,0.038488,0.2538574,0.5067107,-4.734625
211.7547,-67.30058,0.03920266,0.2614155,0.5005543,-4.735022
211.7746,-67.11794,0.0399924,0.2687338,0.4946295,-4.735416
211.7965,-66.90445,0.04091789,0.2765218,0.4883639,-4.735846
211.8183,-66.67975,0.0419433,0.2840144,0.4823752,-4.736271
211.8402,-66.44522,0.04308727,0.291211,0.4766605,-4.736691
211.8621,-66.20203,0.04430189,0.2981115,0.4712165,-4.737106
211.8821,-65.97241,0.04543669,0.3041762,0.466462,-4.737481
211.9022,-65.73717,0.04665154,0.3099938,0.4619291,-4.737851
211.9222,-65.49698,0.04796422,0.3155653,0.4576146,-4.738217
211.9422,-65.2524,0.04933289,0.3208924,0.4535155,-4.738577
211.9611,-65.01842,0.05063987,0.3256889,0.4498478,-4.738913
211.98,-64.78148,0.05201215,0.3302714,0.4463656,-4.739243
211.9989,-64.54197,0.05346225,0.3346414,0.443066,-4.739569
212.0178,-64.30022,0.05496229,0.3388007,0.4399461,-4.739891
212.0372,-64.04925,0.05652948,0.3428647,0.4369185,-4.740217
212.0567,-63.79658,0.05816264,0.3467093,0.4340751,-4.740538
212.0761,-63.54254,0.05987646,0.3503366,0.4314125,-4.740854
212.0956,-63.28733,0.06164158,0.3537487,0.4289275,-4.741165
212.1157,-63.02176,0.06349259,0.3570605,0.4265354,-4.741483
212.1359,-62.75548,0.06541389,0.360146,0.4243267,-4.741795
212.156,-62.48874,0.06742301,0.3630074,0.4222977,-4.742101
212.1762,-62.22166,0.06948603,0.3656475,0.4204445,-4.742402
212.1969,-61.94651,0.07162852,0.368136,0.4187169,-4.742706
212.2176,-61.67138,0.07384537,0.3703953,0.4171676,-4.743004
212.2384,-61.39648,0.07615597,0.3724283,0.4157924,-4.743296
212.2591,-61.12176,0.07852345,0.3742378,0.4145873,-4.743583
212.2806,-60.8377,0.08099205,0.3758777,0.4135152,-4.743874
212.302,-60.55408,0.08354102,0.3772844,0.4126164,-4.744158
212.3235,-60.27105,0.08619226,0.3784607,0.4118868,-4.744436
212.3449,-59.98843,0.08890551,0.37941,0.4113218,-4.744708
212.3672,-59.69481,0.09174695,0.3801596,0.4109044,-4.744985
212.3895,-59.4017,0.09467868,0.3806702,0.410656,-4.745254
212.4118,-59.10919,0.09772629,0.3809449,0.4105722,-4.745518
212.4341,-58.81686,0.1008451,0.3809874,0.4106484,-4.745774
212.4573,-58.51226,0.1041174,0.3807887,0.4108927,-4.746034
212.4805,-58.20773,0.1074964,0.3803448,0.4113014,-4.746287
212.5037,-57.90329,0.111013,0.3796586,0.4118705,-4.746533
212.5269,-57.59822,0.1146173,0.3787341,0.4125952,-4.746772
212.5511,-57.27943,0.1184031,0.3775238,0.4135091,-4.747012
212.5752,-56.95955,0.1223235,0.3760616,0.4145833,-4.747245
212.5993,-56.63849,0.1264174,0.3743497,0.4158145,-4.74747
212.6235,-56.31507,0.1306291,0.3723918,0.4171984,-4.747687
212.6485,-55.976,0.1350561,0.3701074,0.4187894,-4.747904
212.6735,-55.63351,0.1396664,0.3675626,0.4205387,-4.748112
212.6985,-55.28734,0.1445122,0.3647578,0.4224447,-4.748312
212.7235,-54.93549,0.1495317,0.3616957,0.4245045,-4.748503
212.7492,-54.56519,0.1548102,0.3582797,0.4267812,-4.748689
212.7749,-54.18711,0.1603602,0.3545896,0.4292199,-4.748867
212.8007,-53.80051,0.1662565,0.3506221,0.4318222,-4.749034
212.8264,-53.40193,0.1724348,0.3463766,0.4345881,-4.749191
212.8525,-52.98013,0.1789383,0.3417739,0.4375687,-4.74934
212.8787,-52.54214,0.1858803,0.3368701,0.4407276,-4.749478
212.9049,-52.086,0.1933805,0.3316534,0.4440731,-4.749604
212.931,-51.6051,0.2013845,0.3261157,0.4476112,-4.749718
212.9572,-51.09119,0.2098419,0.320246,0.4513507,-4.749819
212.9833,-50.54358,0.2190789,0.3140153,0.4553122,-4.749906
213.0095,-49.95678,0.2293141,0.3073931,0.4595184,-4.749978
213.0356,-49.31658,0.2405491,0.3003527,0.46399,-4.750034
213.0613,-48.6196,0.2525528,0.2930149,0.4686553,-4.750072
213.0869,-47.84786,0.2661059,0.2851763,0.4736502,-4.750091
213.1125,-46.98503,0.2816752,0.2767625,0.4790312,-4.750089
213.1382,-45.99595,0.2994733,0.2677002,0.4848576,-4.750063
213.1628,-44.88268,0.3189623,0.2582951,0.4909471,-4.750013
213.1874,-43.58412,0.3419375,0.2480515,0.497639,-4.749933
213.2121,-42.04991,0.3694895,0.2367992,0.5050809,-4.749818
213.2367,-40.18768,0.4024238,0.2243705,0.5134414,-4.749661
213.2604,-37.98649,0.4401673,0.2111235,0.5225557,-4.749463
213.2841,-35.28889,0.4859856,0.1963576,0.5330423,-4.749207
213.3078,-32.01837,0.5409572,0.1800043,0.5452418,-4.74888
213.3315,-28.14596,0.6044825,0.1622896,0.5594626,-4.748468
213.3558,-23.66624,0.6762383,0.1433112,0.5763693,-4.747946
213.38,-19.17495,0.7478699,0.1245144,0.5956012,-4.747313
213.4043,-15.34468,0.8113853,0.1069002,0.6165591,-4.746578
213.4285,-12.91004,0.8606117,0.09116033,0.6381308,-4.745767
213.4428,-12.38543,0.88148,0.08290501,0.650548,-4.745268
213.4571,-12.54203,0.8965099,0.07542717,0.6623698,-4.744766
213.4714,-13.34242,0.9061005,0.0687177,0.6733502,-4.744272
213.4858,-14.72304,0.9107912,0.06275597,0.6833122,-4.743793
213.5001,-16.58685,0.9108907,0.05752041,0.6921276,-4.743338
213.5144,-18.83101,0.9067841,0.05298087,0.6997227,-4.742913
213.5287,-21.35973,0.898675,0.04911036,0.7060733,-4.742521
213.543,-24.07183,0.8860273,0.04590215,0.7111824,-4.742168
213.5582,-27.0657,0.8668996,0.04320349,0.7152975,-4.741835
213.5735,-30.10435,0.8419155,0.04121274,0.7181173,-4.741548
213.5887,-33.13216,0.8107534,0.03990541,0.7197239,-4.741307
213.6039,-36.10785,0.7729754,0.03926086,0.720203,-4.741112
213.6172,-38.6353,0.7347262,0.03922032,0.7197753,-4.740979
213.6304,-41.09875,0.691551,0.03964876,0.7186197,-4.740879
213.6437,-43.48979,0.6436842,0.04053746,0.7167876,-4.740811
213.6569,-45.80613,0.591993,0.04187545,0.7143337,-4.740775
213.6702,-48.0447,0.5376614,0.04365421,0.7113109,-4.740769
213.6834,-50.19093,0.4815748,0.04587467,0.7077635,-4.740791
213.6967,-52.22995,0.4249872,0.04853435,0.7037389,-4.740842
213.7099,-54.1471,0.3696337,0.05162539,0.699288,-4.740919
213.7234,-55.95061,0.3165505,0.05518792,0.6943936,-4.741021
213.7368,-57.5998,0.2677319,0.05916716,0.6891661,-4.741147
213.7502,-59.0878,0.2241869,0.06354039,0.683657,-4.741294
213.7636,-60.41422,0.1865199,0.06827944,0.6779161,-4.74146
213.7723,-61.18553,0.1654372,0.07151089,0.6741166,-4.741576
213.7809,-61.89467,0.1467881,0.07487099,0.6702518,-4.741698
213.7896,-62.54478,0.1304769,0.07835005,0.666332,-4.741826
213.7983,-63.13922,0.1163135,0.0819383,0.6623672,-4.74196
213.8069,-63.68159,0.1040606,0.08562599,0.6583663,-4.742098
213.8156,-64.17573,0.09357029,0.08940353,0.6543375,-4.742241
213.8242,-64.62527,0.08466907,0.09326167,0.6502883,-4.742388
213.8329,-65.03361,0.07712039,0.09719154,0.6462252,-4.742539
213.8415,-65.40438,0.070683,0.1011891,0.64215,-4.742693
213.8502,-65.74026,0.06525389,0.105242,0.6380725,-4.74285
213.8588,-66.0441,0.0607055,0.1093424,0.6339977,-4.74301
213.8675,-66.3185,0.05687328,0.1134832,0.6299302,-4.743172
213.8759,-66.55833,0.05370599,0.1175239,0.6260031,-4.743332
213.8843,-66.77482,0.05101946,0.1215905,0.6220899,-4.743493
213.8927,-66.9698,0.04874949,0.1256774,0.6181934,-4.743656
213.901,-67.14492,0.04681691,0.1297797,0.6143164,-4.74382
213.9099,-67.30977,0.04506791,0.1341182,0.6102509,-4.743995
213.9187,-67.45585,0.04358748,0.1384634,0.6062123,-4.744172
213.9276,-67.58463,0.04234052,0.1428107,0.6022029,-4.744349
213.9364,-67.69744,0.04128111,0.1471556,0.5982248,-4.744528
213.9462,-67.8047,0.04028422,0.1519348,0.5938807,-4.744726
213.9559,-67.89553,0.03945258,0.1567012,0.589579,-4.744925
213.9656,-67.97127,0.03876672,0.1614504,0.5853217,-4.745124
213.9754,-68.03312,0.03819772,0.1661781,0.5811106,-4.745325
213.9865,-68.08818,0.03765937,0.1715503,0.5763561,-4.745554
213.9977,-68.12797,0.03723575,0.1768844,0.5716659,-4.745784
214.0088,-68.15379,0.03691566,0.1821758,0.5670416,-4.746014
214.0199,-68.16682,0.03667902,0.1874202,0.5624847,-4.746245
214.0331,-68.16713,0.03648443,0.1935479,0.5571921,-4.746517
214.0462,-68.15259,0.03638166,0.1995996,0.551997,-4.746789
214.0594,-68.12456,0.03636369,0.2055704,0.5469009,-4.747061
214.0725,-68.08425,0.03641506,0.2114562,0.5419048,-4.747332
214.0886,-68.02,0.03655342,0.2185159,0.535947,-4.747662
214.1046,-67.94079,0.03677782,0.225438,0.5301407,-4.747991
214.1207,-67.84813,0.03708364,0.2322177,0.5244866,-4.748319
214.1367,-67.74336,0.03745717,0.238851,0.5189853,-4.748645
214.1567,-67.59773,0.03799732,0.2469003,0.5123494,-4.749048
214.1766,-67.43711,0.03863289,0.2547128,0.5059502,-4.749448
214.1966,-67.26322,0.03936546,0.2622846,0.4997867,-4.749844
214.2166,-67.07755,0.04017358,0.269613,0.4938576,-4.750237
214.2384,-66.8624,0.04111181,0.2773515,0.4876361,-4.750663
214.2603,-66.63624,0.04214983,0.2847948,0.4816908,-4.751083
214.2822,-66.40042,0.04330668,0.2919424,0.4760187,-4.751499
214.304,-66.15609,0.04453389,0.2987945,0.4706165,-4.751909
214.324,-65.92606,0.04567736,0.3048026,0.4659095,-4.752279
214.344,-65.69051,0.0469004,0.3105651,0.4614224,-4.752644
214.364,-65.45014,0.04822056,0.3160832,0.4571523,-4.753005
214.384,-65.20548,0.04959658,0.3213582,0.4530958,-4.753361
214.4029,-64.97075,0.05091501,0.3261221,0.4494554,-4.753692
214.4218,-64.7331,0.05229875,0.330672,0.4460003,-4.754019
214.4406,-64.49295,0.05376036,0.3350094,0.4427277,-4.754342
214.4595,-64.25059,0.05527203,0.3391361,0.4396345,-4.75466
214.479,-63.99868,0.05685359,0.3431723,0.43663,-4.754983
214.4985,-63.74511,0.05850145,0.3469885,0.43381,-4.7553
214.518,-63.49021,0.06023046,0.3505867,0.431171,-4.755613
214.5374,-63.23417,0.06201103,0.3539692,0.4287098,-4.755921
214.5576,-62.96789,0.06387733,0.3572485,0.4263436,-4.756235
214.5778,-62.70092,0.06581424,0.3603011,0.4241609,-4.756543
214.598,-62.43354,0.06783941,0.3631293,0.4221578,-4.756846
214.6182,-62.16584,0.06991875,0.3657358,0.4203305,-4.757143
214.6389,-61.89004,0.07207838,0.3681896,0.4186295,-4.757443
214.6597,-61.61428,0.07431275,0.370414,0.4171067,-4.757738
214.6805,-61.33877,0.07664136,0.3724116,0.415758,-4.758026
214.7012,-61.06347,0.0790272,0.3741853,0.4145794,-4.758309
214.7227,-60.77873,0.08151562,0.3757883,0.4135344,-4.758596
214.7442,-60.49444,0.08408495,0.3771575,0.4126627,-4.758876
214.7657,-60.21075,0.08675724,0.3782959,0.4119602,-4.75915
214.7872,-59.92747,0.08949203,0.3792068,0.4114225,-4.759419
214.8095,-59.63311,0.09235651,0.3799162,0.4110333,-4.759691
214.8319,-59.33925,0.09531207,0.380386,0.4108131,-4.759956
214.8542,-59.04598,0.09838452,0.3806194,0.4107575,-4.760215
214.8766,-58.75287,0.1015289,0.3806199,0.410862,-4.760468
214.8998,-58.4474,0.1048285,0.3803771,0.4111358,-4.760723
214.9231,-58.14196,0.108236,0.3798885,0.411574,-4.760972
214.9463,-57.83657,0.1117827,0.3791571,0.4121726,-4.761213
214.9696,-57.53049,0.1154184,0.3781866,0.4129269,-4.761447
214.9938,-57.21058,0.1192376,0.3769281,0.4138716,-4.761683
215.0179,-56.88949,0.1231935,0.3754171,0.4149768,-4.761911
215.0421,-56.56713,0.1273255,0.3736556,0.416239,-4.762132
215.0663,-56.24228,0.1315776,0.3716474,0.4176542,-4.762344
215.0913,-55.90164,0.1360475,0.3693107,0.4192774,-4.762555
215.1164,-55.55741,0.1407044,0.3667126,0.4210593,-4.762758
215.1414,-55.2093,0.1456012,0.3638537,0.4229982,-4.762953
215.1665,-54.85528,0.1506762,0.3607364,0.4250914,-4.763138
215.1922,-54.48259,0.1560135,0.357264,0.427402,-4.763319
215.218,-54.10179,0.1616289,0.3535162,0.4298754,-4.763491
215.2437,-53.71212,0.1675991,0.3494893,0.4325135,-4.763652
215.2695,-53.30998,0.1738598,0.3451826,0.4353163,-4.763804
215.2957,-52.88422,0.1804511,0.3405189,0.4383338,-4.763946
215.3218,-52.44163,0.1874941,0.3355516,0.4415312,-4.764078
215.348,-51.98013,0.1951118,0.3302682,0.4449175,-4.764198
215.3742,-51.49284,0.2032512,0.3246602,0.4484993,-4.764305
215.4003,-50.9717,0.2118555,0.3187216,0.4522819,-4.764399
215.4264,-50.41543,0.2212671,0.3124168,0.4562906,-4.764479
215.4526,-49.8182,0.2317131,0.3057136,0.4605491,-4.764543
215.4787,-49.16515,0.2432011,0.2985841,0.4650795,-4.764591
215.5043,-48.45317,0.2554868,0.2911575,0.4698047,-4.764622
215.5299,-47.66286,0.2693878,0.2832182,0.4748688,-4.764632
215.5555,-46.77684,0.2853929,0.2746882,0.4803314,-4.764622
215.5811,-45.75803,0.3037353,0.26549,0.4862553,-4.764586
215.6057,-44.60865,0.3238575,0.2559396,0.4924524,-4.764527
215.6302,-43.2638,0.3476366,0.2455222,0.4992764,-4.764436
215.6548,-41.67016,0.3762108,0.2340616,0.506883,-4.764309
215.6794,-39.73107,0.4104236,0.2213861,0.5154505,-4.764139
215.7031,-37.4324,0.4497633,0.2078362,0.5248339,-4.763926
215.7268,-34.61347,0.4974661,0.192738,0.53566,-4.763652
215.7505,-31.20637,0.554412,0.176065,0.5482757,-4.763304
215.7742,-27.21303,0.6195945,0.1581215,0.5629768,-4.762868
215.7985,-22.64897,0.69238,0.1390055,0.5805054,-4.762315
215.8229,-18.22697,0.7632231,0.1203126,0.6002835,-4.761652
215.8473,-14.66553,0.8240543,0.1030199,0.6215671,-4.76089
215.8716,-12.65134,0.8694402,0.0877308,0.643146,-4.760059
215.8878,-12.42103,0.8898462,0.07883274,0.6568666,-4.759492
215.9039,-13.03784,0.9031563,0.0709167,0.6696607,-4.758928
215.9201,-14.41496,0.9100275,0.06395906,0.6812195,-4.75838
215.9362,-16.43674,0.9110394,0.05792913,0.6913515,-4.757861
215.9524,-18.94915,0.9062351,0.05280139,0.6999408,-4.757378
215.9685,-21.81397,0.8961498,0.04852917,0.7069459,-4.756939
215.9846,-24.91147,0.8809629,0.04507346,0.7123909,-4.756548
216.0008,-28.11372,0.8594116,0.04243351,0.7163223,-4.756208
216.0155,-31.05059,0.8332767,0.04072632,0.7186617,-4.755942
216.0303,-33.96463,0.8011248,0.03965416,0.71989,-4.75572
216.0451,-36.82296,0.7626806,0.03919654,0.7200848,-4.755541
216.0598,-39.60886,0.7180594,0.03933156,0.719328,-4.755403
216.0717,-41.80554,0.6777626,0.03985989,0.7180753,-4.755322
216.0837,-43.9449,0.63393,0.04075728,0.7162885,-4.755266
216.0956,-46.02154,0.58699,0.04201975,0.7140033,-4.755235
216.1075,-48.03136,0.5377699,0.04364214,0.7112576,-4.755229
216.1195,-49.96846,0.4872895,0.04562045,0.7080881,-4.755246
216.1314,-51.82069,0.43643,0.04795415,0.7045284,-4.755286
216.1433,-53.57618,0.3862366,0.05063971,0.7006143,-4.755348
216.1553,-55.2239,0.3379239,0.05366994,0.6963828,-4.75543
216.1691,-56.98309,0.2858097,0.05759414,0.691138,-4.755548
216.1829,-58.57409,0.2389465,0.0619446,0.685575,-4.755689
216.1967,-59.99396,0.1981775,0.06669256,0.6797488,-4.755852
216.2105,-61.2463,0.1637511,0.07180424,0.6737107,-4.756032
216.2186,-61.90552,0.1464427,0.07495104,0.6700959,-4.756146
216.2267,-62.51323,0.1311521,0.07820149,0.6664333,-4.756264
216.2348,-63.0723,0.1177657,0.08154759,0.6627311,-4.756387
216.2429,-63.58561,0.1061086,0.08498141,0.6589966,-4.756515
216.251,-64.05615,0.09598213,0.08849511,0.6552366,-4.756646
216.2591,-64.48696,0.08725708,0.09208106,0.6514572,-4.756781
216.2671,-64.88095,0.07979003,0.0957319,0.647664,-4.75692
216.2752,-65.2408,0.0734005,0.0994406,0.6438623,-4.757061
216.2838,-65.58918,0.06758402,0.1034444,0.6398113,-4.757215
216.2925,-65.90471,0.06267666,0.1074984,0.635761,-4.757372
216.3011,-66.19006,0.05856167,0.1115954,0.6317159,-4.757531
216.3097,-66.44765,0.05508994,0.1157285,0.6276801,-4.757692
216.3181,-66.67485,0.05218914,0.1197988,0.6237464,-4.757852
216.3265,-66.87958,0.04972825,0.123892,0.6198283,-4.758013
216.3349,-67.06359,0.04764846,0.1280028,0.6159287,-4.758177
216.3433,-67.22849,0.04587699,0.1321262,0.6120502,-4.758341
216.3523,-67.38445,0.04426112,0.1365186,0.6079528,-4.758518
216.3612,-67.52205,0.0428948,0.1409151,0.6038843,-4.758696
216.3702,-67.64274,0.04174573,0.145311,0.599847,-4.758875
216.3791,-67.74782,0.04077105,0.1497021,0.5958428,-4.759055
216.3891,-67.84744,0.03985088,0.1545555,0.5914484,-4.759255
216.399,-67.93085,0.03908664,0.159393,0.5870991,-4.759456
216.4089,-67.99937,0.03846034,0.1642102,0.5827967,-4.759658
216.4188,-68.05419,0.03794467,0.1690027,0.578543,-4.759861
216.4302,-68.10163,0.03745928,0.1744713,0.5737201,-4.760094
216.4416,-68.13388,0.03708424,0.1798973,0.5689654,-4.760327
216.453,-68.15225,0.03680911,0.185276,0.5642804,-4.760561
216.4643,-68.15792,0.03661464,0.1906033,0.5596668,-4.760795
216.4778,-68.1496,0.03646675,0.196852,0.5542872,-4.761073
216.4914,-68.12642,0.03640911,0.2030175,0.5490114,-4.76135
216.5049,-68.08977,0.03643508,0.2090951,0.5438407,-4.761627
216.5184,-68.04087,0.03652961,0.2150806,0.5387763,-4.761903
216.5349,-67.96582,0.03672105,0.2222843,0.5327163,-4.76224
216.5515,-67.87576,0.03699911,0.2293385,0.5268181,-4.762576
216.568,-67.77224,0.03735954,0.2362386,0.5210823,-4.762911
216.5846,-67.6566,0.03778853,0.2429806,0.5155093,-4.763243
216.6051,-67.49813,0.03839496,0.2511179,0.5088234,-4.763653
216.6256,-67.32485,0.0390992,0.2590026,0.502387,-4.764058
216.6462,-67.13848,0.03990492,0.2666312,0.496199,-4.764461
216.6667,-66.94054,0.04078734,0.2740014,0.4902576,-4.764859
216.6884,-66.72013,0.041769,0.2815102,0.4842426,-4.765275
216.7101,-66.48963,0.04284847,0.2887275,0.4784984,-4.765686
216.7318,-66.2503,0.04404607,0.2956533,0.4730218,-4.766092
216.7535,-66.00316,0.0453118,0.302288,0.4678094,-4.766493
216.7732,-65.77257,0.04648112,0.3080659,0.4632986,-4.766852
216.7929,-65.53701,0.04772721,0.3136052,0.4590003,-4.767207
216.8127,-65.29709,0.04906648,0.3189073,0.4549114,-4.767557
216.8324,-65.0533,0.05046043,0.3239736,0.451029,-4.767902
216.8513,-64.81621,0.05181664,0.3286137,0.4474956,-4.768229
216.8702,-64.57643,0.05323782,0.33304,0.4441464,-4.768551
216.8891,-64.33434,0.05473659,0.3372542,0.4409785,-4.768868
216.9081,-64.09024,0.0562855,0.3412581,0.437989,-4.76918
216.9277,-63.83547,0.05791353,0.3451868,0.4350763,-4.769499
216.9473,-63.57919,0.0596087,0.3488938,0.4323485,-4.769813
216.9669,-63.32173,0.06138638,0.3523812,0.4298022,-4.770122
216.9865,-63.06327,0.06321619,0.3556513,0.427434,-4.770426
217.0068,-62.7951,0.06512972,0.3588071,0.4251684,-4.770734
217.027,-62.52637,0.06711463,0.3617353,0.4230858,-4.771037
217.0473,-62.25735,0.06918888,0.3644386,0.4211823,-4.771335
217.0676,-61.98811,0.07131787,0.3669196,0.419454,-4.771627
217.0884,-61.71068,0.07352963,0.3692446,0.4178535,-4.771922
217.1093,-61.43338,0.07581708,0.3713395,0.4164306,-4.772211
217.1302,-61.1564,0.07820007,0.3732069,0.4151812,-4.772495
217.1511,-60.87968,0.08064107,0.3748498,0.4141012,-4.772772
217.1727,-60.59322,0.08318929,0.3763179,0.4131566,-4.773053
217.1943,-60.30725,0.08581989,0.3775513,0.412385,-4.773328
217.2159,-60.0219,0.08855542,0.3785528,0.411782,-4.773597
217.2375,-59.73696,0.0913548,0.3793257,0.4113432,-4.773859
217.26,-59.44071,0.09428821,0.3798908,0.4110562,-4.774126
217.2825,-59.14492,0.09731502,0.3802152,0.4109377,-4.774386
217.305,-58.84967,0.1004618,0.3803019,0.4109834,-4.774639
217.3275,-58.5545,0.1036828,0.3801546,0.4111887,-4.774885
217.3509,-58.24673,0.1070637,0.3797567,0.4115668,-4.775134
217.3743,-57.93885,0.1105563,0.3791117,0.4121089,-4.775376
217.3977,-57.63087,0.114193,0.3782226,0.412811,-4.775611
217.4211,-57.32199,0.1179227,0.377093,0.4136685,-4.775838
217.4454,-56.99898,0.1218416,0.3756682,0.4147198,-4.776067
217.4697,-56.67448,0.1259036,0.3739893,0.4159312,-4.776288
217.4941,-56.3484,0.1301502,0.3720583,0.4172997,-4.776501
217.5184,-56.01941,0.1345242,0.3698787,0.4188213,-4.776705
217.5436,-55.6742,0.1391229,0.3673649,0.4205533,-4.776909
217.5687,-55.32485,0.1439203,0.3645876,0.4224444,-4.777103
217.5939,-54.971,0.1489722,0.3615469,0.4244934,-4.777289
217.6191,-54.61043,0.1542162,0.3582449,0.4266978,-4.777466
217.6449,-54.23053,0.1597322,0.3545852,0.4291204,-4.777637
217.6708,-53.84147,0.1655479,0.3506464,0.4317078,-4.777799
217.6966,-53.44231,0.1717456,0.3464239,0.4344626,-4.777951
217.7225,-53.0291,0.1782613,0.3419161,0.4373856,-4.778092
217.7487,-52.59106,0.1851243,0.3370533,0.440522,-4.778224
217.7749,-52.13403,0.1924813,0.3318795,0.4438436,-4.778344
217.8011,-51.65556,0.2004675,0.3263799,0.4473612,-4.778451
217.8273,-51.1479,0.2090347,0.3205438,0.4510828,-4.778546
217.8533,-50.60366,0.218103,0.3143828,0.4550033,-4.778627
217.8794,-50.01951,0.2280701,0.3078388,0.4591627,-4.778693
217.9055,-49.38849,0.2391915,0.3008747,0.4635885,-4.778743
217.9316,-48.69347,0.2514955,0.2934568,0.4683072,-4.778776
217.9571,-47.93232,0.2646948,0.2857432,0.4732243,-4.778789
217.9825,-47.08075,0.2797298,0.2774772,0.4785115,-4.778783
218.008,-46.11779,0.297163,0.2685688,0.4842383,-4.778753
218.0334,-44.99974,0.3172986,0.2589272,0.4904795,-4.778696
218.0578,-43.72916,0.3395213,0.2488976,0.497031,-4.778613
218.0822,-42.22824,0.3659739,0.2379068,0.5042923,-4.778497
218.1066,-40.43401,0.3979403,0.2257608,0.5124465,-4.77834
218.1309,-38.23726,0.4363636,0.2122819,0.521703,-4.778135
218.1547,-35.60855,0.4810601,0.1977208,0.532013,-4.777879
218.1784,-32.38917,0.5348641,0.181561,0.5440025,-4.777553
218.2021,-28.55554,0.5977359,0.163946,0.5580219,-4.777143
218.2259,-24.24164,0.6671054,0.1454489,0.5742901,-4.776636
218.2449,-20.66176,0.7241126,0.1305985,0.5889872,-4.776155
218.2639,-17.34775,0.7777631,0.1162881,0.6049125,-4.775607
218.2829,-14.66714,0.8241324,0.1029496,0.6216095,-4.775002
218.3019,-12.95167,0.8608511,0.09084681,0.6384769,-4.774356
218.3157,-12.45191,0.8808646,0.08292325,0.6503948,-4.773872
218.3295,-12.58177,0.8954802,0.07571795,0.6617666,-4.773387
218.3432,-13.30973,0.9050545,0.06922315,0.6723729,-4.772907
218.357,-14.58025,0.9100586,0.06342118,0.6820516,-4.772442
218.3708,-16.30881,0.9107906,0.05829277,0.6906828,-4.771997
218.3845,-18.40438,0.9075959,0.0538117,0.6981946,-4.771579
218.3983,-20.7804,0.9006618,0.04995435,0.7045582,-4.771191
218.4121,-23.34596,0.889587,0.04671296,0.7097701,-4.770838
218.4275,-26.34492,0.8716681,0.04380452,0.7142691,-4.770485
218.4429,-29.40765,0.8478883,0.04162433,0.717427,-4.77018
218.4583,-32.47266,0.8179393,0.04014674,0.7193261,-4.769921
218.4737,-35.49189,0.7812707,0.03935188,0.720053,-4.76971
218.4873,-38.09598,0.7432425,0.0391981,0.719797,-4.769562
218.5009,-40.63467,0.6999763,0.03954058,0.7187626,-4.769448
218.5145,-43.09815,0.651666,0.04036941,0.7170053,-4.769369
218.5281,-45.4842,0.5992079,0.041672,0.714585,-4.769323
218.5417,-47.79019,0.5438522,0.04343845,0.7115594,-4.769309
218.5553,-50.00056,0.4864894,0.04567001,0.7079759,-4.769325
218.5689,-52.09948,0.4284333,0.04836424,0.7038853,-4.769371
218.5825,-54.07133,0.3715715,0.05151263,0.6993429,-4.769445
218.5958,-55.87027,0.3186623,0.05503952,0.6944902,-4.769542
218.6092,-57.51698,0.2699175,0.05897945,0.6893055,-4.769663
218.6226,-59.00441,0.2263454,0.06331033,0.6838399,-4.769804
218.6359,-60.33186,0.1885667,0.06800462,0.6781421,-4.769964
218.6447,-61.1158,0.1670749,0.07125607,0.6743123,-4.770078
218.6534,-61.83612,0.1480705,0.07463943,0.6704148,-4.770198
218.6622,-62.49602,0.1314595,0.07814472,0.6664606,-4.770325
218.6709,-63.09894,0.117048,0.0817619,0.6624599,-4.770457
218.6797,-63.64857,0.104592,0.0854809,0.6584219,-4.770594
218.6884,-64.14887,0.09394121,0.08929183,0.6543552,-4.770735
218.6971,-64.60359,0.08491793,0.09318517,0.6502674,-4.770881
218.7059,-65.01622,0.07727731,0.09715174,0.6461654,-4.771031
218.7145,-65.38709,0.07082763,0.1011484,0.6420904,-4.771182
218.7232,-65.72303,0.06538798,0.1052003,0.6380131,-4.771337
218.7319,-66.02689,0.06083062,0.1092998,0.6339386,-4.771494
218.7405,-66.30127,0.05699082,0.1134396,0.6298714,-4.771654
218.7489,-66.54112,0.05381652,0.1174806,0.6259434,-4.771811
218.7573,-66.75759,0.05112423,0.1215473,0.6220294,-4.77197
218.7657,-66.9525,0.0488496,0.1256344,0.6181321,-4.772131
218.7741,-67.12752,0.04691324,0.1297368,0.6142544,-4.772293
218.783,-67.29223,0.04516119,0.1340749,0.6101885,-4.772466
218.7918,-67.43813,0.04367838,0.1384197,0.6061496,-4.772639
218.8007,-67.56671,0.04242962,0.1427666,0.6021399,-4.772815
218.8095,-67.67931,0.04136888,0.147111,0.5981616,-4.772991
218.8193,-67.78631,0.04037093,0.1518896,0.5938172,-4.773186
218.829,-67.87686,0.03953868,0.1566555,0.5895154,-4.773382
218.8388,-67.95229,0.03885258,0.161404,0.585258,-4.773579
218.8485,-68.01383,0.03828367,0.1661309,0.5810468,-4.773776
218.8597,-68.06851,0.03774568,0.1715025,0.576292,-4.774002
218.8708,-68.10789,0.03732277,0.1768359,0.5716015,-4.774229
218.882,-68.13329,0.03700369,0.1821263,0.5669772,-4.774456
218.8931,-68.14588,0.03676831,0.1873697,0.5624205,-4.774684
218.9063,-68.14565,0.03657547,0.1934971,0.5571272,-4.774952
218.9195,-68.13055,0.03647477,0.1995481,0.5519317,-4.775221
218.9326,-68.10194,0.03645917,0.205518,0.5468354,-4.775489
218.9458,-68.06102,0.03651317,0.2114025,0.5418396,-4.775757
218.9619,-67.99599,0.03665513,0.2184626,0.5358804,-4.776082
218.9779,-67.91597,0.03688353,0.2253844,0.5300732,-4.776407
218.994,-67.82249,0.03719372,0.2321633,0.5244188,-4.77673
219.0101,-67.71687,0.03757198,0.2387952,0.5189177,-4.777051
219.0301,-67.57013,0.03811854,0.2468438,0.5122813,-4.777449
219.0501,-67.40837,0.0387611,0.2546545,0.5058824,-4.777843
219.0701,-67.23333,0.03950131,0.2622235,0.4997202,-4.778234
219.0901,-67.04649,0.04031756,0.2695481,0.4937933,-4.778621
219.112,-66.83037,0.04126358,0.2772705,0.4875838,-4.77904
219.1338,-66.60326,0.04230984,0.2846974,0.4816508,-4.779454
219.1557,-66.36653,0.0434755,0.2918282,0.4759911,-4.779863
219.1776,-66.1213,0.04471186,0.2986631,0.4706017,-4.780266
219.1976,-65.89057,0.04586335,0.3046527,0.4659086,-4.78063
219.2175,-65.65435,0.04709467,0.3103967,0.4614353,-4.780989
219.2375,-65.41333,0.04842336,0.3158961,0.457179,-4.781343
219.2575,-65.16805,0.0498082,0.3211525,0.4531363,-4.781692
219.2764,-64.93255,0.05113636,0.3259026,0.449506,-4.782018
219.2953,-64.69414,0.05253017,0.3304383,0.4460613,-4.782339
219.3142,-64.45325,0.05400221,0.3347611,0.4427993,-4.782656
219.3331,-64.21016,0.05552464,0.3388728,0.439717,-4.782968
219.3526,-63.95744,0.05711804,0.3428945,0.4367232,-4.783285
219.3721,-63.70307,0.05877816,0.3466955,0.4339141,-4.783597
219.3916,-63.44739,0.06051992,0.3502781,0.4312865,-4.783904
219.4111,-63.19058,0.0623136,0.3536444,0.428837,-4.784206
219.4313,-62.92354,0.06419353,0.3569061,0.4264835,-4.784513
219.4515,-62.65583,0.06614451,0.3599405,0.4243137,-4.784815
219.4717,-62.38772,0.06818424,0.3627501,0.4223239,-4.785111
219.4919,-62.1193,0.07027853,0.3653375,0.4205102,-4.785402
219.5127,-61.84274,0.07245406,0.3677714,0.4188233,-4.785696
219.5335,-61.56624,0.07470481,0.3699752,0.4173148,-4.785984
219.5543,-61.28999,0.07705039,0.3719518,0.4159808,-4.786266
219.5751,-61.01397,0.07945363,0.373704,0.4148172,-4.786542
219.5966,-60.72843,0.08196074,0.3752843,0.4137877,-4.786822
219.6182,-60.44334,0.08454936,0.3766302,0.412932,-4.787096
219.6397,-60.15887,0.08724167,0.3777447,0.4122457,-4.787363
219.6612,-59.87479,0.08999705,0.378631,0.4117244,-4.787625
219.6836,-59.57957,0.09288359,0.3793142,0.4113527,-4.78789
219.7059,-59.28484,0.09586203,0.3797572,0.4111502,-4.788148
219.7283,-58.99068,0.09895837,0.3799631,0.4111127,-4.7884
219.7507,-58.69666,0.1021275,0.3799355,0.4112356,-4.788645
219.774,-58.3902,0.1054535,0.3796626,0.4115288,-4.788893
219.7973,-58.08373,0.1088887,0.3791432,0.4119868,-4.789134
219.8206,-57.77727,0.1124646,0.3783802,0.4126054,-4.789368
219.8439,-57.47008,0.1161307,0.3773773,0.4133802,-4.789595
219.8681,-57.14893,0.1199826,0.3760845,0.4143465,-4.789822
219.8923,-56.82653,0.1239731,0.3745381,0.4154736,-4.790043
219.9165,-56.50278,0.1281422,0.3727405,0.4167582,-4.790255
219.9407,-56.17643,0.1324336,0.3706953,0.4181963,-4.790459
219.9658,-55.83413,0.1369456,0.3683195,0.4198434,-4.790662
219.9909,-55.48809,0.141648,0.3656815,0.4216497,-4.790857
220.0159,-55.138,0.1465946,0.3627813,0.4236138,-4.791042
220.041,-54.78178,0.1517234,0.3596216,0.425733,-4.791219
220.0668,-54.40666,0.1571183,0.3561053,0.4280703,-4.791391
220.0926,-54.02314,0.1627976,0.3523122,0.4305714,-4.791554
220.1184,-53.6304,0.1688396,0.3482382,0.4332383,-4.791706
220.1441,-53.22475,0.1751801,0.3438824,0.4360714,-4.791848
220.1703,-52.79509,0.1818571,0.3391693,0.4391195,-4.791982
220.1965,-52.34799,0.1889981,0.33415,0.4423494,-4.792103
220.2227,-51.88125,0.1967296,0.3288114,0.4457706,-4.792213
220.2488,-51.38777,0.205,0.3231444,0.4493902,-4.79231
220.275,-50.85962,0.2137467,0.3171475,0.4532107,-4.792394
220.3011,-50.29498,0.2233272,0.3107792,0.4572613,-4.792464
220.3272,-49.6877,0.2339768,0.304006,0.4615668,-4.792518
220.3533,-49.02228,0.2457086,0.2967982,0.4661505,-4.792555
220.3789,-48.29588,0.2582665,0.2892933,0.4709305,-4.792574
220.4045,-47.48773,0.272503,0.281264,0.4760586,-4.792574
220.43,-46.57946,0.2889276,0.2726291,0.4815972,-4.792551
220.4556,-45.53213,0.3077934,0.2633075,0.4876124,-4.792503
220.4801,-44.34813,0.3285247,0.2536239,0.4939111,-4.792431
220.5046,-42.95893,0.3530754,0.2430468,0.5008604,-4.792327
220.5291,-41.30848,0.3826269,0.2313944,0.5086234,-4.792185
220.5536,-39.2964,0.4180538,0.2184929,0.5173874,-4.791999
220.5773,-36.90518,0.4589121,0.2046631,0.5270293,-4.791768
220.601,-33.97295,0.5083722,0.1892656,0.5381801,-4.791473
220.6247,-30.44239,0.5670882,0.1723185,0.5511898,-4.791102
220.6484,-26.34895,0.6336318,0.1542025,0.5663367,-4.79064
220.673,-21.7264,0.7072252,0.1349742,0.5844727,-4.790054
220.6975,-17.40039,0.7770844,0.1163942,0.6047656,-4.789358
220.7221,-14.1209,0.8351459,0.09940633,0.626329,-4.788567
220.7466,-12.52425,0.8768295,0.08453345,0.6478724,-4.787715
220.7647,-12.65558,0.8963162,0.07502691,0.662847,-4.787075
220.7828,-13.80562,0.9074028,0.06673443,0.6764754,-4.786447
220.8008,-15.82025,0.9110989,0.05961075,0.6883901,-4.785848
220.8189,-18.5127,0.9076951,0.05362149,0.6984067,-4.785293
220.837,-21.66141,0.8965799,0.04874321,0.7064489,-4.784791
220.8551,-25.10247,0.8786766,0.04490278,0.7125298,-4.784349
220.8732,-28.7011,0.8541903,0.04204422,0.7167424,-4.78397
220.8913,-32.30904,0.8208608,0.04017126,0.719188,-4.783655
220.9059,-35.17025,0.7863588,0.03936863,0.7199686,-4.783449
220.9205,-37.97313,0.7457202,0.03915916,0.7197696,-4.783284
220.9352,-40.69842,0.6988743,0.03952704,0.718663,-4.78316
220.9498,-43.34116,0.6465368,0.04045318,0.7167263,-4.783075
220.9655,-46.0897,0.5856446,0.04205155,0.7138049,-4.783026
220.9812,-48.72192,0.5207218,0.04427694,0.7100838,-4.78302
220.997,-51.21502,0.4533296,0.04712837,0.7056395,-4.783054
221.0127,-53.54787,0.38659,0.05059124,0.7005597,-4.783126
221.0257,-55.33589,0.3343061,0.05389778,0.6959502,-4.783212
221.0387,-56.98319,0.2855739,0.0575992,0.6910123,-4.78332
221.0517,-58.48162,0.2414195,0.06167704,0.6857935,-4.783449
221.0646,-59.82867,0.2025755,0.06610765,0.6803392,-4.783596
221.0739,-60.69866,0.178284,0.06946937,0.6763275,-4.783711
221.0832,-61.49558,0.15683,0.07298508,0.6722327,-4.783834
221.0924,-62.22292,0.1381379,0.07664303,0.6680685,-4.783964
221.1017,-62.88455,0.1219962,0.08043131,0.6638474,-4.7841
221.111,-63.4848,0.1081184,0.0843379,0.6595809,-4.784242
221.1202,-64.0284,0.09634005,0.08835093,0.6552793,-4.78439
221.1295,-64.51986,0.08645703,0.09245896,0.6509521,-4.784542
221.1388,-64.96336,0.07816597,0.096651,0.6466076,-4.784699
221.1474,-65.33856,0.07158145,0.1006417,0.6425322,-4.784849
221.1561,-65.67845,0.06602736,0.1046886,0.6384539,-4.785002
221.1648,-65.98592,0.0613739,0.108784,0.6343778,-4.785158
221.1735,-66.26359,0.05745349,0.1129205,0.6303084,-4.785317
221.1819,-66.50619,0.0542152,0.1169564,0.6263806,-4.785472
221.1902,-66.72519,0.05146896,0.1210186,0.6224662,-4.78563
221.1986,-66.92244,0.0491491,0.1251018,0.6185684,-4.785789
221.207,-67.0996,0.04717463,0.1292009,0.6146897,-4.78595
221.2159,-67.26609,0.04539166,0.1335278,0.6106302,-4.78612
221.2247,-67.41367,0.04388252,0.137862,0.6065973,-4.786292
221.2335,-67.54384,0.04261133,0.1421986,0.6025933,-4.786466
221.2424,-67.65792,0.04153136,0.1465333,0.5986203,-4.78664
221.2521,-67.76636,0.04051617,0.1512967,0.5942861,-4.786833
221.2618,-67.85829,0.03966898,0.1560478,0.5899938,-4.787027
221.2715,-67.93506,0.03896992,0.1607822,0.5857456,-4.787222
221.2813,-67.99787,0.03838959,0.1654955,0.5815431,-4.787417
221.2924,-68.0539,0.03784054,0.1708472,0.5768022,-4.787641
221.3035,-68.09461,0.03740772,0.1761615,0.5721249,-4.787865
221.3146,-68.1213,0.03707972,0.1814337,0.567513,-4.78809
221.3257,-68.13515,0.03683619,0.1866596,0.562968,-4.788315
221.3388,-68.13639,0.03663462,0.1927622,0.5576922,-4.78858
221.3519,-68.12273,0.03652573,0.1987897,0.5525131,-4.788845
221.365,-68.09555,0.0365024,0.2047373,0.5474321,-4.78911
221.3781,-68.05605,0.036549,0.2106008,0.5424505,-4.789375
221.3941,-67.99277,0.03668215,0.2176316,0.5365117,-4.789696
221.4101,-67.9145,0.03690189,0.2245262,0.5307231,-4.790017
221.426,-67.82276,0.03720347,0.2312798,0.5250856,-4.790336
221.442,-67.71887,0.03757317,0.2378885,0.5195996,-4.790653
221.4619,-67.57418,0.03810965,0.2459155,0.5129761,-4.791046
221.4818,-67.41443,0.03874197,0.2537073,0.5065878,-4.791436
221.5017,-67.24135,0.03947144,0.2612602,0.5004339,-4.791823
221.5216,-67.05644,0.04027693,0.2685712,0.4945133,-4.792205
221.5435,-66.841,0.04121784,0.276329,0.4882703,-4.792622
221.5654,-66.6144,0.04225959,0.2837907,0.4823048,-4.793034
221.5873,-66.37802,0.04342108,0.2909555,0.4766138,-4.79344
221.6092,-66.13302,0.04465392,0.2978235,0.471194,-4.793841
221.6293,-65.902,0.04580464,0.3038521,0.4664667,-4.794203
221.6493,-65.6654,0.04703594,0.3096335,0.4619609,-4.794561
221.6693,-65.42391,0.0483656,0.3151687,0.4576736,-4.794914
221.6894,-65.17808,0.04975184,0.3204593,0.4536016,-4.795262
221.7083,-64.94258,0.05107805,0.3252288,0.4499538,-4.795585
221.7272,-64.70413,0.0524702,0.3297834,0.446492,-4.795904
221.7461,-64.46316,0.05394093,0.3341248,0.4432134,-4.796218
221.765,-64.21997,0.05546223,0.3382547,0.440115,-4.796528
221.7845,-63.96738,0.05705286,0.3422903,0.4371083,-4.796843
221.804,-63.71312,0.05871027,0.3461055,0.4342864,-4.797152
221.8235,-63.45752,0.06044933,0.3497021,0.4316461,-4.797456
221.843,-63.20078,0.0622404,0.3530826,0.4291841,-4.797755
221.8632,-62.9337,0.06411843,0.35636,0.4268169,-4.79806
221.8834,-62.66593,0.0660676,0.35941,0.4246338,-4.798359
221.9036,-62.39775,0.06810559,0.362235,0.422631,-4.798653
221.9238,-62.12924,0.07019824,0.3648376,0.4208045,-4.798941
221.9446,-61.85258,0.07237225,0.367287,0.4191047,-4.799232
221.9653,-61.57596,0.07462156,0.3695062,0.4175837,-4.799517
221.9861,-61.29959,0.07696577,0.3714979,0.4162375,-4.799797
222.0069,-61.02343,0.07936772,0.3732651,0.4150619,-4.80007
222.0284,-60.73778,0.08187335,0.3748604,0.4140205,-4.800347
222.0499,-60.45258,0.08446054,0.3762213,0.4131531,-4.800618
222.0714,-60.16799,0.08715144,0.3773506,0.4124555,-4.800883
222.093,-59.88379,0.08990546,0.3782517,0.4119231,-4.801141
222.1153,-59.58846,0.0927906,0.3789499,0.4115402,-4.801403
222.1377,-59.29361,0.09576764,0.3794078,0.4113268,-4.801659
222.16,-58.99934,0.09886254,0.3796284,0.4112787,-4.801908
222.1824,-58.70522,0.1020302,0.3796154,0.4113911,-4.80215
222.2057,-58.39865,0.1053549,0.3793575,0.4116739,-4.802395
222.229,-58.09208,0.1087887,0.3788529,0.4121217,-4.802633
222.2522,-57.78554,0.112363,0.3781045,0.4127304,-4.802864
222.2755,-57.47826,0.1160275,0.3771162,0.4134956,-4.803087
222.2997,-57.15704,0.1198779,0.3758381,0.4144521,-4.803312
222.3239,-56.83457,0.1238667,0.3743064,0.4155699,-4.803529
222.3481,-56.51076,0.1280338,0.3725233,0.4168454,-4.803738
222.3723,-56.18438,0.1323231,0.3704923,0.4182746,-4.803939
222.3974,-55.84204,0.1368331,0.368131,0.4199129,-4.804139
222.4225,-55.49599,0.1415332,0.3655071,0.4217107,-4.80433
222.4476,-55.14593,0.146477,0.3626211,0.4236665,-4.804513
222.4726,-54.78976,0.1516026,0.3594752,0.4257775,-4.804686
222.4984,-54.41469,0.1569944,0.3559727,0.428107,-4.804855
222.5242,-54.03126,0.1626701,0.3521931,0.4306005,-4.805014
222.5499,-53.63866,0.1687075,0.3481326,0.43326,-4.805163
222.5757,-53.23321,0.1750425,0.3437903,0.4360857,-4.805302
222.6019,-52.80377,0.1817141,0.33909,0.4391268,-4.805432
222.6281,-52.35696,0.1888483,0.3340836,0.44235,-4.805551
222.6542,-51.89061,0.1965714,0.3287579,0.4457643,-4.805657
222.6804,-51.39763,0.2048315,0.323104,0.4493769,-4.805751
222.7065,-50.87005,0.2135673,0.3171194,0.453191,-4.805832
222.7327,-50.30613,0.223134,0.3107638,0.457235,-4.805898
222.7588,-49.69979,0.233766,0.3040037,0.4615336,-4.805949
222.7849,-49.03558,0.2454757,0.2968099,0.4661097,-4.805983
222.8105,-48.31061,0.2580089,0.2893183,0.4708825,-4.805999
222.8361,-47.50431,0.2722136,0.2813036,0.4760026,-4.805995
222.8616,-46.59841,0.288597,0.2726849,0.4815319,-4.80597
222.8872,-45.55422,0.3074095,0.2633818,0.4875362,-4.805919
222.9117,-44.37411,0.3280772,0.2537176,0.4938231,-4.805844
222.9362,-42.99,0.3525451,0.2431633,0.5007577,-4.805737
222.9608,-41.34625,0.3819888,0.231538,0.5085027,-4.805593
222.9853,-39.34298,0.417278,0.2186684,0.5172436,-4.805405
223.009,-36.96336,0.4579551,0.2048789,0.5268542,-4.805172
223.0327,-34.04588,0.5071988,0.189526,0.537965,-4.804875
223.0564,-30.5323,0.5656878,0.172623,0.550925,-4.804503
223.0801,-26.45423,0.6320406,0.1545415,0.5660139,-4.80404
223.1046,-21.84601,0.7054422,0.135355,0.5840565,-4.803455
223.1291,-17.51595,0.7753331,0.1167892,0.6042617,-4.802759
223.1536,-14.20855,0.8336766,0.09978911,0.6257628,-4.801968
223.1781,-12.56359,0.8757835,0.08488593,0.647282,-4.801116
223.1961,-12.65102,0.8955434,0.07538287,0.6622158,-4.800477
223.2141,-13.75078,0.9069387,0.06708275,0.6758363,-4.799849
223.2321,-15.71391,0.9109496,0.05994235,0.687775,-4.79925
223.2501,-18.35888,0.9079183,0.05392671,0.6978436,-4.798692
223.2681,-21.4676,0.8972943,0.04901175,0.7059606,-4.798187
223.2861,-24.87614,0.8799723,0.04512611,0.7121336,-4.797741
223.3041,-28.44953,0.8561635,0.04221459,0.7164507,-4.797357
223.3221,-32.03921,0.8236532,0.04028116,0.7190095,-4.797037
223.3367,-34.90229,0.7897591,0.03942208,0.7198874,-4.796825
223.3513,-37.70897,0.74974,0.03915725,0.7197797,-4.796655
223.3659,-40.43933,0.7035073,0.0394705,0.7187587,-4.796525
223.3806,-43.08796,0.6517316,0.04034254,0.7169016,-4.796434
223.3965,-45.87502,0.5906364,0.04190397,0.7140224,-4.796379
223.4124,-48.54452,0.5252674,0.04410665,0.7103194,-4.796367
223.4283,-51.07312,0.4571767,0.04694984,0.7058712,-4.796397
223.4442,-53.43955,0.3896037,0.05041821,0.7007689,-4.796465
223.4571,-55.23109,0.3372856,0.05369408,0.6961906,-4.796548
223.4701,-56.88315,0.2884288,0.05736399,0.6912826,-4.796653
223.483,-58.38733,0.2440694,0.06140991,0.6860919,-4.796778
223.496,-59.74081,0.2049633,0.06580862,0.6806641,-4.796922
223.5053,-60.62541,0.1801953,0.06918784,0.6766227,-4.797037
223.5147,-61.4353,0.1583232,0.07272491,0.6724956,-4.797159
223.5241,-62.17401,0.1392759,0.07640777,0.6682968,-4.797288
223.5334,-62.84549,0.1228395,0.08022418,0.6640392,-4.797424
223.5428,-63.45418,0.1087201,0.08416177,0.6597346,-4.797566
223.5521,-64.00493,0.09675142,0.0882083,0.655394,-4.797714
223.5615,-64.50241,0.08672489,0.09235201,0.6510268,-4.797866
223.5708,-64.9509,0.07832644,0.09658155,0.646642,-4.798023
223.5795,-65.32667,0.0717212,0.1005716,0.6425661,-4.798172
223.5882,-65.66704,0.06614962,0.104618,0.6384872,-4.798324
223.5969,-65.97494,0.06148154,0.108713,0.6344105,-4.798479
223.6055,-66.25297,0.05754895,0.1128493,0.6303405,-4.798636
223.6139,-66.49587,0.05430102,0.1168846,0.6264124,-4.79879
223.6223,-66.71512,0.05154672,0.1209463,0.6224977,-4.798947
223.6307,-66.91257,0.04922016,0.125029,0.6185995,-4.799105
223.6391,-67.08992,0.04724013,0.1291276,0.6147204,-4.799264
223.648,-67.25653,0.04545264,0.1334532,0.6106614,-4.799434
223.6568,-67.40422,0.04393973,0.137786,0.606629,-4.799605
223.6656,-67.53446,0.04266545,0.1421214,0.6026255,-4.799777
223.6745,-67.64862,0.04158291,0.1464548,0.5986529,-4.79995
223.6842,-67.75709,0.04056548,0.1512163,0.5943195,-4.800141
223.6939,-67.84905,0.03971648,0.1559655,0.5900282,-4.800334
223.7036,-67.92583,0.03901596,0.160698,0.5857808,-4.800527
223.7134,-67.98864,0.03843449,0.1654096,0.5815792,-4.800721
223.7245,-68.04466,0.03788443,0.1707589,0.5768395,-4.800944
223.7356,-68.08534,0.03745087,0.1760708,0.5721635,-4.801166
223.7467,-68.11199,0.03712235,0.1813406,0.5675529,-4.801389
223.7578,-68.12579,0.03687849,0.1865642,0.5630091,-4.801612
223.7709,-68.12696,0.03667672,0.192664,0.5577348,-4.801876
223.784,-68.11322,0.03656782,0.1986887,0.5525571,-4.802139
223.7971,-68.08595,0.03654464,0.2046336,0.5474776,-4.802402
223.8102,-68.04635,0.03659154,0.2104943,0.5424975,-4.802665
223.8262,-67.98294,0.03672524,0.2175221,0.5365601,-4.802984
223.8422,-67.90452,0.03694569,0.2244137,0.530773,-4.803303
223.8581,-67.81262,0.03724814,0.2311643,0.525137,-4.803619
223.8741,-67.70857,0.03761886,0.23777,0.5196526,-4.803935
223.894,-67.56364,0.03815689,0.2457944,0.51303,-4.804325
223.9139,-67.40363,0.03879098,0.2535835,0.5066428,-4.804712
223.9339,-67.23028,0.03952242,0.2611336,0.5004901,-4.805096
223.9538,-67.04509,0.04033009,0.2684417,0.4945708,-4.805476
223.9757,-66.82932,0.04127365,0.2761967,0.4883289,-4.805889
223.9976,-66.60238,0.0423183,0.2836554,0.4823647,-4.806298
224.0195,-66.36565,0.04348296,0.290817,0.4766752,-4.806701
224.0414,-66.1203,0.04471917,0.2976816,0.4712572,-4.807099
224.0614,-65.88896,0.04587309,0.3037068,0.4665317,-4.807459
224.0815,-65.65204,0.04710778,0.3094844,0.462028,-4.807813
224.1015,-65.41023,0.04844103,0.3150158,0.4577429,-4.808163
224.1216,-65.16408,0.04983103,0.3203024,0.4536733,-4.808508
224.1405,-64.92826,0.05116102,0.3250683,0.4500276,-4.808829
224.1594,-64.6895,0.05255712,0.3296192,0.4465681,-4.809145
224.1783,-64.44821,0.05403198,0.3339566,0.4432919,-4.809457
224.1972,-64.2047,0.05555756,0.3380823,0.4401962,-4.809764
224.2167,-63.95179,0.05715274,0.3421136,0.4371922,-4.810076
224.2362,-63.69721,0.0588149,0.345924,0.4343732,-4.810382
224.2557,-63.44129,0.0605589,0.3495159,0.4317361,-4.810684
224.2752,-63.18424,0.06235506,0.3528912,0.4292773,-4.81098
224.2954,-62.91683,0.06423849,0.3561632,0.4269138,-4.811282
224.3156,-62.64875,0.06619324,0.3592074,0.4247344,-4.811578
224.3358,-62.38025,0.06823702,0.3620265,0.4227354,-4.811869
224.356,-62.11144,0.07033563,0.3646229,0.420913,-4.812154
224.3768,-61.83445,0.072516,0.3670659,0.4192174,-4.812442
224.3976,-61.5575,0.07477189,0.3692784,0.4177008,-4.812725
224.4184,-61.28081,0.07712292,0.3712631,0.4163591,-4.813001
224.4392,-61.00434,0.07953189,0.3730231,0.4151882,-4.813272
224.4607,-60.71834,0.08204505,0.3746109,0.4141518,-4.813546
224.4822,-60.4328,0.08464002,0.3759638,0.4132895,-4.813813
224.5038,-60.14787,0.08733901,0.377085,0.4125972,-4.814075
224.5253,-59.86333,0.09010136,0.3779775,0.4120703,-4.81433
224.5477,-59.56763,0.09299544,0.3786667,0.4116931,-4.814589
224.57,-59.2724,0.09598176,0.3791153,0.4114857,-4.814841
224.5924,-58.97775,0.09908635,0.3793263,0.4114437,-4.815087
224.6148,-58.68324,0.1022641,0.3793032,0.4115625,-4.815326
224.6381,-58.37624,0.1055995,0.3790347,0.4118519,-4.815567
224.6614,-58.06924,0.1090445,0.3785191,0.4123066,-4.815802
224.6847,-57.76223,0.1126307,0.3777594,0.4129224,-4.816029
224.708,-57.45448,0.1163077,0.3767594,0.4136948,-4.816249
224.7322,-57.13273,0.1201714,0.3754688,0.4146591,-4.81647
224.7564,-56.80971,0.1241743,0.3739243,0.4157847,-4.816683
224.7806,-56.48532,0.1283566,0.3721279,0.4170683,-4.816889
224.8048,-56.1583,0.132662,0.3700832,0.4185058,-4.817086
224.8299,-55.81527,0.1371892,0.3677075,0.4201529,-4.817282
224.855,-55.46847,0.1419079,0.3650687,0.4219598,-4.81747
224.8801,-55.11758,0.146872,0.3621673,0.423925,-4.817648
224.9052,-54.76049,0.1520196,0.3590055,0.4260458,-4.817818
224.9309,-54.38442,0.157435,0.3554864,0.4283853,-4.817983
224.9567,-53.99986,0.1631368,0.3516897,0.4308893,-4.818138
224.9825,-53.60599,0.1692035,0.3476112,0.4335598,-4.818282
225.0083,-53.1991,0.1755712,0.3432501,0.4363972,-4.818417
225.0345,-52.76805,0.1822779,0.3385308,0.4394501,-4.818543
225.0606,-52.31938,0.1894523,0.3335043,0.4426859,-4.818657
225.0868,-51.85087,0.1972219,0.3281573,0.4461139,-4.818759
225.113,-51.35535,0.2055356,0.3224803,0.4497414,-4.818848
225.1391,-50.82489,0.2143298,0.3164729,0.4535704,-4.818924
225.1652,-50.25754,0.2239658,0.3100923,0.457631,-4.818986
225.1914,-49.64707,0.2346811,0.3033046,0.4619484,-4.819032
225.2175,-48.9778,0.2464908,0.2960797,0.4665459,-4.819061
225.243,-48.24691,0.2591356,0.2885569,0.4713408,-4.819072
225.2686,-47.43329,0.273478,0.2805062,0.4764867,-4.819064
225.2941,-46.51826,0.2900334,0.2718455,0.4820468,-4.819033
225.3197,-45.46236,0.3090606,0.2624926,0.4880882,-4.818977
225.3442,-44.26803,0.3299784,0.2527747,0.4944165,-4.818896
225.3687,-42.86572,0.3547629,0.2421557,0.5014023,-4.818784
225.3932,-41.19867,0.3846069,0.2304529,0.5092112,-4.818633
225.4177,-39.16556,0.4203916,0.2174922,0.5180326,-4.818438
225.4414,-36.74809,0.4616898,0.2035894,0.5277496,-4.818197
225.4651,-33.78471,0.5116437,0.1881171,0.5389937,-4.817892
225.4888,-30.22206,0.570832,0.1711078,0.5521146,-4.817509
225.5125,-26.10632,0.6376938,0.1529644,0.5673836,-4.817036
225.5371,-21.47891,0.7113986,0.1337329,0.5856801,-4.816436
225.5617,-17.19428,0.7808475,0.1152129,0.6060969,-4.815726
225.5863,-14.00675,0.8380171,0.0983342,0.627708,-4.814923
225.6109,-12.53548,0.8786025,0.08359623,0.6492059,-4.814062
225.6297,-12.79086,0.8978052,0.07386397,0.6646258,-4.813392
225.6485,-14.12821,0.9081207,0.06543518,0.678536,-4.812739
225.6673,-16.36663,0.9107169,0.05825498,0.6905474,-4.812119
225.6861,-19.28929,0.9056597,0.05229085,0.7004826,-4.811549
225.7007,-21.89041,0.896105,0.04846369,0.7067595,-4.811146
225.7154,-24.67397,0.8819034,0.04532216,0.7117477,-4.810782
225.7301,-27.56193,0.8629121,0.0428428,0.7154929,-4.810459
225.7447,-30.48072,0.8383779,0.04101584,0.7180506,-4.810179
225.7594,-33.37951,0.8078049,0.03982548,0.7194944,-4.809942
225.7741,-36.23068,0.7710685,0.0392448,0.7199038,-4.809747
225.7887,-39.01055,0.727997,0.03925552,0.7193538,-4.809593
225.8034,-41.71116,0.6790602,0.03983648,0.7179245,-4.80948
225.8162,-44.00391,0.6322053,0.04079543,0.716018,-4.809413
225.829,-46.22608,0.5818999,0.04217278,0.7135408,-4.809375
225.8418,-48.36897,0.5288839,0.04396593,0.7105355,-4.809365
225.8546,-50.42423,0.4744544,0.04616944,0.707048,-4.809382
225.8674,-52.38083,0.4201119,0.04877817,0.703124,-4.809424
225.8802,-54.22204,0.3670495,0.05178872,0.6988062,-4.809491
225.893,-55.93398,0.3165401,0.05519189,0.6941397,-4.809581
225.9058,-57.50637,0.2698815,0.05897289,0.6891704,-4.809691
225.9199,-59.05937,0.2242762,0.06352093,0.6834382,-4.809834
225.9339,-60.43762,0.185104,0.0684656,0.6774539,-4.809998
225.9479,-61.64789,0.1526857,0.07376974,0.6712698,-4.810179
225.9619,-62.70033,0.126395,0.07939363,0.6649328,-4.810377
225.9703,-63.26172,0.1131359,0.08290342,0.6610754,-4.810502
225.9787,-63.77515,0.1016815,0.08650424,0.6571863,-4.810631
225.9871,-64.244,0.09187042,0.09018744,0.6532726,-4.810765
225.9955,-64.67147,0.08348395,0.09394462,0.649341,-4.810903
226.0039,-65.06066,0.07629952,0.09776769,0.6453976,-4.811044
226.0124,-65.41461,0.07019847,0.1016489,0.6414478,-4.811188
226.0208,-65.73611,0.06504957,0.105581,0.6374966,-4.811334
226.0292,-66.02769,0.06068805,0.109557,0.6335485,-4.811484
226.0376,-66.29215,0.05695648,0.1135773,0.6296007,-4.811636
226.046,-66.53117,0.05379637,0.117629,0.6256636,-4.81179
226.0544,-66.74676,0.05113168,0.1217062,0.6217407,-4.811946
226.0629,-66.94076,0.04886828,0.1258035,0.6178349,-4.812104
226.0716,-67.12033,0.046863,0.130054,0.6138188,-4.812268
226.0803,-67.2803,0.045164,0.1343155,0.6098266,-4.812434
226.089,-67.42221,0.04373075,0.138583,0.6058606,-4.812602
226.0977,-67.54745,0.04251138,0.1428521,0.6019231,-4.81277
226.1072,-67.66672,0.04137114,0.1475138,0.5976555,-4.812956
226.1167,-67.7691,0.04041535,0.1521675,0.5934264,-4.813142
226.1262,-67.85595,0.03962152,0.1568085,0.589238,-4.813329
226.1357,-67.9285,0.03895755,0.1614327,0.585092,-4.813517
226.1465,-67.99484,0.03832759,0.1666503,0.5804446,-4.813731
226.1573,-68.04566,0.03782187,0.1718363,0.5758559,-4.813945
226.1681,-68.08229,0.03742763,0.1769859,0.5713277,-4.81416
226.1789,-68.10589,0.03712308,0.182095,0.5668614,-4.814376
226.1915,-68.11838,0.03685595,0.1880294,0.561705,-4.814628
226.2042,-68.11592,0.03668496,0.1938976,0.5566374,-4.814881
226.2168,-68.09985,0.03660232,0.1996948,0.5516603,-4.815133
226.2295,-68.07139,0.03659165,0.2054168,0.5467748,-4.815385
226.2448,-68.0218,0.03665619,0.2122443,0.5409792,-4.81569
226.2601,-67.95725,0.03680767,0.2189504,0.5353211,-4.815994
226.2754,-67.87921,0.03704086,0.2255301,0.5298013,-4.816297
226.2908,-67.789,0.03734192,0.2319794,0.5244207,-4.816598
226.3099,-67.66119,0.03779386,0.2398323,0.5179078,-4.816972
226.329,-67.51818,0.03833919,0.2474718,0.5116118,-4.817343
226.3481,-67.36168,0.03897705,0.2548939,0.5055324,-4.817711
226.3672,-67.19316,0.03968952,0.2620952,0.4996688,-4.818076
226.3891,-66.98644,0.04057004,0.2700907,0.4931991,-4.818491
226.4111,-66.76732,0.04155372,0.2777896,0.4870103,-4.818901
226.433,-66.53732,0.0426566,0.2851907,0.4810998,-4.819306
226.455,-66.29774,0.04383425,0.2922933,0.4754646,-4.819706
226.4754,-66.06673,0.04495923,0.2986474,0.4704551,-4.820074
226.4959,-65.82928,0.04616946,0.3047428,0.4656791,-4.820437
226.5163,-65.58618,0.04748432,0.3105808,0.4611334,-4.820795
226.5368,-65.33809,0.04885831,0.3161625,0.4568147,-4.821148
226.5558,-65.10402,0.05014997,0.3211119,0.4530092,-4.821471
226.5748,-64.86666,0.05150933,0.3258436,0.4493934,-4.821789
226.5937,-64.62646,0.05294932,0.3303593,0.4459643,-4.822103
226.6127,-64.38374,0.05444061,0.3346606,0.4427191,-4.822412
226.632,-64.13411,0.05598359,0.3388257,0.4395978,-4.822722
226.6514,-63.88259,0.05759293,0.3427718,0.4366612,-4.823027
226.6707,-63.62953,0.05928287,0.346501,0.4339062,-4.823327
226.6901,-63.37516,0.06102459,0.3500154,0.4313294,-4.823622
226.7102,-63.10974,0.06285638,0.3534407,0.428838,-4.823924
226.7303,-62.84347,0.06475888,0.3566389,0.4265316,-4.82422
226.7503,-62.57663,0.06674939,0.3596124,0.4244067,-4.824511
226.7704,-62.30934,0.06879439,0.3623636,0.4224594,-4.824796
226.7911,-62.03379,0.07091988,0.3649664,0.4206363,-4.825084
226.8118,-61.75818,0.07312016,0.367339,0.4189935,-4.825366
226.8325,-61.48272,0.0754145,0.3694842,0.4175268,-4.825642
226.8532,-61.20739,0.07776621,0.3714048,0.4162323,-4.825913
226.8745,-60.92288,0.08021712,0.373157,0.4150706,-4.826187
226.8959,-60.63878,0.08274856,0.3746752,0.4140842,-4.826454
226.9173,-60.35525,0.0853822,0.3759623,0.4132688,-4.826716
226.9386,-60.0721,0.08807807,0.3770215,0.41262,-4.826971
226.9609,-59.77804,0.09090106,0.3778841,0.4121174,-4.82723
226.9831,-59.48449,0.09381409,0.378507,0.4117858,-4.827482
227.0053,-59.19156,0.09684242,0.3788932,0.4116205,-4.827728
227.0275,-58.89884,0.09994176,0.3790463,0.4116171,-4.827967
227.0506,-58.59387,0.1031943,0.3789619,0.4117804,-4.828209
227.0737,-58.28903,0.1065527,0.3786315,0.4121101,-4.828444
227.0968,-57.98435,0.1100473,0.378058,0.4126019,-4.828671
227.12,-57.67914,0.1136288,0.3772452,0.4132511,-4.828892
227.144,-57.36021,0.1173918,0.3761499,0.4140887,-4.829114
227.1681,-57.04032,0.1212875,0.3748017,0.4150884,-4.829328
227.1921,-56.71939,0.1253542,0.373203,0.4162468,-4.829535
227.2162,-56.39626,0.1295367,0.3713574,0.4175596,-4.829733
227.2411,-56.05752,0.1339346,0.3691872,0.4190795,-4.829931
227.266,-55.71557,0.1385123,0.3667556,0.4207593,-4.83012
227.291,-55.37017,0.1433207,0.3640634,0.4225972,-4.830301
227.3159,-55.0194,0.1482989,0.3611133,0.4245902,-4.830473
227.3416,-54.65025,0.153536,0.3578089,0.4268013,-4.83064
227.3672,-54.2737,0.1590379,0.3542298,0.4291756,-4.830798
227.3929,-53.88905,0.1648778,0.3503731,0.4317143,-4.830946
227.4186,-53.49295,0.1709912,0.3462387,0.434417,-4.831085
227.4447,-53.07387,0.1774285,0.3417438,0.4373372,-4.831215
227.4709,-52.6393,0.1842914,0.3369484,0.4404355,-4.831333
227.497,-52.18739,0.191696,0.3318415,0.4437198,-4.831441
227.5231,-51.71181,0.1995866,0.3264159,0.4471955,-4.831536
227.5493,-51.20391,0.2079238,0.3206527,0.4508759,-4.831618
227.5755,-50.66377,0.2170134,0.3145322,0.454776,-4.831687
227.6016,-50.08626,0.2270656,0.3080255,0.4589169,-4.831741
227.6278,-49.45786,0.2380761,0.3011078,0.4633181,-4.831779
227.6535,-48.7747,0.2498301,0.2938883,0.4679149,-4.831799
227.6792,-48.02042,0.2630688,0.2861791,0.4728331,-4.831802
227.7049,-47.17975,0.2782368,0.2779098,0.4781261,-4.831783
227.7306,-46.21952,0.2955256,0.2690116,0.4838495,-4.831742
227.7553,-45.14157,0.3144171,0.2597779,0.4898281,-4.831677
227.78,-43.8888,0.3366225,0.2497356,0.4963852,-4.831584
227.8047,-42.41415,0.3631798,0.2387222,0.5036599,-4.831457
227.8294,-40.63021,0.3948462,0.2265768,0.5118106,-4.831289
227.8532,-38.52973,0.4309818,0.2136746,0.5206528,-4.831083
227.8769,-35.96115,0.4748385,0.1993001,0.5307932,-4.830822
227.9007,-32.84353,0.5276394,0.183351,0.5425606,-4.830493
227.9244,-29.12306,0.5891293,0.1659805,0.5562661,-4.830082
227.9486,-24.7761,0.6593103,0.1472656,0.5725061,-4.829567
227.9727,-20.28044,0.7310997,0.1284876,0.5911035,-4.828944
227.9969,-16.24624,0.7968046,0.1106461,0.6116025,-4.828216
228.0211,-13.43352,0.8496893,0.09451641,0.6330105,-4.827405
228.0344,-12.67066,0.8715819,0.08654132,0.6446874,-4.826935
228.0477,-12.49465,0.8882885,0.07923659,0.6559634,-4.826458
228.0611,-12.89543,0.9000436,0.07260239,0.6666225,-4.825984
228.0744,-13.83791,0.9072982,0.06662567,0.6764956,-4.825519
228.0877,-15.25603,0.9104169,0.06128902,0.685449,-4.825069
228.101,-17.06927,0.9097491,0.0565697,0.6933919,-4.824641
228.1144,-19.1979,0.9055348,0.05244597,0.7002753,-4.82424
228.1277,-21.55661,0.8975454,0.04890839,0.706078,-4.823868
228.1436,-24.55531,0.8825459,0.04544912,0.7115879,-4.823469
228.1594,-27.67368,0.8616781,0.04277312,0.7156359,-4.823118
228.1753,-30.83387,0.8346989,0.04085096,0.7183034,-4.822816
228.1912,-33.96777,0.8007502,0.03966612,0.7196774,-4.822565
228.2072,-37.0674,0.7591762,0.03919136,0.7198582,-4.822361
228.2232,-40.08188,0.7101662,0.03941407,0.7189239,-4.822207
228.2392,-42.99063,0.6537653,0.04031887,0.7169641,-4.8221
228.2553,-45.79225,0.5916142,0.04188136,0.7140809,-4.822039
228.2697,-48.21722,0.5327096,0.04383096,0.7107822,-4.822021
228.2841,-50.53165,0.4718424,0.04630118,0.706869,-4.822038
228.2985,-52.7161,0.4105785,0.04928886,0.702402,-4.822087
228.3129,-54.75204,0.3512306,0.05278214,0.6974472,-4.822167
228.3261,-56.47397,0.300367,0.05641895,0.6925277,-4.822265
228.3393,-58.04408,0.2539804,0.06045157,0.6873023,-4.822384
228.3525,-59.45783,0.2129241,0.06485656,0.6818198,-4.822524
228.3657,-60.71651,0.1776093,0.06960579,0.6761264,-4.822681
228.3734,-61.37591,0.159814,0.07249593,0.6727556,-4.822779
228.381,-61.98762,0.1438838,0.07548376,0.6693365,-4.822881
228.3886,-62.55388,0.1297405,0.07856257,0.6658761,-4.822989
228.3963,-63.07703,0.1172566,0.08172566,0.6623812,-4.8231
228.4039,-63.55958,0.1062788,0.08496633,0.6588579,-4.823215
228.4116,-64.0041,0.09669484,0.08827798,0.6553119,-4.823334
228.4192,-64.41311,0.08837911,0.09165421,0.6517483,-4.823456
228.4268,-64.789,0.08117628,0.09508883,0.6481721,-4.823581
228.4357,-65.18508,0.0740295,0.0991224,0.6440296,-4.823729
228.4445,-65.54341,0.06801402,0.1032172,0.6398821,-4.82388
228.4533,-65.86714,0.06298861,0.1073648,0.6357351,-4.824035
228.4621,-66.15909,0.05876714,0.1115575,0.6315935,-4.824192
228.4705,-66.40929,0.05534943,0.1155738,0.6276699,-4.824343
228.4789,-66.6353,0.05245111,0.1196181,0.6237587,-4.824496
228.4873,-66.83902,0.05000302,0.1236851,0.619863,-4.824651
228.4957,-67.02217,0.04792007,0.1277694,0.6159855,-4.824808
228.5045,-67.1939,0.04604617,0.1320674,0.6119405,-4.824974
228.5133,-67.3464,0.0444597,0.136374,0.6079211,-4.825141
228.522,-67.48117,0.04312284,0.1406845,0.6039295,-4.825309
228.5308,-67.59959,0.04198664,0.1449945,0.5999681,-4.825479
228.5405,-67.71213,0.0409217,0.1497154,0.5956606,-4.825666
228.5501,-67.80799,0.04003149,0.1544257,0.5913939,-4.825854
228.5598,-67.88853,0.03929509,0.1591208,0.5871698,-4.826043
228.5694,-67.95495,0.038682,0.1637965,0.5829902,-4.826233
228.5804,-68.0148,0.03810127,0.1690931,0.5782863,-4.826449
228.5914,-68.05922,0.0376402,0.1743544,0.5736442,-4.826666
228.6024,-68.08954,0.03728679,0.1795759,0.5690656,-4.826884
228.6133,-68.10693,0.0370201,0.1847533,0.564552,-4.827102
228.6263,-68.11224,0.03679384,0.1907868,0.5593236,-4.827358
228.6392,-68.10261,0.03666186,0.1967486,0.5541889,-4.827615
228.6521,-68.07941,0.03661675,0.202634,0.5491493,-4.827871
228.6651,-68.04384,0.03664258,0.2084387,0.5442062,-4.828126
228.6808,-67.98543,0.03675106,0.2153871,0.5383233,-4.828437
228.6965,-67.91202,0.03694656,0.222205,0.5325857,-4.828746
228.7122,-67.82511,0.0372241,0.2288874,0.5269945,-4.829054
228.728,-67.72602,0.03756991,0.2354305,0.5215501,-4.829361
228.7476,-67.58711,0.03807788,0.2433917,0.514965,-4.829741
228.7672,-67.43303,0.0386812,0.2511256,0.5086086,-4.830117
228.7868,-67.26552,0.03938027,0.2586283,0.5024804,-4.830491
228.8065,-67.08608,0.04015528,0.2658967,0.4965793,-4.830861
228.8284,-66.87283,0.04108047,0.2737467,0.4902459,-4.831271
228.8504,-66.64792,0.04210806,0.2812992,0.4841923,-4.831676
228.8723,-66.41279,0.04325608,0.2885533,0.4784158,-4.832076
228.8942,-66.16867,0.04447722,0.2955088,0.4729132,-4.83247
228.9145,-65.9369,0.04562528,0.3016485,0.4680865,-4.832828
228.9347,-65.69925,0.04685604,0.3075364,0.4634861,-4.833182
228.9549,-65.45643,0.04818791,0.3131736,0.4591088,-4.83353
228.9751,-65.20905,0.04957763,0.3185617,0.4549515,-4.833874
228.994,-64.97347,0.05089833,0.3233875,0.4512513,-4.834191
229.0129,-64.73484,0.05228589,0.3279972,0.4477386,-4.834503
229.0319,-64.49357,0.05375304,0.3323924,0.4444107,-4.834812
229.0508,-64.24999,0.05527131,0.3365748,0.4412645,-4.835115
229.0703,-63.99777,0.0568537,0.3406498,0.43822,-4.835422
229.0897,-63.74381,0.05850307,0.3445043,0.4353608,-4.835723
229.1092,-63.48845,0.06023411,0.3481404,0.4326836,-4.83602
229.1286,-63.2319,0.06201741,0.3515604,0.430185,-4.836312
229.1488,-62.96471,0.06388957,0.3548818,0.4277782,-4.836609
229.169,-62.69678,0.06583311,0.3579753,0.4255563,-4.836901
229.1891,-62.42839,0.06786563,0.3608435,0.4235154,-4.837187
229.2093,-62.15964,0.06995311,0.3634888,0.4216518,-4.837468
229.2301,-61.88268,0.07212233,0.365982,0.4199144,-4.837751
229.2508,-61.60572,0.0743671,0.3682444,0.4183567,-4.838029
229.2716,-61.32899,0.07670696,0.3702788,0.4169746,-4.8383
229.2923,-61.05245,0.07910483,0.3720882,0.415764,-4.838566
229.3138,-60.76647,0.0816058,0.3737263,0.4146877,-4.838835
229.3353,-60.48094,0.08418847,0.3751294,0.4137862,-4.839098
229.3568,-60.196,0.08687491,0.3763006,0.4130552,-4.839355
229.3783,-59.91146,0.08962463,0.377243,0.4124904,-4.839605
229.4006,-59.61579,0.09250532,0.3779838,0.4120745,-4.839859
229.4229,-59.32061,0.0954779,0.3784839,0.411829,-4.840106
229.4453,-59.02602,0.09856824,0.3787462,0.4117497,-4.840347
229.4676,-58.73159,0.1017314,0.3787744,0.4118316,-4.84058
229.4908,-58.4247,0.1050517,0.378559,0.4120835,-4.840817
229.5141,-58.11784,0.1084809,0.3780965,0.4125013,-4.841046
229.5373,-57.81102,0.1120503,0.3773897,0.4130809,-4.841268
229.5606,-57.5035,0.1157097,0.3764425,0.4138176,-4.841483
229.5847,-57.18203,0.1195553,0.3752065,0.4147456,-4.841699
229.6089,-56.85935,0.1235389,0.3737163,0.4158356,-4.841907
229.6331,-56.53538,0.1277,0.3719742,0.4170842,-4.842107
229.6573,-56.2089,0.1319827,0.3699838,0.4184872,-4.842299
229.6823,-55.86644,0.1364867,0.3676634,0.4200995,-4.84249
229.7073,-55.52035,0.1411797,0.3650799,0.4218722,-4.842672
229.7324,-55.17031,0.146115,0.3622338,0.4238035,-4.842845
229.7574,-54.81427,0.1512309,0.3591274,0.4258906,-4.843009
229.7832,-54.43933,0.1566137,0.3556638,0.428197,-4.843169
229.8089,-54.05614,0.1622784,0.3519227,0.430668,-4.843319
229.8347,-53.66392,0.1683023,0.3479004,0.4333054,-4.843459
229.8604,-53.25901,0.1746213,0.343596,0.4361095,-4.843588
229.8866,-52.83015,0.1812773,0.338932,0.4391303,-4.843709
229.9128,-52.38414,0.1883921,0.3339618,0.4423333,-4.843818
229.9389,-51.91883,0.1960907,0.3286726,0.4457275,-4.843915
229.9651,-51.42724,0.2043212,0.3230555,0.4493198,-4.844
229.9913,-50.90122,0.213026,0.3171053,0.4531152,-4.844071
230.0174,-50.33932,0.2225538,0.310785,0.4571399,-4.844128
230.0435,-49.73554,0.2331361,0.3040616,0.4614183,-4.84417
230.0697,-49.07467,0.2447838,0.2969064,0.4659729,-4.844195
230.0953,-48.35364,0.2572477,0.2894516,0.470725,-4.844202
230.1208,-47.5524,0.2713637,0.2814769,0.4758221,-4.84419
230.1464,-46.65302,0.2876321,0.2729026,0.4813252,-4.844156
230.172,-45.61741,0.3062967,0.2636496,0.487299,-4.844097
230.1965,-44.44794,0.326789,0.2540381,0.4935527,-4.844014
230.2211,-43.07775,0.3510289,0.2435454,0.5004471,-4.8439
230.2456,-41.45222,0.3801767,0.231993,0.5081418,-4.843749
230.2702,-39.47291,0.415089,0.2192092,0.5168196,-4.843554
230.2939,-37.12457,0.4552753,0.2055269,0.5263452,-4.843315
230.3176,-34.2467,0.5039343,0.1902921,0.5373478,-4.843014
230.3413,-30.77848,0.5618114,0.1735052,0.5501741,-4.842637
230.365,-26.7412,0.6276519,0.1555132,0.5651072,-4.842172
230.3895,-22.16872,0.7005849,0.1364251,0.5829106,-4.841587
230.4139,-17.82545,0.7706,0.1178836,0.6028936,-4.840892
230.4383,-14.44169,0.8297198,0.100838,0.6242412,-4.840101
230.4627,-12.66755,0.8729733,0.0858431,0.6457079,-4.839246
230.4805,-12.64061,0.8934648,0.07634062,0.6605454,-4.838609
230.4983,-13.61019,0.9056755,0.06801389,0.6741526,-4.837981
230.516,-15.44048,0.9105129,0.06082481,0.6861584,-4.837378
230.5338,-17.96304,0.9084399,0.05473727,0.6963646,-4.836815
230.5516,-20.96863,0.899056,0.04972561,0.7046761,-4.836301
230.5694,-24.29337,0.8831911,0.04572267,0.7110869,-4.835844
230.5871,-27.80189,0.8610742,0.04267505,0.7156725,-4.835447
230.6049,-31.34483,0.8306067,0.04058726,0.718521,-4.835113
230.6195,-34.21303,0.7982453,0.03958237,0.7196515,-4.834885
230.6341,-37.03009,0.7597929,0.03917508,0.7197802,-4.834699
230.6487,-39.7743,0.7151189,0.0393484,0.7189796,-4.834554
230.6634,-42.43882,0.6647816,0.04008251,0.7173276,-4.834448
230.6762,-44.72146,0.6164642,0.04118138,0.7152244,-4.834387
230.6891,-46.93105,0.5649284,0.04270177,0.7125584,-4.834355
230.702,-49.05783,0.5110011,0.0446415,0.7093728,-4.83435
230.7149,-51.09208,0.4560667,0.04699519,0.705714,-4.834373
230.7278,-53.02151,0.4016925,0.04975729,0.7016285,-4.834421
230.7407,-54.82928,0.3491045,0.05292293,0.6971604,-4.834493
230.7535,-56.50209,0.2995609,0.05648104,0.6923558,-4.834587
230.7664,-58.03092,0.2542791,0.06041486,0.687261,-4.834702
230.7776,-59.23144,0.2192753,0.06409744,0.6826634,-4.834817
230.7887,-60.32186,0.1883363,0.06802716,0.6779113,-4.834944
230.7998,-61.3056,0.1615706,0.0721853,0.6730308,-4.835083
230.8109,-62.1877,0.1387658,0.07655202,0.6680459,-4.835232
230.8196,-62.81089,0.1234412,0.08009805,0.6640901,-4.835355
230.8283,-63.37991,0.1101927,0.0837489,0.6600934,-4.835483
230.837,-63.89853,0.09885215,0.08749483,0.6560647,-4.835616
230.8457,-64.37035,0.08917519,0.09132633,0.6520117,-4.835754
230.8544,-64.79888,0.08090507,0.09523417,0.6479417,-4.835895
230.8631,-65.18766,0.07390827,0.09920954,0.6438612,-4.836039
230.8718,-65.53992,0.06803335,0.103244,0.6397759,-4.836187
230.8805,-65.85858,0.06308246,0.1073298,0.6356911,-4.836338
230.8889,-66.13745,0.05900003,0.1113242,0.6317443,-4.836487
230.8974,-66.38976,0.05554293,0.1153531,0.6278064,-4.836637
230.9058,-66.61761,0.05262849,0.1194106,0.6238807,-4.83679
230.9142,-66.8229,0.05015445,0.123491,0.6199705,-4.836944
230.9228,-67.01208,0.04797767,0.1276996,0.6159742,-4.837105
230.9315,-67.18107,0.04613281,0.1319216,0.6120001,-4.837267
230.9401,-67.33145,0.04457575,0.136152,0.6080506,-4.83743
230.9488,-67.46465,0.04325051,0.1403864,0.6041279,-4.837594
230.9581,-67.59134,0.04201805,0.1449837,0.5999014,-4.837774
230.9675,-67.70085,0.04098251,0.1495757,0.5957112,-4.837955
230.9769,-67.79454,0.0401195,0.1541577,0.5915596,-4.838136
230.9863,-67.87366,0.03939483,0.1587254,0.5874483,-4.838319
230.9969,-67.94685,0.03870706,0.163858,0.5828594,-4.838526
231.0075,-68.00437,0.03814973,0.1689625,0.5783261,-4.838733
231.0181,-68.04753,0.03770906,0.1740342,0.5738502,-4.838941
231.0287,-68.07753,0.03736217,0.1790691,0.5694332,-4.83915
231.041,-68.09728,0.03705049,0.1848955,0.5643529,-4.839393
231.0534,-68.10203,0.03683779,0.1906611,0.5593568,-4.839637
231.0657,-68.0931,0.03671573,0.1963613,0.5544462,-4.83988
231.0781,-68.0717,0.03666738,0.2019917,0.5496227,-4.840124
231.093,-68.03078,0.03668762,0.208687,0.5439202,-4.840417
231.1079,-67.97489,0.03679547,0.2152698,0.5383473,-4.840709
231.1229,-67.90551,0.03698536,0.2217351,0.5329051,-4.841
231.1378,-67.82392,0.03724325,0.2280789,0.5275944,-4.841291
231.1563,-67.70702,0.03764115,0.2357994,0.5211692,-4.84165
231.1749,-67.57488,0.03813111,0.2433208,0.5149489,-4.842007
231.1935,-67.42918,0.03871116,0.2506386,0.5089333,-4.842361
231.212,-67.27139,0.03936488,0.2577495,0.5031221,-4.842712
231.2339,-67.07186,0.04020084,0.2658512,0.4965421,-4.843122
231.2557,-66.85918,0.04114072,0.2736597,0.4902421,-4.843527
231.2776,-66.63497,0.04219814,0.2811732,0.4842196,-4.843927
231.2994,-66.40061,0.04333228,0.2883908,0.4784718,-4.844322
231.3202,-66.16977,0.04444028,0.2949699,0.4732656,-4.844692
231.3409,-65.93185,0.04563679,0.3012825,0.4683013,-4.845058
231.3617,-65.68772,0.04694207,0.3073294,0.4635757,-4.845418
231.3824,-65.4381,0.0483085,0.313112,0.4590854,-4.845773
231.4015,-65.20437,0.04958162,0.3181953,0.4551629,-4.846094
231.4206,-64.96708,0.05092412,0.3230578,0.4514335,-4.846411
231.4397,-64.7267,0.05234937,0.3277011,0.4478944,-4.846724
231.4587,-64.4836,0.05382671,0.3321268,0.4445427,-4.847032
231.478,-64.23577,0.05534081,0.3363755,0.4413464,-4.847337
231.4972,-63.98592,0.05692116,0.340406,0.4383348,-4.847638
231.5165,-63.73439,0.05858164,0.3442205,0.4355049,-4.847935
231.5357,-63.48142,0.06029388,0.3478209,0.4328534,-4.848226
231.5558,-63.21707,0.06209747,0.3513401,0.4302818,-4.848523
231.5758,-62.95174,0.06397157,0.3546323,0.4278961,-4.848816
231.5958,-62.68574,0.06593321,0.3577,0.4256924,-4.849102
231.6158,-62.41919,0.06794929,0.3605457,0.4236671,-4.849384
231.6364,-62.14422,0.07004627,0.3632468,0.4217639,-4.849668
231.657,-61.86911,0.07221784,0.3657176,0.4200419,-4.849947
231.6777,-61.59408,0.07448307,0.367961,0.4184972,-4.850219
231.6983,-61.31913,0.07680556,0.3699796,0.4171256,-4.850486
231.7196,-61.03518,0.07922468,0.3718316,0.4158863,-4.850756
231.7409,-60.7516,0.08172384,0.3734498,0.4148232,-4.85102
231.7622,-60.46856,0.08432442,0.3748369,0.413932,-4.851278
231.7834,-60.18589,0.08698684,0.3759962,0.4132083,-4.851529
231.8056,-59.89245,0.08977393,0.3769626,0.4126292,-4.851784
231.8277,-59.59954,0.09265012,0.3776895,0.4122219,-4.852032
231.8498,-59.30724,0.09564021,0.37818,0.4119819,-4.852274
231.8719,-59.01522,0.09870041,0.3784375,0.4119046,-4.852509
231.8949,-58.71104,0.1019117,0.378462,0.411992,-4.852747
231.918,-58.40706,0.105227,0.3782408,0.4122467,-4.852978
231.941,-58.1033,0.1086763,0.3777767,0.4126643,-4.853202
231.964,-57.79913,0.1122107,0.3770736,0.4132402,-4.853419
231.9879,-57.48138,0.1159241,0.3760924,0.4140026,-4.853637
232.0119,-57.16281,0.1197672,0.3748585,0.414928,-4.853847
232.0358,-56.84336,0.1237772,0.3733746,0.4160127,-4.85405
232.0598,-56.52195,0.1278996,0.3716442,0.4172525,-4.854245
232.0846,-56.18508,0.1322345,0.3695927,0.4186981,-4.854439
232.1095,-55.84531,0.1367436,0.3672804,0.4203042,-4.854625
232.1343,-55.50238,0.1414764,0.3647081,0.4220688,-4.854802
232.1592,-55.15449,0.1463722,0.3618788,0.4239884,-4.85497
232.1848,-54.7885,0.1515232,0.3586967,0.4261262,-4.855135
232.2104,-54.41564,0.1569286,0.355241,0.4284269,-4.85529
232.236,-54.03527,0.1626589,0.3515095,0.4308914,-4.855435
232.2616,-53.64423,0.1686498,0.3475022,0.433519,-4.85557
232.2877,-53.23071,0.174958,0.343133,0.4363653,-4.855698
232.3138,-52.80275,0.1816717,0.3384661,0.439388,-4.855814
232.3399,-52.35864,0.1889016,0.3334917,0.4425941,-4.855919
232.366,-51.89244,0.1965901,0.3282035,0.4459881,-4.856012
232.3922,-51.39511,0.2047103,0.3225734,0.4495892,-4.856093
232.4184,-50.86775,0.2135409,0.3165931,0.4534046,-4.856161
232.4446,-50.30569,0.2232792,0.3102361,0.4574537,-4.856214
232.4708,-49.69644,0.2339125,0.3034801,0.4617542,-4.856251
232.4966,-49.03553,0.2452485,0.2964187,0.4662506,-4.856272
232.5223,-48.30887,0.2579705,0.2888852,0.4710548,-4.856275
232.5481,-47.50271,0.2724905,0.2808149,0.4762159,-4.856259
232.5738,-46.58674,0.2889695,0.2721449,0.4817842,-4.85622
232.5987,-45.56239,0.306923,0.2631503,0.4875952,-4.856158
232.6235,-44.37828,0.3279349,0.2533904,0.4939487,-4.85607
232.6483,-42.992,0.3529658,0.242714,0.5009717,-4.855949
232.6731,-41.3233,0.3827027,0.2309692,0.5088078,-4.855791
232.6969,-39.36854,0.416453,0.2185461,0.5172527,-4.855596
232.7207,-36.98563,0.4573962,0.2047187,0.5268906,-4.855351
232.7445,-34.08857,0.5069253,0.1893406,0.5380322,-4.855042
232.7683,-30.59288,0.5652429,0.1724653,0.5509898,-4.854657
232.7925,-26.43175,0.6332047,0.1540331,0.5663581,-4.854173
232.8168,-21.93275,0.7052057,0.1351674,0.584133,-4.853583
232.841,-17.60901,0.7740711,0.1168533,0.6040561,-4.852885
232.8652,-14.25125,0.832476,0.09999715,0.6253139,-4.852094
232.8776,-13.18161,0.8562569,0.09214571,0.6363245,-4.85166
232.89,-12.60458,0.8754609,0.08486835,0.6471334,-4.851217
232.9025,-12.53716,0.890131,0.07817624,0.6575496,-4.85077
232.9149,-12.97278,0.9005846,0.07206555,0.6674111,-4.850325
232.9273,-13.87614,0.907176,0.06652459,0.6765785,-4.849889
232.9397,-15.19019,0.9102277,0.06153728,0.6849439,-4.849467
232.9522,-16.85285,0.9100153,0.05708636,0.6924344,-4.849063
232.9646,-18.79514,0.9065479,0.05316056,0.6990047,-4.848681
232.9818,-21.8083,0.8958286,0.04858292,0.7065391,-4.848197
232.999,-25.07753,0.8788361,0.04494461,0.7123029,-4.847766
233.0162,-28.48506,0.8556169,0.04220107,0.7163749,-4.847393
233.0334,-31.90872,0.8245033,0.04034821,0.7188439,-4.847078
233.0483,-34.82339,0.790372,0.03945056,0.7197795,-4.846853
233.0631,-37.67925,0.7498726,0.03916874,0.7196923,-4.846671
233.078,-40.45537,0.702906,0.03948572,0.7186585,-4.846532
233.0929,-43.14654,0.650205,0.04038074,0.7167601,-4.846433
233.1087,-45.91431,0.5894105,0.04194477,0.7138838,-4.846371
233.1245,-48.56542,0.5244217,0.04414253,0.7101943,-4.846351
233.1404,-51.07699,0.4567819,0.04697309,0.7057691,-4.846373
233.1562,-53.42809,0.3896632,0.05042141,0.7006975,-4.846434
233.1691,-55.21918,0.3373589,0.05369688,0.6961201,-4.84651
233.1821,-56.87075,0.2885136,0.05736643,0.6912126,-4.846608
233.1951,-58.37438,0.2441633,0.06141198,0.6860223,-4.846727
233.2081,-59.72727,0.2050644,0.06581028,0.6805946,-4.846864
233.2174,-60.6119,0.1802872,0.06919112,0.6765511,-4.846974
233.2268,-61.4217,0.1584083,0.07272991,0.6724216,-4.847092
233.2362,-62.16023,0.1393564,0.07641456,0.6682203,-4.847217
233.2455,-62.83144,0.1229174,0.0802328,0.6639602,-4.847348
233.2549,-63.43977,0.1087967,0.08417219,0.6596532,-4.847485
233.2643,-63.9901,0.09682799,0.08822051,0.6553101,-4.847628
233.2736,-64.48709,0.08680246,0.09236592,0.6509406,-4.847776
233.283,-64.93503,0.07840562,0.09659707,0.6465534,-4.847928
233.2917,-65.31013,0.07180388,0.1005874,0.6424766,-4.848073
233.3004,-65.64984,0.06623546,0.1046339,0.638397,-4.84822
233.3091,-65.95705,0.06157023,0.1087288,0.6343196,-4.848371
233.3177,-66.23439,0.05764025,0.1128648,0.630249,-4.848524
233.3262,-66.47667,0.05439376,0.1169009,0.6263192,-4.848674
233.3346,-66.69528,0.05164101,0.1209632,0.622403,-4.848826
233.343,-66.89209,0.04931612,0.1250464,0.6185033,-4.84898
233.3514,-67.06876,0.04733782,0.1291453,0.614623,-4.849136
233.3602,-67.2347,0.04555179,0.1334721,0.6105618,-4.849301
233.3691,-67.38168,0.04404057,0.137806,0.6065273,-4.849467
233.3779,-67.5112,0.04276815,0.1421421,0.6025218,-4.849635
233.3868,-67.62462,0.04168764,0.1464762,0.5985475,-4.849804
233.3965,-67.73229,0.04067232,0.1512395,0.5942112,-4.849991
233.4063,-67.82342,0.0398257,0.1559902,0.5899171,-4.850179
233.416,-67.89935,0.03912779,0.1607239,0.5856673,-4.850367
233.4258,-67.96129,0.03854913,0.1654364,0.5814634,-4.850556
233.4369,-68.01632,0.03800232,0.1707884,0.5767197,-4.850773
233.448,-68.05598,0.03757233,0.1761025,0.5720401,-4.850991
233.4591,-68.08158,0.03724768,0.1813741,0.5674263,-4.851208
233.4703,-68.09431,0.03700794,0.1865989,0.5628798,-4.851426
233.4834,-68.09419,0.03681127,0.1927029,0.5575998,-4.851683
233.4966,-68.07913,0.03670791,0.1987311,0.5524172,-4.851941
233.5097,-68.0505,0.03669065,0.2046785,0.5473335,-4.852197
233.5228,-68.00952,0.03674385,0.2105411,0.5423498,-4.852454
233.5389,-67.94434,0.03688584,0.2175755,0.5364045,-4.852766
233.5549,-67.8641,0.03711524,0.2244724,0.5306107,-4.853077
233.571,-67.77035,0.03742727,0.2312268,0.5249693,-4.853386
233.587,-67.66441,0.03780814,0.2378348,0.5194807,-4.853693
233.607,-67.51704,0.03835965,0.2458631,0.5128523,-4.854074
233.627,-67.35455,0.03900827,0.2536536,0.5064614,-4.854452
233.647,-67.17871,0.0397555,0.2612028,0.5003071,-4.854827
233.667,-66.99101,0.04057978,0.2685076,0.4943882,-4.855197
233.6889,-66.77331,0.04153829,0.2762279,0.4881719,-4.855599
233.7108,-66.54453,0.04259852,0.2836513,0.4822336,-4.855995
233.7327,-66.30603,0.04377972,0.2907771,0.4765703,-4.856386
233.7546,-66.05898,0.04503293,0.2976055,0.4711788,-4.856772
233.7746,-65.82642,0.04620123,0.3035904,0.4664829,-4.85712
233.7947,-65.58834,0.0474506,0.3093281,0.4620085,-4.857464
233.8147,-65.34543,0.04879875,0.3148197,0.4577524,-4.857802
233.8347,-65.09824,0.05020409,0.3200667,0.4537115,-4.858135
233.8537,-64.861,0.05155176,0.3248049,0.4500854,-4.858446
233.8726,-64.62086,0.05296607,0.3293274,0.4466459,-4.858752
233.8915,-64.37823,0.05445974,0.3336358,0.4433903,-4.859053
233.9105,-64.13342,0.05600466,0.3377319,0.4403155,-4.85935
233.93,-63.87898,0.0576215,0.3417352,0.4373311,-4.859651
233.9496,-63.62291,0.05930604,0.3455167,0.4345324,-4.859947
233.9691,-63.36553,0.0610733,0.3490786,0.4319162,-4.860238
233.9886,-63.10706,0.06289336,0.3524231,0.429479,-4.860524
234.0089,-62.83826,0.06480149,0.3556614,0.427139,-4.860815
234.0291,-62.56881,0.06678171,0.3586711,0.4249836,-4.8611
234.0493,-62.29899,0.06885186,0.3614548,0.4230092,-4.86138
234.0696,-62.02888,0.07097749,0.3640149,0.4212119,-4.861654
234.0904,-61.7505,0.07318663,0.3664202,0.4195421,-4.86193
234.1112,-61.4722,0.07547214,0.3685941,0.4180519,-4.862201
234.1321,-61.19417,0.07785382,0.3705392,0.4167371,-4.862466
234.1529,-60.91637,0.08029421,0.3722586,0.4155935,-4.862725
234.1745,-60.62892,0.08284123,0.3738039,0.4145856,-4.862987
234.1961,-60.34194,0.08547113,0.3751133,0.4137524,-4.863243
234.2176,-60.05556,0.08820638,0.3761897,0.4130896,-4.863492
234.2392,-59.76958,0.09100601,0.3770364,0.4125928,-4.863735
234.2616,-59.47229,0.09394012,0.377677,0.4122473,-4.863982
234.2841,-59.17547,0.09696796,0.3780756,0.4120722,-4.864221
234.3065,-58.8792,0.1001159,0.3782355,0.4120631,-4.864454
234.3289,-58.58302,0.1033385,0.3781601,0.4122152,-4.86468
234.3523,-58.2742,0.1067221,0.3778358,0.4125399,-4.864909
234.3756,-57.9653,0.1102175,0.3772631,0.4130305,-4.86513
234.399,-57.65634,0.1138569,0.3764449,0.4136828,-4.865344
234.4223,-57.34652,0.1175894,0.375385,0.4144923,-4.86555
234.4466,-57.02249,0.1215127,0.3740309,0.4154958,-4.865757
234.4709,-56.69705,0.125579,0.3724212,0.4166613,-4.865957
234.4952,-56.37007,0.1298293,0.3705581,0.4179857,-4.866148
234.5194,-56.04026,0.1342067,0.368445,0.4194648,-4.866331
234.5446,-55.69415,0.1388112,0.3659973,0.4211553,-4.866512
234.5697,-55.34397,0.1436136,0.3632847,0.4230068,-4.866684
234.5949,-54.98938,0.1486695,0.3603073,0.4250178,-4.866848
234.62,-54.62818,0.1539167,0.3570671,0.4271858,-4.867002
234.6458,-54.24756,0.1594387,0.3534674,0.4295739,-4.867151
234.6716,-53.85788,0.165259,0.349587,0.4321284,-4.86729
234.6975,-53.45825,0.1714593,0.3454216,0.4348517,-4.867419
234.7233,-53.04473,0.177976,0.3409697,0.4377445,-4.867537
234.7495,-52.6063,0.1848429,0.3361592,0.4408536,-4.867646
234.7757,-52.14908,0.1922012,0.3310364,0.4441491,-4.867743
234.8019,-51.67064,0.2001849,0.325587,0.4476414,-4.867827
234.828,-51.16332,0.2087459,0.3198004,0.4513387,-4.867899
234.8541,-50.61946,0.2178096,0.3136845,0.4552379,-4.867957
234.8802,-50.03606,0.2277665,0.3071854,0.4593764,-4.868
234.9063,-49.40628,0.2388697,0.3002664,0.4637815,-4.868027
234.9324,-48.71316,0.2511461,0.2928946,0.468479,-4.868037
234.9579,-47.95436,0.2643138,0.2852236,0.4733773,-4.868029
234.9834,-47.10611,0.2793025,0.2770024,0.4786445,-4.868
235.0089,-46.14773,0.2966687,0.2681422,0.4843493,-4.867948
235.0343,-45.03613,0.3167104,0.2585537,0.4905655,-4.867869
235.0588,-43.7739,0.3388142,0.2485794,0.4970902,-4.867766
235.0832,-42.28442,0.3651026,0.2376523,0.504319,-4.867629
235.1076,-40.50579,0.3968453,0.2255814,0.5124323,-4.867451
235.132,-38.33032,0.4349701,0.212191,0.5216364,-4.867226
235.1557,-35.73134,0.4792316,0.1977465,0.5318689,-4.866951
235.1795,-32.55114,0.5325063,0.1817172,0.5437572,-4.866608
235.2032,-28.7641,0.5948242,0.1642344,0.5576485,-4.866181
235.2269,-24.49326,0.6637276,0.1458487,0.5737642,-4.865659
235.2468,-20.77345,0.723115,0.130389,0.5890271,-4.865141
235.2667,-17.34237,0.7788927,0.1155085,0.6056195,-4.864552
235.2866,-14.61288,0.8266603,0.1016937,0.6230224,-4.863901
235.3064,-12.95028,0.8638413,0.08923446,0.6405503,-4.863206
235.3208,-12.56076,0.8835143,0.08117698,0.6527898,-4.862692
235.3351,-12.84242,0.8974671,0.07388984,0.6643908,-4.862177
235.3494,-13.75139,0.9061214,0.0673617,0.6751203,-4.861671
235.3637,-15.21884,0.909964,0.06157223,0.684812,-4.861183
235.378,-17.14582,0.9092422,0.05650091,0.6933488,-4.860718
235.3923,-19.43176,0.9043206,0.05211804,0.7006668,-4.860285
235.4066,-21.98317,0.8953668,0.04839751,0.7067491,-4.859885
235.4209,-24.70202,0.8818222,0.04533279,0.7116034,-4.859523
235.4361,-27.68433,0.8617304,0.04278348,0.7154599,-4.859183
235.4513,-30.70113,0.8357252,0.04093247,0.7180464,-4.858888
235.4665,-33.70019,0.803487,0.03975576,0.7194444,-4.858638
235.4817,-36.64418,0.7646628,0.0392321,0.7197396,-4.858434
235.4947,-39.09828,0.7263474,0.03928366,0.7191877,-4.858295
235.5077,-41.49079,0.6833833,0.03978144,0.717949,-4.858188
235.5207,-43.81407,0.636037,0.04071768,0.7160709,-4.858111
235.5337,-46.06551,0.5851482,0.04208271,0.7136042,-4.858064
235.5466,-48.24153,0.5318428,0.04386906,0.7105981,-4.858045
235.5596,-50.32829,0.476994,0.04607732,0.7070942,-4.858055
235.5726,-52.31168,0.4217992,0.0487049,0.7031371,-4.85809
235.5856,-54.17786,0.3678655,0.05174434,0.6987744,-4.858151
235.5991,-55.98179,0.3147409,0.05533703,0.6938507,-4.858239
235.6126,-57.62976,0.2659581,0.05934923,0.6885921,-4.85835
235.6261,-59.11505,0.2225227,0.0637576,0.6830512,-4.858483
235.6397,-60.43751,0.1850224,0.06853325,0.6772782,-4.858634
235.6483,-61.19699,0.1643018,0.07174917,0.6735041,-4.85874
235.6569,-61.89543,0.1459675,0.07509096,0.6696663,-4.858851
235.6655,-62.53594,0.1299228,0.07854908,0.6657751,-4.858969
235.6741,-63.12181,0.1159806,0.08211397,0.66184,-4.859091
235.6827,-63.65657,0.1039092,0.08577607,0.6578698,-4.859218
235.6913,-64.14395,0.09356323,0.08952603,0.6538724,-4.85935
235.6999,-64.58751,0.0847727,0.09335478,0.6498552,-4.859486
235.7085,-64.99057,0.07730817,0.09725364,0.6458247,-4.859625
235.7172,-65.35976,0.07088296,0.1012542,0.6417464,-4.85977
235.7259,-65.69401,0.0654648,0.1053097,0.6376661,-4.859917
235.7346,-65.99618,0.06092622,0.1094124,0.6335888,-4.860067
235.7433,-66.26888,0.05710279,0.113555,0.629519,-4.860219
235.7517,-66.50713,0.05394202,0.1175987,0.6255885,-4.860369
235.7601,-66.72199,0.05126169,0.1216678,0.6216722,-4.86052
235.7685,-66.91531,0.04899765,0.1257568,0.6177729,-4.860674
235.777,-67.08873,0.04707077,0.1298607,0.6138934,-4.860829
235.7858,-67.2519,0.04532633,0.1342038,0.6098224,-4.860994
235.7947,-67.39623,0.04385078,0.1385531,0.6057787,-4.86116
235.8036,-67.52322,0.04260899,0.142904,0.6017647,-4.861327
235.8125,-67.6342,0.04155501,0.1472519,0.5977825,-4.861496
235.8223,-67.73947,0.04056368,0.1520374,0.5934311,-4.861683
235.8321,-67.82825,0.03973817,0.1568093,0.5891227,-4.861871
235.8419,-67.90189,0.03905896,0.1615632,0.5848595,-4.862059
235.8517,-67.9616,0.03849708,0.1662949,0.580643,-4.862248
235.8629,-68.0142,0.03796692,0.1716757,0.5758787,-4.862465
235.8741,-68.05145,0.03755227,0.1770172,0.5711797,-4.862683
235.8853,-68.07467,0.03724188,0.1823148,0.5665477,-4.862901
235.8965,-68.08504,0.03701559,0.1875643,0.5619842,-4.863119
235.9098,-68.08215,0.03683383,0.1937045,0.556678,-4.863377
235.923,-68.06431,0.03674496,0.1997667,0.5514712,-4.863634
235.9363,-68.0329,0.0367419,0.2057461,0.5463651,-4.863892
235.9495,-67.98914,0.03680911,0.2116383,0.5413609,-4.864148
235.9657,-67.92047,0.03696839,0.2187163,0.5353844,-4.864461
235.9819,-67.83672,0.03721536,0.2256531,0.5295627,-4.864773
235.9981,-67.73943,0.03754534,0.2324437,0.5238965,-4.865083
236.0143,-67.62996,0.03794452,0.2390843,0.5183863,-4.865391
236.0345,-67.47831,0.03851846,0.2471421,0.5117401,-4.865773
236.0547,-67.31158,0.03919046,0.2549571,0.5053358,-4.866151
236.0749,-67.13153,0.03996262,0.2625254,0.4991724,-4.866525
236.0951,-66.93968,0.04081239,0.2698444,0.4932485,-4.866896
236.1169,-66.71996,0.04178723,0.2774925,0.4870971,-4.867293
236.1388,-66.48945,0.04286338,0.2848444,0.4812224,-4.867685
236.1607,-66.24948,0.04406057,0.2918996,0.4756213,-4.868072
236.1825,-66.00118,0.04532918,0.2986584,0.4702905,-4.868454
236.2025,-65.76826,0.04650795,0.304566,0.4656603,-4.868797
236.2224,-65.53,0.04776698,0.3102286,0.4612491,-4.869135
236.2424,-65.28705,0.04912363,0.3156474,0.457054,-4.869469
236.2623,-65.03997,0.05053718,0.3208238,0.4530717,-4.869797
236.2813,-64.80184,0.05189925,0.3255186,0.4494827,-4.870105
236.3003,-64.56089,0.05332792,0.3299977,0.44608,-4.870408
236.3192,-64.31751,0.05483592,0.3342628,0.4428608,-4.870706
236.3382,-64.07201,0.05639528,0.3383157,0.4398221,-4.870999
236.3577,-63.81647,0.05803003,0.3422815,0.4368694,-4.871297
236.3773,-63.55935,0.05973284,0.3460248,0.4341028,-4.871591
236.3969,-63.30097,0.06151895,0.3495478,0.4315188,-4.871879
236.4165,-63.04155,0.06335812,0.3528527,0.429114,-4.872162
236.4367,-62.77196,0.06528495,0.3560477,0.426809,-4.872449
236.457,-62.50177,0.06728423,0.3590137,0.4246886,-4.872731
236.4773,-62.23124,0.06937393,0.3617532,0.422749,-4.873008
236.4976,-61.96046,0.0715194,0.3642689,0.4209864,-4.873279
236.5184,-61.68138,0.07374938,0.3666285,0.4193521,-4.873552
236.5393,-61.4024,0.07605617,0.3687563,0.4178972,-4.873819
236.5602,-61.12372,0.0784597,0.3706549,0.4166176,-4.874081
236.5811,-60.84529,0.08092232,0.3723275,0.4155091,-4.874336
236.6027,-60.5571,0.08349337,0.3738243,0.4145371,-4.874595
236.6243,-60.26938,0.08614794,0.3750848,0.4137397,-4.874847
236.6459,-59.98229,0.08890869,0.3761117,0.4131126,-4.875093
236.6676,-59.69557,0.09173441,0.3769085,0.4126514,-4.875333
236.69,-59.39747,0.0946964,0.3774968,0.4123429,-4.875575
236.7125,-59.09981,0.09775309,0.3778425,0.4122046,-4.875811
236.735,-58.80268,0.1009312,0.3779488,0.4122322,-4.87604
236.7575,-58.50561,0.1041848,0.3778195,0.412421,-4.876263
236.7809,-58.19579,0.1076015,0.3774383,0.4127839,-4.876487
236.8043,-57.88585,0.1111315,0.3768081,0.4133126,-4.876704
236.8277,-57.57577,0.1148076,0.3759318,0.414003,-4.876914
236.8511,-57.26475,0.1185786,0.3748132,0.4148505,-4.877117
236.8755,-56.9394,0.1225426,0.3733976,0.4158934,-4.877319
236.8998,-56.61251,0.1266524,0.3717256,0.4170984,-4.877514
236.9241,-56.28396,0.1309495,0.3697994,0.4184623,-4.877701
236.9485,-55.9524,0.1353769,0.3676225,0.4199811,-4.877879
236.9737,-55.60436,0.1400343,0.3651087,0.4217125,-4.878056
236.9988,-55.25202,0.1448945,0.3623289,0.423605,-4.878223
237.024,-54.89503,0.1500142,0.3592832,0.4256576,-4.878382
237.0492,-54.53109,0.155331,0.3559734,0.4278677,-4.878531
237.0751,-54.14744,0.1609268,0.352303,0.4302985,-4.878675
237.1009,-53.7543,0.1668299,0.3483504,0.4328965,-4.878808
237.1268,-53.35071,0.1731243,0.3441107,0.4356646,-4.878931
237.1526,-52.93257,0.1797467,0.3395821,0.4386038,-4.879044
237.1788,-52.489,0.1867264,0.3346956,0.4417589,-4.879147
237.205,-52.02573,0.1942154,0.3294936,0.4451028,-4.879237
237.2312,-51.54019,0.2023526,0.3239608,0.4486465,-4.879316
237.2574,-51.02433,0.2110921,0.3180858,0.4523989,-4.879381
237.2835,-50.47076,0.2203501,0.3118836,0.4563527,-4.879432
237.3096,-49.87564,0.23054,0.305291,0.4605513,-4.879468
237.3357,-49.23162,0.2419272,0.2982692,0.4650236,-4.879488
237.3618,-48.52077,0.2545475,0.2907831,0.4697974,-4.87949
237.3872,-47.74114,0.2681013,0.2829977,0.4747739,-4.879474
237.4126,-46.86687,0.2835703,0.2746453,0.4801326,-4.879436
237.438,-45.87574,0.3015424,0.2656321,0.4859466,-4.879375
237.4634,-44.72181,0.3223459,0.2558634,0.4922946,-4.879286
237.4878,-43.40776,0.3453451,0.2456924,0.4989684,-4.879172
237.5121,-41.8515,0.3727714,0.2345297,0.5063819,-4.879023
237.5364,-39.98734,0.405948,0.2221787,0.5147271,-4.878832
237.5608,-37.70339,0.4458279,0.2084651,0.5242225,-4.87859
237.5846,-34.96488,0.4923494,0.1936053,0.5348579,-4.878296
237.6083,-31.62208,0.5480743,0.1771652,0.547247,-4.877929
237.6321,-27.67547,0.6125391,0.1593577,0.5617289,-4.877475
237.6559,-23.3141,0.6825736,0.1408411,0.5784758,-4.876922
237.6728,-20.16499,0.7329233,0.127721,0.5918092,-4.876463
237.6898,-17.27367,0.7800972,0.1150922,0.6060683,-4.875952
237.7068,-14.90268,0.821353,0.1032495,0.620913,-4.875397
237.7238,-13.28868,0.8549841,0.09237921,0.635914,-4.874808
237.7373,-12.66539,0.875765,0.08449649,0.6476157,-4.874324
237.7508,-12.64279,0.8913223,0.077299,0.6588507,-4.873837
237.7642,-13.20082,0.9019425,0.0707833,0.6694051,-4.873353
237.7777,-14.29497,0.9080725,0.06493458,0.679115,-4.872881
237.7912,-15.85139,0.910037,0.05973495,0.6878548,-4.872426
237.8047,-17.78605,0.9081784,0.05516055,0.6955436,-4.871996
237.8182,-20.01715,0.9027067,0.05118921,0.7021423,-4.871593
237.8317,-22.45791,0.8933211,0.04781233,0.7076375,-4.871222
237.8473,-25.44772,0.8769588,0.04462953,0.7126484,-4.870835
237.863,-28.52987,0.8547379,0.04220102,0.7162605,-4.870495
237.8786,-31.63476,0.8263814,0.04049947,0.7185552,-4.870203
237.8943,-34.70443,0.7911895,0.03950653,0.7196189,-4.86996
237.9108,-37.88186,0.7465093,0.03919686,0.7195163,-4.869755
237.9274,-40.96474,0.6939478,0.03962454,0.7182522,-4.869601
237.9439,-43.93104,0.6336155,0.04077568,0.7159224,-4.869498
237.9605,-46.77963,0.5676578,0.04262384,0.712639,-4.869443
237.9745,-49.09966,0.5094102,0.04472134,0.7091885,-4.869433
237.9886,-51.30856,0.4499448,0.04731088,0.7051773,-4.869454
238.0026,-53.38769,0.3908085,0.05038815,0.7006623,-4.869506
238.0166,-55.31982,0.3340949,0.05394099,0.6957044,-4.869585
238.03,-57.00291,0.2842705,0.05773746,0.6906449,-4.869685
238.0433,-58.52991,0.2393237,0.06192783,0.6852917,-4.869806
238.0566,-59.89834,0.2000026,0.06648627,0.6796941,-4.869946
238.0699,-61.11133,0.1665405,0.0713826,0.6738981,-4.870104
238.0782,-61.78744,0.1486883,0.07456632,0.6702316,-4.870209
238.0864,-62.40995,0.1329322,0.07785799,0.6665147,-4.870319
238.0946,-62.98185,0.1191571,0.0812492,0.662756,-4.870434
238.1029,-63.50616,0.1071809,0.08473158,0.6589632,-4.870554
238.1111,-63.98602,0.09679437,0.08829686,0.6551436,-4.870678
238.1194,-64.42465,0.08786418,0.09193699,0.6513037,-4.870806
238.1276,-64.82507,0.08024074,0.09564423,0.6474494,-4.870937
238.1358,-65.19014,0.07373318,0.09941114,0.6435863,-4.871071
238.1445,-65.53753,0.06790933,0.1034133,0.6395355,-4.871215
238.1531,-65.852,0.06299552,0.1074653,0.6354855,-4.871362
238.1617,-66.13625,0.058875,0.1115601,0.6314408,-4.871511
238.1704,-66.39269,0.05539866,0.1156907,0.6274056,-4.871663
238.1788,-66.61898,0.05249096,0.1197633,0.6234678,-4.871813
238.1873,-66.8227,0.050025,0.1238584,0.6195459,-4.871965
238.1957,-67.00563,0.04794173,0.1279709,0.6156428,-4.872119
238.2042,-67.16938,0.04616809,0.1320957,0.611761,-4.872274
238.2132,-67.32407,0.04455071,0.13649,0.6076595,-4.872441
238.2221,-67.46033,0.04318409,0.1408881,0.6035873,-4.872608
238.2311,-67.5796,0.04203576,0.1452852,0.5995466,-4.872777
238.2401,-67.68322,0.0410627,0.1496769,0.5955395,-4.872947
238.2501,-67.78121,0.04014472,0.1545331,0.5911399,-4.873136
238.26,-67.86291,0.03938367,0.1593728,0.5867859,-4.873326
238.27,-67.92966,0.03876147,0.1641914,0.5824795,-4.873517
238.28,-67.98266,0.03825064,0.1689848,0.5782224,-4.873709
238.2914,-68.02797,0.03777132,0.1744575,0.5733927,-4.873929
238.3029,-68.05801,0.03740333,0.1798866,0.568632,-4.87415
238.3143,-68.07411,0.03713615,0.1852674,0.563942,-4.874371
238.3257,-68.07745,0.03695042,0.1905956,0.5593244,-4.874593
238.3393,-68.06627,0.03681372,0.1968514,0.5539349,-4.874856
238.3529,-68.04015,0.03676844,0.2030222,0.5486507,-4.875118
238.3665,-68.00047,0.03680787,0.2091033,0.5434734,-4.87538
238.3801,-67.94847,0.03691685,0.2150903,0.5384039,-4.875641
238.3968,-67.86941,0.03712769,0.2223056,0.5323298,-4.875961
238.4135,-67.77522,0.03742683,0.229368,0.5264205,-4.876279
238.4302,-67.66748,0.03780999,0.236273,0.5206766,-4.876596
238.4469,-67.54755,0.0382632,0.2430164,0.5150984,-4.87691
238.4676,-67.3837,0.03890106,0.2511503,0.5084107,-4.877297
238.4883,-67.20497,0.03963925,0.2590265,0.501977,-4.87768
238.509,-67.01314,0.04048204,0.2666415,0.4957959,-4.87806
238.5297,-66.80971,0.04140342,0.2739931,0.4898659,-4.878435
238.5514,-66.58542,0.04241835,0.281416,0.4839161,-4.878824
238.5731,-66.35123,0.04353244,0.2885469,0.4782371,-4.879207
238.5948,-66.10837,0.04476647,0.2953857,0.4728258,-4.879586
238.6165,-65.85787,0.04606972,0.301933,0.4676787,-4.879959
238.6362,-65.62451,0.04727288,0.3076272,0.4632304,-4.880292
238.6559,-65.38631,0.04855363,0.3130829,0.4589942,-4.880622
238.6756,-65.14386,0.04992824,0.3183014,0.4549672,-4.880946
238.6953,-64.89766,0.0513586,0.3232843,0.4511462,-4.881265
238.7143,-64.65725,0.05275723,0.3278649,0.447656,-4.881568
238.7333,-64.41423,0.0542222,0.3322298,0.4443513,-4.881867
238.7523,-64.16897,0.05576636,0.3363807,0.4412292,-4.882161
238.7713,-63.92177,0.05736198,0.3403197,0.4382866,-4.88245
238.791,-63.66361,0.05904087,0.3441827,0.4354213,-4.882745
238.8107,-63.40402,0.0607886,0.3478218,0.4327423,-4.883034
238.8304,-63.14332,0.06262088,0.3512391,0.4302464,-4.883319
238.85,-62.88169,0.06450676,0.354437,0.4279298,-4.883598
238.8704,-62.61039,0.06647847,0.3575148,0.4257198,-4.883881
238.8908,-62.33861,0.06852334,0.360363,0.4236939,-4.884159
238.9111,-62.0666,0.07065964,0.3629841,0.4218484,-4.884431
238.9315,-61.79442,0.07285222,0.365381,0.4201791,-4.884697
238.9525,-61.51384,0.07513193,0.3676187,0.4186395,-4.884966
238.9734,-61.23343,0.07748937,0.3696239,0.4172787,-4.885228
238.9944,-60.95338,0.0799448,0.3713993,0.4160927,-4.885485
239.0154,-60.67363,0.0824601,0.372948,0.4150771,-4.885736
239.0371,-60.38384,0.08508824,0.374317,0.4141998,-4.88599
239.0589,-60.09455,0.08780135,0.3754486,0.4134967,-4.886237
239.0806,-59.80589,0.09062262,0.3763458,0.4129635,-4.886478
239.1024,-59.51761,0.09351018,0.3770118,0.4125957,-4.886713
239.125,-59.21771,0.09653818,0.3774632,0.4123835,-4.88695
239.1476,-58.91821,0.09966322,0.377671,0.4123412,-4.887181
239.1702,-58.61919,0.1029128,0.3776382,0.4124643,-4.887405
239.1928,-58.32012,0.1062402,0.3773686,0.4127482,-4.887622
239.2164,-58.00808,0.1097351,0.3768404,0.4132095,-4.887841
239.2399,-57.69576,0.1133474,0.3760619,0.4138361,-4.888052
239.2635,-57.38315,0.1171107,0.375036,0.4146242,-4.888256
239.287,-57.06936,0.1209731,0.3737665,0.4155691,-4.888452
239.3115,-56.74094,0.125034,0.3721933,0.4167124,-4.888648
239.336,-56.41067,0.1292474,0.3703623,0.4180176,-4.888837
239.3604,-56.0784,0.1336567,0.3682754,0.4194819,-4.889016
239.3849,-55.74267,0.1382041,0.365936,0.4211012,-4.889188
239.4102,-55.39004,0.1429884,0.3632546,0.4229352,-4.889357
239.4355,-55.03251,0.1479876,0.3603051,0.424931,-4.889517
239.4608,-54.66968,0.1532617,0.357087,0.4270877,-4.889668
239.4861,-54.29905,0.1587476,0.3536019,0.4294034,-4.889809
239.512,-53.90803,0.1645224,0.3497544,0.4319402,-4.889944
239.538,-53.50638,0.1706274,0.3456208,0.4346463,-4.890069
239.5639,-53.09298,0.1771526,0.3411951,0.4375257,-4.890183
239.5898,-52.66333,0.1840354,0.3364747,0.4405802,-4.890286
239.6161,-52.20692,0.1912934,0.331399,0.4438489,-4.890379
239.6423,-51.7285,0.1991063,0.3259998,0.4473123,-4.890459
239.6685,-51.22502,0.2076264,0.3202592,0.4509833,-4.890526
239.6947,-50.68749,0.2168141,0.3141635,0.4548726,-4.89058
239.7207,-50.10921,0.2265607,0.3077461,0.4589617,-4.890619
239.7467,-49.48406,0.2373401,0.3009199,0.4633097,-4.890643
239.7727,-48.80339,0.2494495,0.2936405,0.4679499,-4.890649
239.7987,-48.04664,0.2629502,0.2858668,0.4729148,-4.890636
239.824,-47.2128,0.2774973,0.2777918,0.4780889,-4.890605
239.8493,-46.27052,0.2942077,0.269106,0.48368,-4.89055
239.8746,-45.19335,0.3137525,0.2597024,0.4897728,-4.89047
239.8998,-43.9278,0.3365405,0.2494722,0.4964597,-4.890361
239.924,-42.47631,0.3618896,0.2387909,0.5035222,-4.890224
239.9482,-40.74246,0.3923013,0.2270172,0.51142,-4.890048
239.9724,-38.65159,0.429213,0.2139461,0.5203744,-4.889827
239.9965,-36.08436,0.4735899,0.1994186,0.5306349,-4.889549
240.0205,-32.97546,0.5260685,0.1834715,0.5423786,-4.889206
240.0445,-29.22369,0.5878469,0.1660285,0.5561292,-4.888781
240.0684,-24.91899,0.6568786,0.1475349,0.5721731,-4.888258
240.0924,-20.44726,0.7281339,0.1288892,0.5905086,-4.887631
240.1066,-17.97331,0.7683385,0.1182371,0.6023226,-4.887209
240.1208,-15.81918,0.8048545,0.1080886,0.6146191,-4.886755
240.135,-14.13142,0.8363384,0.09857711,0.6271516,-4.886273
240.1492,-13.02997,0.8621203,0.08978205,0.6396478,-4.885772
240.1634,-12.59269,0.8820587,0.08173794,0.6518184,-4.885259
240.1775,-12.81711,0.8963439,0.07445163,0.6633814,-4.884745
240.1917,-13.66373,0.9053726,0.06791334,0.674105,-4.884239
240.2059,-15.0678,0.9096284,0.06210364,0.683822,-4.88375
240.2199,-16.89352,0.9094375,0.05709688,0.692253,-4.883292
240.2338,-19.07074,0.9052569,0.05274357,0.6995377,-4.882863
240.2477,-21.5123,0.8972461,0.04901994,0.705655,-4.882465
240.2616,-24.12714,0.8849478,0.04591875,0.7106075,-4.882103
240.2769,-27.11532,0.8658177,0.04321216,0.7147519,-4.881748
240.2922,-30.15119,0.8407793,0.04121812,0.717593,-4.881438
240.3076,-33.17832,0.8095182,0.03991186,0.7192127,-4.881176
240.3229,-36.1546,0.7715959,0.03927259,0.7196974,-4.880959
240.3362,-38.67576,0.7333088,0.03923938,0.7192709,-4.880807
240.3495,-41.13363,0.6901032,0.03967541,0.7181159,-4.880689
240.3627,-43.51956,0.6422192,0.040572,0.7162834,-4.880603
240.376,-45.83106,0.5905307,0.04191821,0.7138284,-4.880549
240.3893,-48.06485,0.5362282,0.04370554,0.7108039,-4.880524
240.4026,-50.20616,0.4802009,0.04593484,0.7072543,-4.880528
240.4159,-52.24003,0.4237053,0.04860352,0.7032271,-4.880561
240.4292,-54.15175,0.3684758,0.05170352,0.6987737,-4.880619
240.4426,-55.9487,0.3155681,0.05527322,0.6938791,-4.880703
240.4561,-57.59133,0.2669398,0.05925873,0.6886518,-4.880811
240.4696,-59.07288,0.2235893,0.06363712,0.6831438,-4.880939
240.483,-60.39306,0.1861075,0.06838002,0.6774046,-4.881086
240.4917,-61.15851,0.1651879,0.07160415,0.6736172,-4.88119
240.5003,-61.86225,0.1466794,0.07495563,0.669765,-4.8813
240.509,-62.50741,0.130486,0.0784248,0.6658585,-4.881415
240.5176,-63.09733,0.1164193,0.08200198,0.6619074,-4.881536
240.5262,-63.63556,0.1042448,0.08567747,0.6579207,-4.881662
240.5349,-64.1259,0.09381598,0.08944177,0.6539064,-4.881793
240.5435,-64.57195,0.08496093,0.09328569,0.6498719,-4.881927
240.5522,-64.97708,0.07744655,0.09720042,0.645824,-4.882065
240.5609,-65.34652,0.07100708,0.1012008,0.641745,-4.882207
240.5696,-65.68096,0.06557696,0.1052561,0.637664,-4.882352
240.5783,-65.98328,0.06102846,0.1093586,0.633586,-4.8825
240.587,-66.25607,0.05719683,0.1135011,0.6295155,-4.882651
240.5954,-66.49437,0.05402953,0.1175447,0.6255843,-4.882798
240.6038,-66.70925,0.05134381,0.1216135,0.6216673,-4.882948
240.6123,-66.90255,0.0490754,0.1257023,0.6177675,-4.8831
240.6207,-67.07593,0.04714497,0.129806,0.6138874,-4.883253
240.6296,-67.23901,0.04539764,0.1341485,0.6098162,-4.883416
240.6385,-67.38324,0.04391981,0.1384972,0.6057723,-4.88358
240.6474,-67.51009,0.04267628,0.1428474,0.6017582,-4.883745
240.6562,-67.62093,0.04162098,0.1471946,0.5977758,-4.883912
240.666,-67.72602,0.04062859,0.1519792,0.5934243,-4.884096
240.6758,-67.81461,0.0398024,0.1567502,0.5891159,-4.884282
240.6857,-67.88803,0.03912284,0.1615031,0.5848527,-4.884468
240.6955,-67.94751,0.03856088,0.1662337,0.5806363,-4.884655
240.7067,-67.99983,0.03803087,0.1716135,0.5758719,-4.88487
240.7179,-68.03679,0.03761664,0.176954,0.5711729,-4.885085
240.7291,-68.05971,0.03730691,0.1822503,0.566541,-4.8853
240.7403,-68.06976,0.03708149,0.1874984,0.5619778,-4.885516
240.7536,-68.06648,0.03690098,0.1936378,0.5566712,-4.88577
240.7668,-68.04823,0.0368136,0.1996989,0.5514642,-4.886025
240.7801,-68.01639,0.03681226,0.2056769,0.5463581,-4.886279
240.7934,-67.9722,0.0368814,0.2115676,0.5413542,-4.886533
240.8096,-67.90296,0.03704335,0.2186452,0.5353767,-4.886842
240.8258,-67.81862,0.03729328,0.2255812,0.5295543,-4.88715
240.842,-67.72072,0.03762652,0.2323707,0.5238879,-4.887457
240.8582,-67.61063,0.03802922,0.2390096,0.5183779,-4.887762
240.8784,-67.45815,0.03860796,0.2470663,0.5117312,-4.888138
240.8986,-67.29058,0.0392852,0.2548794,0.505327,-4.888512
240.9189,-67.10968,0.04006311,0.2624452,0.4991644,-4.888882
240.9391,-66.91697,0.04091899,0.2697608,0.4932419,-4.889248
240.9609,-66.69652,0.04189971,0.2773974,0.4870986,-4.88964
240.9828,-66.4653,0.04298208,0.2847375,0.4812321,-4.890027
241.0047,-66.22464,0.04418592,0.2917807,0.4756393,-4.890409
241.0266,-65.97567,0.04546146,0.2985272,0.4703171,-4.890785
241.0465,-65.7422,0.0466464,0.304422,0.4656959,-4.891123
241.0665,-65.50341,0.04791184,0.3100718,0.4612938,-4.891456
241.0864,-65.25995,0.0492751,0.3154776,0.4571077,-4.891785
241.1064,-65.01237,0.05069549,0.320641,0.4531346,-4.892108
241.1253,-64.77363,0.0520651,0.3253261,0.4495522,-4.892411
241.1443,-64.53208,0.05350158,0.3297952,0.4461565,-4.89271
241.1633,-64.28812,0.0550177,0.33405,0.4429444,-4.893003
241.1822,-64.04205,0.05658542,0.3380922,0.439913,-4.893292
241.2018,-63.78587,0.05822931,0.3420473,0.4369677,-4.893586
241.2214,-63.52814,0.05994159,0.3457795,0.4342087,-4.893874
241.241,-63.26916,0.06173753,0.349291,0.4316326,-4.894157
241.2606,-63.00913,0.06358682,0.3525841,0.4292361,-4.894436
241.2809,-62.73895,0.06552423,0.3557661,0.4269399,-4.894718
241.3012,-62.46818,0.06753441,0.3587189,0.4248286,-4.894995
241.3215,-62.19709,0.06963541,0.3614447,0.4228985,-4.895267
241.3418,-61.92574,0.07179248,0.3639464,0.4211455,-4.895533
241.3627,-61.64606,0.07403484,0.3662913,0.4195212,-4.895801
241.3835,-61.36649,0.0763544,0.368404,0.4180765,-4.896063
241.4044,-61.08723,0.07877116,0.3702871,0.4168074,-4.896319
241.4253,-60.80822,0.08124735,0.3719436,0.4157096,-4.89657
241.447,-60.5194,0.083833,0.3734237,0.4147488,-4.896823
241.4686,-60.23106,0.08650266,0.3746668,0.4139628,-4.897069
241.4903,-59.94333,0.08927909,0.375676,0.4133476,-4.89731
241.5119,-59.65599,0.09212093,0.3764545,0.4128984,-4.897544
241.5344,-59.35719,0.09510024,0.3770232,0.4126025,-4.897781
241.5569,-59.05883,0.09817492,0.3773489,0.4124772,-4.898012
241.5794,-58.76099,0.1013718,0.3774346,0.412518,-4.898235
241.6019,-58.46319,0.104645,0.3772841,0.4127203,-4.898452
241.6254,-58.15258,0.1080825,0.3768803,0.4130975,-4.89867
241.6488,-57.8418,0.1116345,0.376227,0.4136408,-4.898881
241.6722,-57.53086,0.1153337,0.3753269,0.4143461,-4.899085
241.6957,-57.21894,0.1191289,0.3741839,0.4152088,-4.899282
241.72,-56.89258,0.123119,0.3727422,0.4162677,-4.899478
241.7444,-56.56462,0.1272564,0.3710436,0.4174891,-4.899666
241.7688,-56.23493,0.1315833,0.36909,0.4188698,-4.899847
241.7931,-55.90213,0.1360423,0.3668849,0.4204059,-4.900019
241.8183,-55.55272,0.1407336,0.3643415,0.4221552,-4.900188
241.8435,-55.19889,0.1456306,0.3615313,0.4240662,-4.900349
241.8687,-54.84026,0.1507908,0.3584541,0.4261379,-4.900501
241.894,-54.47448,0.1561515,0.3551119,0.4283678,-4.900643
241.9198,-54.08881,0.1617945,0.3514081,0.4308189,-4.90078
241.9457,-53.69339,0.1677502,0.3474207,0.4334381,-4.900906
241.9716,-53.28721,0.174104,0.3431447,0.4362285,-4.901022
241.9974,-52.8661,0.1807928,0.3385781,0.4391913,-4.901127
242.0236,-52.41921,0.1878441,0.3336535,0.4423701,-4.901223
242.0498,-51.95209,0.1954155,0.3284111,0.4457395,-4.901306
242.076,-51.46205,0.203649,0.3228351,0.4493108,-4.901376
242.1023,-50.94083,0.2125003,0.3169135,0.4530934,-4.901434
242.1283,-50.38116,0.2218803,0.3106651,0.4570776,-4.901477
242.1544,-49.7787,0.2322161,0.3040219,0.4613101,-4.901505
242.1804,-49.12582,0.2437803,0.2969435,0.465821,-4.901516
242.2065,-48.40397,0.2566147,0.2893936,0.4706389,-4.90151
242.2319,-47.61141,0.2704093,0.2815434,0.4756616,-4.901485
242.2573,-46.72104,0.2861769,0.273116,0.4810747,-4.901438
242.2827,-45.70967,0.3045249,0.2640144,0.4869541,-4.901367
242.3081,-44.52964,0.3257998,0.2541407,0.4933816,-4.901268
242.3324,-43.18365,0.3493533,0.2438539,0.5001461,-4.901144
242.3567,-41.58631,0.3774814,0.2325522,0.5076724,-4.900984
242.381,-39.6698,0.4115365,0.2200364,0.5161593,-4.900781
242.4053,-37.32015,0.4524796,0.2061348,0.5258325,-4.900526
242.4291,-34.49712,0.5003745,0.1910304,0.5367173,-4.900216
242.4529,-31.0589,0.5575375,0.1743585,0.5494138,-4.899831
242.4767,-27.02452,0.6231711,0.1563846,0.5642522,-4.899356
242.5005,-22.62596,0.6936643,0.1378279,0.5813691,-4.898781
242.5164,-19.7003,0.7405586,0.1255875,0.5940582,-4.898338
242.5324,-17.038,0.784258,0.1138258,0.6075237,-4.897849
242.5483,-14.85643,0.8225438,0.1027766,0.6214709,-4.897322
242.5642,-13.34902,0.8540538,0.09258827,0.6355391,-4.896766
242.5802,-12.66068,0.8782534,0.0833334,0.6493229,-4.896191
242.5961,-12.80386,0.895238,0.07503256,0.6624078,-4.895613
242.612,-13.72952,0.9054623,0.06767729,0.674453,-4.895043
242.628,-15.35427,0.9096882,0.06123878,0.6852278,-4.894495
242.6414,-17.17529,0.9089667,0.05649011,0.6932222,-4.894055
242.6549,-19.31325,0.9044996,0.05235098,0.7001391,-4.893641
242.6683,-21.68952,0.8964005,0.04880063,0.705963,-4.893258
242.6818,-24.22331,0.8842772,0.04583151,0.7106985,-4.892908
242.6972,-27.22737,0.8648873,0.04313557,0.71482,-4.892551
242.7126,-30.27723,0.8395081,0.04115839,0.7176282,-4.89224
242.728,-33.31639,0.807823,0.03987483,0.7192066,-4.891976
242.7434,-36.30301,0.7694034,0.03926366,0.719643,-4.891759
242.7566,-38.80765,0.7310391,0.03925666,0.7191783,-4.891609
242.7699,-41.24937,0.6878209,0.03971361,0.717995,-4.891491
242.7831,-43.61977,0.6399985,0.04062609,0.7161434,-4.891406
242.7963,-45.91627,0.5884432,0.04198349,0.7136776,-4.891351
242.8095,-48.13547,0.5343354,0.04377758,0.7106496,-4.891326
242.8228,-50.26273,0.478565,0.04600914,0.7071031,-4.89133
242.836,-52.28325,0.4223782,0.04867554,0.7030853,-4.891361
242.8492,-54.18249,0.3674808,0.05176882,0.6986464,-4.891419
242.8627,-55.97838,0.3145908,0.05535031,0.6937403,-4.891502
242.8762,-57.61944,0.2660126,0.05934813,0.6885017,-4.891608
242.8896,-59.09901,0.2227404,0.06373915,0.6829828,-4.891736
242.9031,-60.41693,0.1853555,0.06849478,0.6772331,-4.891882
242.9117,-61.17679,0.1646115,0.07170879,0.6734605,-4.891984
242.9203,-61.87557,0.1462538,0.07504872,0.6696239,-4.892093
242.9289,-62.51638,0.1301863,0.07850504,0.6657338,-4.892207
242.9376,-63.10251,0.1162225,0.08206817,0.6617997,-4.892327
242.9462,-63.63748,0.1041311,0.08572855,0.6578304,-4.892451
242.9548,-64.12503,0.0937668,0.0894768,0.6538339,-4.89258
242.9634,-64.56871,0.08495979,0.09330388,0.6498175,-4.892713
242.972,-64.97184,0.07748064,0.09720107,0.6457878,-4.89285
242.9807,-65.34129,0.07103877,0.1012025,0.6417076,-4.892991
242.9894,-65.67572,0.06560686,0.1052589,0.6376254,-4.893135
242.9981,-65.978,0.06105711,0.1093625,0.6335463,-4.893282
243.0068,-66.25074,0.05722461,0.1135061,0.6294746,-4.893432
243.0152,-66.48891,0.05405733,0.1175498,0.6255433,-4.893579
243.0237,-66.70367,0.05137169,0.1216187,0.6216261,-4.893727
243.0321,-66.89683,0.04910338,0.1257076,0.617726,-4.893878
243.0405,-67.07008,0.04717311,0.1298114,0.6138459,-4.89403
243.0494,-67.23302,0.04542584,0.1341542,0.6097741,-4.894192
243.0583,-67.37711,0.04394816,0.1385033,0.6057298,-4.894355
243.0672,-67.50382,0.04270484,0.1428537,0.6017153,-4.89452
243.0761,-67.6145,0.04164982,0.1472011,0.5977326,-4.894686
243.0859,-67.71942,0.04065776,0.1519862,0.5933805,-4.894869
243.0957,-67.80783,0.03983197,0.1567576,0.5890716,-4.895054
243.1055,-67.88107,0.03915289,0.1615108,0.5848079,-4.895239
243.1153,-67.94036,0.03859146,0.1662416,0.5805912,-4.895425
243.1266,-67.99247,0.0380621,0.1716221,0.575826,-4.895638
243.1378,-68.02921,0.03764861,0.176963,0.5711263,-4.895852
243.149,-68.0519,0.0373397,0.1822598,0.5664939,-4.896066
243.1602,-68.06171,0.03711517,0.1875082,0.5619302,-4.896281
243.1735,-68.05814,0.03693578,0.1936485,0.5566226,-4.896534
243.1868,-68.0396,0.03684965,0.1997103,0.5514147,-4.896787
243.2,-68.00746,0.03684965,0.2056889,0.5463079,-4.89704
243.2133,-67.96296,0.03692023,0.21158,0.5413034,-4.897293
243.2295,-67.89332,0.03708408,0.218659,0.5353244,-4.8976
243.2458,-67.80857,0.03733609,0.225596,0.5295009,-4.897907
243.262,-67.71025,0.03767157,0.2323862,0.5238337,-4.898211
243.2782,-67.59973,0.03807664,0.2390255,0.518323,-4.898515
243.2985,-67.44671,0.03865851,0.2470826,0.5116758,-4.898889
243.3187,-67.27859,0.03933914,0.2548955,0.5052715,-4.899261
243.3389,-67.09713,0.04012074,0.2624605,0.4991092,-4.899629
243.3591,-66.90386,0.0409805,0.269775,0.4931876,-4.899993
243.381,-66.683,0.04196465,0.2774031,0.4870508,-4.900382
243.4029,-66.45139,0.04305058,0.2847347,0.4811909,-4.900767
243.4248,-66.21036,0.04425819,0.2917693,0.4756048,-4.901145
243.4466,-65.96103,0.0455376,0.2985071,0.4702892,-4.901519
243.4666,-65.72729,0.04672591,0.304393,0.4656749,-4.901855
243.4865,-65.48824,0.04799478,0.3100337,0.4612797,-4.902186
243.5065,-65.24454,0.04936154,0.3154306,0.4571005,-4.902512
243.5264,-64.99673,0.05078553,0.3205851,0.4531341,-4.902833
243.5454,-64.75768,0.05215931,0.3252639,0.4495564,-4.903133
243.5644,-64.51582,0.05360008,0.3297265,0.4461655,-4.903429
243.5833,-64.27155,0.05512063,0.3339746,0.4429584,-4.903721
243.6023,-64.02519,0.05669292,0.33801,0.4399321,-4.904007
243.6219,-63.76868,0.05834185,0.3419584,0.4369917,-4.904299
243.6415,-63.51062,0.06005935,0.3456838,0.4342378,-4.904585
243.6611,-63.25132,0.06186071,0.3491883,0.4316669,-4.904866
243.6807,-62.99098,0.06371557,0.352474,0.4292757,-4.905142
243.701,-62.7205,0.06565873,0.3556482,0.4269853,-4.905422
243.7213,-62.44943,0.06767485,0.3585928,0.4248799,-4.905696
243.7416,-62.17804,0.06978199,0.3613104,0.4229557,-4.905965
243.7619,-61.90641,0.07194535,0.3638035,0.4212088,-4.906229
243.7828,-61.62643,0.07419442,0.3661397,0.4195908,-4.906495
243.8037,-61.34656,0.07652088,0.3682433,0.4181525,-4.906754
243.8246,-61.067,0.07894479,0.3701171,0.4168899,-4.907008
243.8456,-60.7877,0.0814283,0.3717641,0.4157988,-4.907256
243.8672,-60.49856,0.08402183,0.3732342,0.4148448,-4.907506
243.8889,-60.20989,0.08669962,0.3744671,0.4140659,-4.907751
243.9105,-59.92185,0.08948449,0.3754657,0.4134577,-4.907988
243.9322,-59.63418,0.09233502,0.3762335,0.4130158,-4.90822
243.9547,-59.33503,0.09532364,0.3767908,0.4127276,-4.908454
243.9772,-59.03632,0.09840798,0.3771048,0.41261,-4.908682
243.9997,-58.73812,0.101615,0.3771786,0.4126587,-4.908902
244.0223,-58.43994,0.1048986,0.3770158,0.412869,-4.909116
244.0457,-58.12891,0.1083473,0.376599,0.4132546,-4.909332
244.0692,-57.81771,0.1119111,0.3759323,0.4138064,-4.90954
244.0926,-57.50632,0.1156228,0.3750185,0.4145204,-4.909741
244.116,-57.19392,0.119431,0.3738615,0.4153919,-4.909934
244.1404,-56.86704,0.123435,0.3724051,0.4164601,-4.910128
244.1648,-56.53852,0.1275873,0.3706913,0.4176909,-4.910313
244.1892,-56.20823,0.1319301,0.3687222,0.4190813,-4.91049
244.2135,-55.87478,0.1364061,0.3665012,0.4206271,-4.910659
244.2388,-55.52465,0.1411157,0.3639411,0.4223867,-4.910826
244.264,-55.17003,0.1460324,0.3611137,0.4243082,-4.910983
244.2892,-54.81052,0.1512144,0.3580189,0.4263907,-4.911131
244.3144,-54.44377,0.1565988,0.3546585,0.4286317,-4.91127
244.3403,-54.05702,0.1622671,0.350936,0.4310942,-4.911403
244.3662,-53.66037,0.1682511,0.3469293,0.4337253,-4.911526
244.3921,-53.25281,0.1746369,0.3426332,0.436528,-4.911639
244.418,-52.8301,0.1813616,0.3380456,0.4395039,-4.91174
244.4442,-52.38143,0.1884515,0.3330999,0.4426958,-4.911832
244.4704,-51.91223,0.1960675,0.3278352,0.4460792,-4.911911
244.4966,-51.41975,0.2043532,0.3222354,0.4496657,-4.911978
244.5228,-50.89563,0.213265,0.3162883,0.4534649,-4.912031
244.5488,-50.33265,0.2227113,0.3100147,0.4574656,-4.91207
244.5749,-49.7262,0.2331263,0.3033438,0.4617167,-4.912094
244.601,-49.06849,0.2447869,0.2962345,0.4662486,-4.912102
244.627,-48.34065,0.2577379,0.2886498,0.4710908,-4.912091
244.6524,-47.54102,0.2716637,0.2807643,0.4761385,-4.912061
244.6778,-46.64184,0.2875944,0.272296,0.4815813,-4.91201
244.7031,-45.61939,0.3061479,0.2631461,0.4874964,-4.911934
244.7285,-44.42505,0.3276807,0.2532152,0.4939674,-4.911831
244.7528,-43.06152,0.3515378,0.2428652,0.5007816,-4.911701
244.7771,-41.44162,0.3800502,0.2314877,0.5083697,-4.911535
244.8013,-39.4964,0.4145852,0.2188822,0.5169342,-4.911326
244.8256,-37.11087,0.4561064,0.204879,0.5267049,-4.911064
244.8494,-34.24157,0.5047519,0.1896415,0.5377276,-4.910746
244.8733,-30.75196,0.5626863,0.1728462,0.5505935,-4.910351
244.8971,-26.67194,0.6289202,0.1547877,0.5656268,-4.909866
244.9209,-22.25768,0.6996018,0.1362173,0.582943,-4.909279
244.9365,-19.41491,0.7452543,0.1242837,0.5954569,-4.908838
244.9521,-16.84652,0.7876093,0.112835,0.6086894,-4.908355
244.9677,-14.75547,0.8246274,0.1020834,0.6223553,-4.907835
244.9833,-13.31992,0.8550895,0.09216284,0.6361127,-4.907288
244.9989,-12.67065,0.8785401,0.08313772,0.6495808,-4.906724
245.0145,-12.8179,0.8950926,0.07502601,0.6623733,-4.906156
245.0301,-13.7157,0.9051883,0.06781922,0.6741723,-4.905597
245.0457,-15.28508,0.9095254,0.06149086,0.6847591,-4.905058
245.0592,-17.09667,0.9089829,0.05668762,0.6928461,-4.904613
245.0728,-19.23271,0.9046536,0.05250117,0.6998461,-4.904195
245.0863,-21.61316,0.8966612,0.04891027,0.7057419,-4.903807
245.0998,-24.15545,0.8846069,0.04590738,0.7105371,-4.903453
245.1152,-27.15448,0.8653703,0.04319495,0.714691,-4.903093
245.1306,-30.20126,0.8401642,0.04120102,0.7175312,-4.902779
245.146,-33.23888,0.808674,0.03990044,0.7191407,-4.902513
245.1614,-36.22496,0.7704612,0.03927216,0.7196071,-4.902293
245.1747,-38.73894,0.7321233,0.03925127,0.7191639,-4.90214
245.188,-41.18984,0.6888926,0.03969766,0.717996,-4.902019
245.2012,-43.5691,0.6410143,0.04060279,0.716154,-4.901932
245.2145,-45.87415,0.5893633,0.04195585,0.7136927,-4.901875
245.2278,-48.10162,0.5351282,0.04374843,0.7106646,-4.901848
245.241,-50.23675,0.4792001,0.04598138,0.707114,-4.90185
245.2543,-52.26462,0.4228328,0.04865205,0.7030883,-4.90188
245.2676,-54.17056,0.3677502,0.05175239,0.6986383,-4.901936
245.281,-55.96576,0.314885,0.05532904,0.693738,-4.902017
245.2945,-57.6064,0.2663179,0.05932152,0.6885054,-4.902122
245.308,-59.08581,0.2230429,0.06370679,0.6829924,-4.902248
245.3214,-60.40378,0.1856436,0.06845634,0.6772487,-4.902392
245.3301,-61.16539,0.1648422,0.07167368,0.6734712,-4.902494
245.3387,-61.8657,0.146435,0.07501739,0.6696296,-4.902602
245.3473,-62.50785,0.130326,0.07847792,0.6657341,-4.902715
245.3559,-63.09511,0.1163281,0.08204564,0.6617945,-4.902834
245.3646,-63.63104,0.104209,0.08571094,0.6578195,-4.902958
245.3732,-64.11938,0.09382315,0.08946439,0.6538171,-4.903086
245.3818,-64.56371,0.08499994,0.09329691,0.6497948,-4.903218
245.3905,-64.96736,0.07750878,0.09719974,0.6457591,-4.903354
245.3992,-65.3367,0.07106671,0.1012011,0.641679,-4.903494
245.4079,-65.671,0.0656346,0.1052573,0.6375968,-4.903637
245.4166,-65.97316,0.06108469,0.1093608,0.6335177,-4.903784
245.4253,-66.24577,0.05725205,0.1135041,0.6294461,-4.903932
245.4337,-66.48385,0.05408436,0.117548,0.6255145,-4.904078
245.4421,-66.6985,0.05139844,0.1216172,0.6215969,-4.904226
245.4506,-66.89155,0.04912998,0.1257062,0.6176966,-4.904376
245.459,-67.06468,0.04719964,0.1298101,0.6138161,-4.904527
245.4679,-67.2275,0.04545233,0.1341532,0.609744,-4.904688
245.4768,-67.37145,0.04397471,0.1385024,0.6056994,-4.904851
245.4857,-67.49802,0.04273153,0.142853,0.6016846,-4.905014
245.4946,-67.60856,0.04167672,0.1472005,0.5977016,-4.905179
245.5044,-67.71333,0.04068491,0.1519858,0.593349,-4.905361
245.5142,-67.80157,0.03985946,0.1567575,0.5890396,-4.905545
245.524,-67.87465,0.03918079,0.1615109,0.5847755,-4.905729
245.5338,-67.93376,0.03861984,0.1662419,0.5805584,-4.905914
245.5451,-67.98567,0.03809106,0.1716228,0.5757926,-4.906126
245.5563,-68.0222,0.03767825,0.1769641,0.5710924,-4.906339
245.5675,-68.04467,0.03737009,0.1822612,0.5664594,-4.906552
245.5787,-68.05427,0.03714638,0.1875097,0.5618953,-4.906765
245.592,-68.05043,0.03696803,0.1936507,0.5565867,-4.907017
245.6053,-68.03161,0.03688304,0.1997132,0.551378,-4.907269
245.6186,-67.99919,0.03688429,0.2056921,0.5462706,-4.907521
245.6319,-67.9544,0.0369562,0.2115834,0.5412656,-4.907772
245.6481,-67.88439,0.03712183,0.2186637,0.5352852,-4.908078
245.6644,-67.79925,0.03737577,0.2256015,0.5294607,-4.908383
245.6806,-67.70055,0.03771333,0.2323923,0.5237926,-4.908686
245.6968,-67.58963,0.03812062,0.2390319,0.5182814,-4.908987
245.7171,-67.4361,0.03870542,0.2470893,0.5116335,-4.90936
245.7373,-67.26746,0.03938921,0.254902,0.505229,-4.90973
245.7576,-67.08548,0.04017426,0.2624663,0.499067,-4.910096
245.7778,-66.89168,0.04103766,0.2697796,0.493146,-4.910458
245.7997,-66.67044,0.04202502,0.2774,0.4870151,-4.910845
245.8216,-66.43845,0.04311431,0.2847238,0.4811611,-4.911226
245.8434,-66.19706,0.04432547,0.2917505,0.475581,-4.911603
245.8653,-65.94739,0.04560855,0.2984804,0.4702714,-4.911974
245.8853,-65.71339,0.04680004,0.3043579,0.4656633,-4.912307
245.9052,-65.47409,0.04807217,0.3099904,0.4612743,-4.912635
245.9252,-65.23016,0.04944225,0.3153791,0.4571012,-4.912959
245.9451,-64.98213,0.05086966,0.3205255,0.4531409,-4.913278
245.9641,-64.74277,0.05224738,0.3251984,0.4495675,-4.913576
245.9831,-64.50061,0.05369222,0.329655,0.446181,-4.91387
246.002,-64.25606,0.05521699,0.333897,0.4429784,-4.914159
246.021,-64.00941,0.0567936,0.3379261,0.4399566,-4.914444
246.0406,-63.75258,0.05844732,0.3418684,0.4370207,-4.914733
246.0602,-63.4942,0.06016976,0.3455875,0.4342713,-4.915017
246.0799,-63.2346,0.06197626,0.3490854,0.4317052,-4.915295
246.0995,-62.97396,0.06383639,0.3523644,0.4293188,-4.915569
246.1198,-62.70318,0.06578502,0.3555312,0.4270337,-4.915847
246.1401,-62.43183,0.06780677,0.3584683,0.4249337,-4.916119
246.1604,-62.16016,0.06991975,0.3611781,0.423015,-4.916386
246.1807,-61.88826,0.07208908,0.3636634,0.4212737,-4.916647
246.2016,-61.60798,0.07434453,0.3659913,0.4196614,-4.91691
246.2225,-61.32781,0.07667755,0.3680864,0.418229,-4.917167
246.2434,-61.04798,0.07910825,0.3699516,0.4169725,-4.917418
246.2644,-60.76839,0.08159873,0.3715898,0.4158874,-4.917664
246.286,-60.47894,0.08419976,0.3730506,0.4149398,-4.917912
246.3077,-60.18996,0.08688529,0.3742739,0.4141674,-4.918153
246.3294,-59.90161,0.0896782,0.3752627,0.4135658,-4.918389
246.351,-59.61363,0.092537,0.3760205,0.4131305,-4.918618
246.3736,-59.31414,0.0955345,0.3765671,0.4128494,-4.918849
246.3961,-59.01508,0.09862805,0.3768702,0.412739,-4.919074
246.4186,-58.71652,0.1018447,0.3769327,0.412795,-4.919292
246.4412,-58.41799,0.1051383,0.3767585,0.4130127,-4.919503
246.4646,-58.10656,0.1085977,0.3763294,0.4134061,-4.919716
246.4881,-57.79494,0.1121727,0.3756502,0.4139659,-4.919922
246.5115,-57.48312,0.1158963,0.3747236,0.414688,-4.920119
246.535,-57.17026,0.1197169,0.3735535,0.4155678,-4.92031
246.5594,-56.84288,0.1237342,0.3720831,0.4166447,-4.9205
246.5838,-56.51382,0.1279007,0.3703551,0.4178843,-4.920683
246.6082,-56.18295,0.1322588,0.3683713,0.4192837,-4.920857
246.6326,-55.84887,0.1367511,0.3661353,0.4208387,-4.921023
246.6578,-55.49805,0.141478,0.3635595,0.4226079,-4.921186
246.683,-55.14267,0.1464138,0.360716,0.4245393,-4.92134
246.7083,-54.78232,0.1516165,0.3576045,0.4266319,-4.921485
246.7335,-54.41463,0.1570236,0.354227,0.4288834,-4.921621
246.7594,-54.02683,0.1627162,0.3504868,0.4313566,-4.921751
246.7853,-53.62901,0.1687274,0.3464619,0.4339989,-4.92187
246.8112,-53.22012,0.175144,0.3421467,0.4368134,-4.921979
246.8371,-52.79587,0.1819031,0.3375391,0.4398016,-4.922077
246.8633,-52.34547,0.1890301,0.3325734,0.443006,-4.922165
246.8895,-51.87426,0.1966889,0.3272877,0.4464027,-4.922241
246.9157,-51.37944,0.2050247,0.3216653,0.4500037,-4.922304
246.9419,-50.85252,0.2139949,0.3156938,0.4538186,-4.922353
246.9679,-50.28634,0.2235049,0.3093962,0.4578352,-4.922388
246.994,-49.67605,0.2339963,0.3026988,0.462104,-4.922408
247.02,-49.01367,0.2457498,0.29556,0.466656,-4.922412
247.0461,-48.28003,0.2588134,0.2879419,0.4715213,-4.922397
247.0714,-47.47357,0.2728659,0.2800226,0.4765932,-4.922363
247.0968,-46.56586,0.2889542,0.271515,0.4820646,-4.922307
247.1221,-45.53267,0.3077063,0.2623187,0.4880141,-4.922227
247.1475,-44.32447,0.3294887,0.2523328,0.494527,-4.922118
247.1718,-42.94394,0.3536397,0.2419218,0.5013892,-4.921984
247.196,-41.30216,0.3825241,0.230471,0.5090372,-4.921812
247.2203,-39.3291,0.417523,0.2177793,0.5176768,-4.921597
247.2445,-36.90893,0.4596007,0.2036787,0.5275417,-4.921328
247.2684,-33.99483,0.5089722,0.1883127,0.538699,-4.921002
247.2922,-30.45604,0.5676431,0.1714,0.5517297,-4.920598
247.3161,-26.33344,0.634432,0.1532637,0.5669516,-4.920102
247.3399,-21.90704,0.7052561,0.1346848,0.5844586,-4.919505
247.3552,-19.14162,0.7497615,0.1230306,0.596816,-4.919066
247.3705,-16.66068,0.7908781,0.1118662,0.6098398,-4.918587
247.3858,-14.65443,0.826725,0.1013856,0.6232534,-4.918073
247.4011,-13.28758,0.8562087,0.09170975,0.6367309,-4.917534
247.4164,-12.67854,0.8789446,0.08289615,0.6499128,-4.916979
247.4317,-12.83519,0.8950629,0.07496033,0.6624375,-4.916421
247.447,-13.71371,0.9049939,0.06789367,0.674007,-4.915872
247.4623,-15.23876,0.9093815,0.06167156,0.6844137,-4.915341
247.4759,-17.04691,0.9089638,0.05682015,0.6925822,-4.914891
247.4895,-19.18615,0.9047146,0.05259317,0.6996527,-4.914469
247.5031,-21.57499,0.8967665,0.04896888,0.7056065,-4.914077
247.5168,-24.12904,0.884711,0.04593977,0.7104468,-4.913718
247.5321,-27.12364,0.8655516,0.04322167,0.7146131,-4.913357
247.5475,-30.16694,0.840438,0.04122119,0.717467,-4.913041
247.5629,-33.20191,0.8090567,0.03991323,0.7190912,-4.912773
247.5783,-36.18595,0.7709656,0.03927685,0.7195726,-4.912551
247.5916,-38.70428,0.732645,0.03924893,0.7191408,-4.912395
247.6049,-41.1595,0.6894128,0.03968994,0.7179811,-4.912273
247.6182,-43.54295,0.6415119,0.04059125,0.7161446,-4.912183
247.6315,-45.85204,0.5898188,0.04194196,0.7136861,-4.912125
247.6448,-48.08342,0.5355262,0.04373359,0.7106586,-4.912096
247.658,-50.2223,0.4795254,0.04596699,0.7071065,-4.912097
247.6713,-52.25366,0.4230736,0.04863951,0.7030774,-4.912125
247.6846,-54.16279,0.3679034,0.05174307,0.6986225,-4.91218
247.6981,-55.95758,0.3150526,0.05531712,0.6937254,-4.91226
247.7116,-57.59795,0.2664922,0.05930675,0.6884961,-4.912363
247.725,-59.07723,0.2232163,0.06368894,0.6829864,-4.912487
247.7385,-60.39518,0.1858097,0.06843523,0.6772458,-4.91263
247.7471,-61.15773,0.1649764,0.07165454,0.6734656,-4.912731
247.7558,-61.85887,0.146542,0.07500048,0.669621,-4.912838
247.7644,-62.50171,0.1304102,0.07846346,0.6657224,-4.912951
247.773,-63.08957,0.1163937,0.08203384,0.6617796,-4.913069
247.7817,-63.62598,0.1042596,0.08570198,0.6578013,-4.913192
247.7903,-64.11471,0.09386205,0.08945843,0.6537956,-4.913319
247.7989,-64.55935,0.08503014,0.09329406,0.6497699,-4.91345
247.8076,-64.96323,0.07753262,0.0972001,0.6457308,-4.913585
247.8163,-65.33245,0.07109074,0.1012014,0.6416506,-4.913725
247.825,-65.66663,0.06565881,0.1052576,0.6375684,-4.913867
247.8337,-65.96866,0.06110905,0.109361,0.6334893,-4.914012
247.8424,-66.24114,0.05727657,0.1135043,0.6294177,-4.91416
247.8508,-66.47911,0.05410878,0.1175484,0.6254857,-4.914305
247.8593,-66.69364,0.05142284,0.1216177,0.6215678,-4.914453
247.8677,-66.88657,0.04915443,0.1257069,0.6176672,-4.914601
247.8761,-67.05957,0.04722421,0.1298108,0.6137865,-4.914752
247.885,-67.22226,0.045477,0.1341542,0.609714,-4.914912
247.894,-67.36607,0.04399955,0.1385037,0.605669,-4.915073
247.9029,-67.4925,0.04275661,0.1428544,0.6016538,-4.915236
247.9118,-67.60289,0.0417021,0.1472021,0.5976705,-4.9154
247.9216,-67.7075,0.04071062,0.1519878,0.5933174,-4.915581
247.9314,-67.79558,0.03988557,0.1567598,0.5890076,-4.915764
247.9412,-67.86848,0.03920737,0.1615135,0.584743,-4.915947
247.951,-67.92741,0.03864695,0.1662446,0.5805255,-4.916131
247.9623,-67.97912,0.03811879,0.1716261,0.575759,-4.916342
247.9735,-68.01544,0.03770668,0.1769678,0.5710581,-4.916554
247.9847,-68.0377,0.0373993,0.1822652,0.5664246,-4.916766
247.996,-68.04707,0.03717644,0.187514,0.56186,-4.916978
248.0092,-68.04297,0.03699915,0.1936558,0.5565504,-4.917229
248.0225,-68.02387,0.03691532,0.1997189,0.5513408,-4.917479
248.0358,-67.99116,0.03691783,0.2056984,0.5462327,-4.91773
248.0491,-67.94609,0.03699108,0.21159,0.5412271,-4.917979
248.0654,-67.8757,0.03715851,0.2186715,0.5352453,-4.918284
248.0816,-67.79018,0.03741438,0.2256104,0.5294196,-4.918587
248.0979,-67.69109,0.03775402,0.2324018,0.5237506,-4.918889
248.1141,-67.57977,0.03816352,0.2390418,0.5182388,-4.919189
248.1344,-67.42573,0.03875124,0.2470995,0.5115902,-4.91956
248.1547,-67.25657,0.03943818,0.2549121,0.5051855,-4.919927
248.1749,-67.07407,0.04022666,0.2624758,0.4990236,-4.920291
248.1952,-66.87976,0.04109367,0.2697879,0.4931033,-4.920651
248.2171,-66.65813,0.0420842,0.2774006,0.4869783,-4.921035
248.2389,-66.42578,0.0431768,0.2847166,0.4811302,-4.921414
248.2608,-66.18404,0.04439145,0.2917355,0.475556,-4.921788
248.2827,-65.93404,0.04567811,0.2984574,0.4702524,-4.922157
248.3026,-65.69978,0.04687273,0.3043267,0.4656506,-4.922488
248.3226,-65.46024,0.04814805,0.309951,0.4612677,-4.922814
248.3425,-65.21608,0.04952138,0.3153315,0.4571007,-4.923135
248.3625,-64.96783,0.05095213,0.3204697,0.4531464,-4.923452
248.3814,-64.72817,0.05233373,0.3251369,0.4495773,-4.923748
248.4004,-64.48572,0.05378256,0.3295876,0.4461951,-4.92404
248.4194,-64.24088,0.05531146,0.3338235,0.4429969,-4.924327
248.4384,-63.99396,0.05689232,0.3378464,0.4399797,-4.924609
248.458,-63.73682,0.05855074,0.3417827,0.4370481,-4.924896
248.4776,-63.47813,0.06027803,0.3454955,0.4343033,-4.925178
248.4973,-63.21823,0.06208958,0.3489869,0.4317419,-4.925454
248.5169,-62.9573,0.06395489,0.3522592,0.4293603,-4.925726
248.5372,-62.68623,0.06590889,0.3554189,0.4270803,-4.926001
248.5575,-62.41459,0.06793617,0.3583485,0.4249856,-4.926271
248.5778,-62.14265,0.07005487,0.3610508,0.4230724,-4.926535
248.5981,-61.87048,0.07223007,0.3635282,0.4213366,-4.926794
248.6191,-61.58991,0.07449177,0.365848,0.4197299,-4.927055
248.64,-61.30946,0.07683124,0.3679348,0.4183034,-4.92731
248.6609,-61.02934,0.0792686,0.3697915,0.4170527,-4.927559
248.6818,-60.74948,0.08176592,0.3714209,0.4159736,-4.927802
248.7035,-60.45972,0.0843743,0.3728726,0.4150323,-4.928047
248.7252,-60.17044,0.08706742,0.3740865,0.4142662,-4.928286
248.7469,-59.88179,0.08986823,0.3750657,0.4136711,-4.928519
248.7685,-59.5935,0.09273515,0.3758135,0.4132424,-4.928746
248.7911,-59.29368,0.09574136,0.3763496,0.4129682,-4.928975
248.8136,-58.99428,0.09884396,0.3766419,0.4128649,-4.929197
248.8362,-58.69538,0.1020701,0.3766935,0.4129281,-4.929412
248.8587,-58.39649,0.1053734,0.3765079,0.4131531,-4.929621
248.8822,-58.08467,0.1088434,0.3760669,0.4135542,-4.929831
248.9057,-57.77264,0.1124294,0.3753753,0.4141218,-4.930033
248.9292,-57.4604,0.1161646,0.3744361,0.4148519,-4.930229
248.9526,-57.14709,0.1199975,0.3732531,0.4157397,-4.930416
248.977,-56.81921,0.1240279,0.371769,0.4168252,-4.930604
249.0014,-56.48962,0.1282083,0.3700269,0.4180735,-4.930783
249.0258,-56.15819,0.1325815,0.3680288,0.4194817,-4.930954
249.0502,-55.82349,0.1370898,0.365778,0.4210458,-4.931117
249.0755,-55.47198,0.1418338,0.3631868,0.4228245,-4.931277
249.1007,-55.11584,0.1467882,0.3603274,0.4247655,-4.931428
249.126,-54.75467,0.1520114,0.3571996,0.4268681,-4.93157
249.1512,-54.38605,0.1574409,0.3538051,0.4291299,-4.931703
249.1771,-53.99723,0.1631574,0.3500476,0.4316137,-4.931829
249.203,-53.59824,0.1691953,0.3460047,0.4342669,-4.931945
249.2289,-53.18803,0.1756423,0.3416708,0.4370929,-4.932051
249.2548,-52.76226,0.1824355,0.3370436,0.4400933,-4.932145
249.281,-52.31016,0.1895991,0.3320583,0.44331,-4.932229
249.3072,-51.83697,0.1973001,0.3267517,0.4467198,-4.932302
249.3334,-51.33983,0.2056856,0.3211071,0.450335,-4.932361
249.3597,-50.81012,0.2147135,0.3151117,0.4541654,-4.932407
249.3857,-50.24078,0.2242866,0.3087904,0.4581976,-4.932438
249.4117,-49.62667,0.2348536,0.3020669,0.4624839,-4.932455
249.4378,-48.95966,0.2466992,0.294899,0.4670558,-4.932454
249.4638,-48.22025,0.2598745,0.287248,0.471944,-4.932435
249.4892,-47.40701,0.2740529,0.2792953,0.4770397,-4.932397
249.5145,-46.49081,0.2902978,0.2707488,0.4825394,-4.932337
249.5398,-45.44693,0.3092474,0.2615067,0.488523,-4.932252
249.5652,-44.22492,0.3312778,0.2514662,0.4950774,-4.932139
249.5894,-42.82744,0.3557215,0.2409947,0.5019874,-4.931999
249.6137,-41.16384,0.384976,0.2294714,0.5096949,-4.931823
249.6379,-39.16308,0.4204356,0.2166943,0.5184094,-4.931601
249.6621,-36.70852,0.4630642,0.2024978,0.5283681,-4.931326
249.686,-33.74985,0.5131572,0.1870043,0.5396602,-4.930992
249.7099,-30.16272,0.5725501,0.1699769,0.5528557,-4.930578
249.7338,-25.99941,0.6398652,0.1517674,0.568265,-4.930072
249.7576,-21.56399,0.7107916,0.1331848,0.5859597,-4.929463
249.7726,-18.87299,0.7542052,0.1217923,0.5981733,-4.929026
249.7877,-16.47603,0.7941463,0.1108941,0.6110046,-4.928551
249.8027,-14.55165,0.8288783,0.1006675,0.6241848,-4.928044
249.8177,-13.25235,0.857422,0.09122202,0.6374026,-4.927512
249.8327,-12.68534,0.8794578,0.08260883,0.6503174,-4.926965
249.8477,-12.85599,0.8951321,0.07484119,0.6625896,-4.926416
249.8627,-13.722,0.9048656,0.06791026,0.6739393,-4.925876
249.8777,-15.21105,0.9092547,0.06179306,0.6841694,-4.925353
249.8915,-17.02124,0.9089161,0.05689772,0.6924121,-4.924898
249.9052,-19.16856,0.9046969,0.05263509,0.6995438,-4.924471
249.9189,-21.56998,0.8967374,0.04898287,0.705545,-4.924075
249.9326,-24.13924,0.8846163,0.04593361,0.7104183,-4.923713
249.9479,-27.12975,0.8654689,0.04321952,0.7145794,-4.92335
249.9633,-30.16901,0.8403791,0.04122153,0.7174308,-4.923034
249.9787,-33.20015,0.8090343,0.03991466,0.719055,-4.922764
249.9941,-36.18063,0.7709941,0.03927801,0.7195387,-4.92254
250.0074,-38.69908,0.7326814,0.03924906,0.7191094,-4.922384
250.0207,-41.15447,0.6894555,0.03968922,0.7179518,-4.92226
250.034,-43.5381,0.6415589,0.04058986,0.7161169,-4.922169
250.0473,-45.84739,0.5898684,0.04194006,0.7136597,-4.922109
250.0605,-48.07898,0.5355766,0.04373133,0.7106331,-4.922079
250.0738,-50.21806,0.4795747,0.04596451,0.7070817,-4.922078
250.0871,-52.24961,0.4231201,0.04863696,0.7030529,-4.922105
250.1004,-54.15892,0.367946,0.05174057,0.6985981,-4.922158
250.1139,-55.95351,0.3151013,0.05531401,0.6937021,-4.922237
250.1274,-57.59372,0.266545,0.05930298,0.6884737,-4.922339
250.1408,-59.07285,0.2232709,0.06368445,0.6829648,-4.922462
250.1543,-60.39068,0.1858644,0.06842998,0.6772251,-4.922603
250.1629,-61.15344,0.165023,0.07165,0.673444,-4.922703
250.1716,-61.85474,0.1465816,0.07499672,0.6695984,-4.922809
250.1802,-62.49771,0.1304443,0.07846055,0.6656989,-4.922921
250.1889,-63.08565,0.1164233,0.08203182,0.661755,-4.923038
250.1975,-63.62212,0.1042857,0.08570089,0.6577756,-4.92316
250.2061,-64.11087,0.09388555,0.0894583,0.6537689,-4.923287
250.2148,-64.55551,0.08505181,0.09329491,0.6497421,-4.923417
250.2234,-64.95937,0.07755304,0.09720195,0.6457019,-4.923552
250.2321,-65.32846,0.07111168,0.1012034,0.6416216,-4.92369
250.2408,-65.66251,0.06568022,0.1052596,0.6375393,-4.923832
250.2496,-65.96441,0.06113088,0.109363,0.6334601,-4.923976
250.2583,-66.23675,0.05729877,0.1135063,0.6293884,-4.924123
250.2667,-66.4746,0.05413114,0.1175506,0.6254561,-4.924267
250.2751,-66.68901,0.0514454,0.1216201,0.621538,-4.924414
250.2836,-66.88181,0.04917722,0.1257094,0.6176371,-4.924562
250.292,-67.05468,0.04724726,0.1298135,0.6137561,-4.924711
250.3009,-67.21723,0.04550027,0.1341572,0.6096832,-4.92487
250.3098,-67.3609,0.04402309,0.1385069,0.6056378,-4.925031
250.3187,-67.48718,0.04278048,0.1428579,0.6016222,-4.925193
250.3276,-67.59743,0.04172634,0.1472057,0.5976386,-4.925356
250.3375,-67.70187,0.04073524,0.1519919,0.5932849,-4.925537
250.3473,-67.78978,0.03991065,0.1567642,0.5889746,-4.925718
250.3571,-67.86251,0.03923295,0.1615182,0.5847096,-4.9259
250.3669,-67.92126,0.03867309,0.1662495,0.5804917,-4.926083
250.3782,-67.97277,0.0381456,0.1716316,0.5757244,-4.926294
250.3894,-68.00887,0.03773422,0.1769739,0.5710228,-4.926504
250.4006,-68.03091,0.03742764,0.1822716,0.5663887,-4.926715
250.4119,-68.04007,0.03720563,0.1875207,0.5618236,-4.926926
250.4252,-68.03569,0.03702943,0.1936635,0.556513,-4.927175
250.4385,-68.01632,0.03694678,0.1997273,0.5513025,-4.927425
250.4518,-67.98333,0.03695055,0.2057073,0.5461935,-4.927674
250.4651,-67.93796,0.03702515,0.2115993,0.5411873,-4.927922
250.4813,-67.8672,0.03719436,0.2186822,0.5352041,-4.928225
250.4976,-67.7813,0.03745217,0.2256222,0.5293771,-4.928527
250.5139,-67.68182,0.03779389,0.2324143,0.5237071,-4.928827
250.5301,-67.5701,0.0382056,0.2390548,0.5181947,-4.929125
250.5504,-67.41555,0.03879622,0.2471129,0.5115454,-4.929494
250.5707,-67.24588,0.0394863,0.2549254,0.5051404,-4.92986
250.591,-67.06287,0.0402782,0.2624885,0.4989787,-4.930222
250.6112,-66.86803,0.0411488,0.2697996,0.4930589,-4.93058
250.6331,-66.64602,0.04214246,0.2774046,0.4869399,-4.930962
250.655,-66.41331,0.0432383,0.2847128,0.4810978,-4.931339
250.6769,-66.17123,0.04445639,0.2917237,0.4755296,-4.93171
250.6988,-65.9209,0.04574658,0.2984377,0.470232,-4.932076
250.7187,-65.6864,0.04694427,0.3042988,0.4656364,-4.932405
250.7386,-65.44663,0.04822273,0.309915,0.4612596,-4.932729
250.7586,-65.20224,0.04959924,0.3152874,0.4570987,-4.933048
250.7785,-64.95378,0.05103327,0.3204175,0.4531505,-4.933362
250.7975,-64.71383,0.05241868,0.3250789,0.4495855,-4.933656
250.8165,-64.4711,0.05387145,0.3295238,0.4462076,-4.933946
250.8355,-64.22598,0.05540441,0.3337537,0.4430138,-4.934231
250.8545,-63.97878,0.05698946,0.3377705,0.4400011,-4.934511
250.8741,-63.72133,0.0586525,0.3417008,0.4370738,-4.934796
250.8937,-63.46234,0.06038457,0.3454074,0.4343335,-4.935075
250.9134,-63.20214,0.06220108,0.3488924,0.4317767,-4.93535
250.933,-62.94093,0.06407148,0.3521581,0.4293999,-4.935619
250.9533,-62.66958,0.06603076,0.3553106,0.4271251,-4.935892
250.9736,-62.39766,0.06806347,0.3582329,0.4250356,-4.93616
250.994,-62.12545,0.0701878,0.3609276,0.4231277,-4.936422
251.0143,-61.85301,0.07236876,0.3633974,0.4213973,-4.936679
251.0352,-61.57216,0.07463661,0.3657092,0.4197963,-4.936937
251.0562,-61.29144,0.07698241,0.3677878,0.4183754,-4.937189
251.0771,-61.01105,0.07942633,0.369636,0.4171306,-4.937436
251.098,-60.73091,0.08193037,0.3712569,0.4160574,-4.937677
251.1197,-60.44086,0.08454598,0.3726994,0.4151223,-4.93792
251.1414,-60.15128,0.08724657,0.373904,0.4143625,-4.938156
251.1631,-59.86233,0.09005514,0.3748737,0.4137738,-4.938387
251.1848,-59.57375,0.09293003,0.3756118,0.4133516,-4.938611
251.2073,-59.2736,0.09594481,0.3761376,0.4130843,-4.938837
251.2299,-58.97386,0.0990563,0.3764193,0.4129879,-4.939057
251.2525,-58.67462,0.1022917,0.3764599,0.4130582,-4.93927
251.275,-58.37538,0.1056047,0.3762632,0.4132903,-4.939476
251.2985,-58.06318,0.109085,0.3758103,0.4136991,-4.939683
251.322,-57.75075,0.1126818,0.3751066,0.4142744,-4.939883
251.3455,-57.43809,0.1164286,0.374155,0.4150123,-4.940075
251.369,-57.12434,0.1202734,0.3729593,0.4159081,-4.94026
251.3934,-56.79597,0.1243168,0.3714617,0.417002,-4.940445
251.4178,-56.46586,0.1285109,0.3697058,0.4182589,-4.940621
251.4422,-56.13387,0.1328988,0.3676935,0.4196758,-4.94079
251.4666,-55.79856,0.1374229,0.3654282,0.4212488,-4.94095
251.4919,-55.44638,0.1421838,0.3628217,0.4230368,-4.941107
251.5171,-55.0895,0.1471565,0.3599467,0.4249873,-4.941255
251.5424,-54.7275,0.1524001,0.3568028,0.4270997,-4.941393
251.5677,-54.35797,0.1578516,0.3533917,0.4293717,-4.941523
251.5936,-53.96813,0.1635917,0.3496172,0.4318658,-4.941646
251.6195,-53.568,0.1696561,0.3455566,0.4345299,-4.941759
251.6454,-53.15648,0.1761329,0.3412042,0.4373673,-4.941861
251.6713,-52.7292,0.1829598,0.3365577,0.4403796,-4.941952
251.6975,-52.27542,0.1901596,0.3315531,0.4436083,-4.942033
251.7237,-51.80026,0.1979025,0.3262261,0.4470311,-4.942102
251.7499,-51.30082,0.2063371,0.3205595,0.4506603,-4.942158
251.7761,-50.76836,0.2154221,0.3145405,0.454506,-4.9422
251.8022,-50.19588,0.2250577,0.3081959,0.4585536,-4.942228
251.8282,-49.57798,0.2356997,0.3014467,0.4628571,-4.94224
251.8542,-48.90637,0.2476367,0.29425,0.4674487,-4.942235
251.8803,-48.16123,0.260923,0.2865665,0.4723595,-4.942212
251.9056,-47.34123,0.2752265,0.2785807,0.4774789,-4.94217
251.9309,-46.41659,0.2916271,0.2699957,0.4830066,-4.942106
251.9562,-45.36206,0.3107731,0.2607082,0.489024,-4.942017
251.9816,-44.12628,0.3330505,0.2506137,0.4956198,-4.941899
252.0058,-42.71189,0.3577856,0.2400821,0.5025773,-4.941754
252.03,-41.02654,0.3874086,0.2284868,0.5103441,-4.941573
252.0542,-38.99817,0.4233261,0.2156252,0.5191332,-4.941345
252.0784,-36.50948,0.4665001,0.2013342,0.5291851,-4.941064
252.1023,-33.50644,0.5173104,0.1857143,0.5406126,-4.940721
252.1262,-29.87182,0.577411,0.168575,0.553973,-4.940299
252.1501,-25.66968,0.6452239,0.1502964,0.5695686,-4.939782
252.174,-21.22831,0.7162137,0.1317148,0.587448,-4.939163
252.1888,-18.60916,0.7585851,0.1205682,0.5995291,-4.938727
252.2035,-16.29314,0.7974069,0.1099198,0.6121825,-4.938255
252.2183,-14.44803,0.831075,0.09993187,0.6251463,-4.937753
252.2331,-13.21521,0.8587143,0.0907036,0.6381224,-4.937228
252.2478,-12.69168,0.8800647,0.08228055,0.6507872,-4.936689
252.2626,-12.88022,0.8952883,0.07467381,0.6628209,-4.936149
252.2773,-13.73959,0.9047973,0.06787431,0.67396,-4.935616
252.2921,-15.19996,0.9091462,0.06186037,0.6840172,-4.935101
252.3059,-17.01741,0.9088442,0.05692471,0.6923282,-4.934641
252.3197,-19.17755,0.9046078,0.05263069,0.6995131,-4.93421
252.3335,-21.59567,0.8965842,0.04895544,0.7055518,-4.93381
252.3473,-24.18355,0.8843362,0.0458916,0.7104471,-4.933444
252.3627,-27.17017,0.8651405,0.04319057,0.7145864,-4.933081
252.378,-30.2048,0.8400117,0.04120353,0.7174203,-4.932764
252.3934,-33.23092,0.8086375,0.0399056,0.7190311,-4.932494
252.4087,-36.20637,0.7705844,0.0392759,0.7195051,-4.932269
252.422,-38.72101,0.732271,0.03925145,0.7190701,-4.932112
252.4353,-41.17272,0.6890587,0.03969495,0.7179088,-4.931987
252.4486,-43.55285,0.6411916,0.04059781,0.7160721,-4.931895
252.4619,-45.85879,0.5895448,0.04194918,0.7136148,-4.931834
252.4752,-48.08716,0.5353078,0.04374061,0.7105896,-4.931803
252.4884,-50.22317,0.4793712,0.04597295,0.7070407,-4.931801
252.5017,-52.25187,0.4229892,0.04864351,0.7030158,-4.931826
252.515,-54.15857,0.3678883,0.05174424,0.6985659,-4.931878
252.5285,-55.95316,0.3150422,0.0553189,0.6936688,-4.931956
252.5419,-57.59329,0.2664873,0.05930922,0.6884392,-4.932056
252.5554,-59.07229,0.2232176,0.06369215,0.682929,-4.932178
252.5689,-60.38991,0.1858175,0.06843919,0.677188,-4.932318
252.5775,-61.1522,0.1649895,0.07165879,0.6734077,-4.932417
252.5862,-61.85308,0.1465598,0.07500501,0.669563,-4.932523
252.5948,-62.49565,0.1304324,0.07846822,0.6656643,-4.932634
252.6035,-63.08323,0.1164199,0.0820388,0.6617213,-4.93275
252.6121,-63.61936,0.1042893,0.08570708,0.6577429,-4.932871
252.6207,-64.10781,0.09389479,0.08946362,0.6537372,-4.932997
252.6294,-64.55217,0.08506547,0.09329928,0.6497114,-4.933126
252.638,-64.95577,0.07757014,0.0972053,0.6456723,-4.93326
252.6467,-65.32472,0.07112963,0.1012069,0.6415917,-4.933397
252.6554,-65.65864,0.06569892,0.1052633,0.6375093,-4.933538
252.6641,-65.9604,0.06115027,0.1093668,0.6334299,-4.933682
252.6729,-66.2326,0.05731878,0.1135101,0.6293581,-4.933828
252.6813,-66.47032,0.05415155,0.1175546,0.6254254,-4.933971
252.6897,-66.68459,0.05146621,0.1216243,0.6215071,-4.934117
252.6982,-66.87726,0.04919844,0.1257138,0.6176059,-4.934264
252.7066,-67.04998,0.04726888,0.129818,0.6137248,-4.934413
252.7155,-67.2124,0.04552222,0.1341621,0.6096514,-4.934571
252.7244,-67.35592,0.04404541,0.1385121,0.6056056,-4.934731
252.7333,-67.48206,0.0428032,0.1428633,0.6015896,-4.934892
252.7422,-67.59215,0.04174949,0.1472114,0.5976057,-4.935054
252.7521,-67.69642,0.04075885,0.151998,0.5932514,-4.935234
252.7619,-67.78416,0.03993475,0.1567708,0.5889405,-4.935414
252.7717,-67.85671,0.03925761,0.1615251,0.584675,-4.935596
252.7816,-67.91529,0.03869834,0.1662567,0.5804567,-4.935778
252.7928,-67.96659,0.03817154,0.1716394,0.5756886,-4.935987
252.804,-68.00248,0.03776092,0.1769822,0.5709863,-4.936196
252.8153,-68.0243,0.03745516,0.1822805,0.5663516,-4.936406
252.8265,-68.03323,0.03723404,0.1875299,0.561786,-4.936616
252.8398,-68.02859,0.03705892,0.1936737,0.5564742,-4.936864
252.8531,-68.00894,0.03697746,0.1997383,0.5512627,-4.937113
252.8665,-67.97566,0.0369825,0.205719,0.5461529,-4.93736
252.8798,-67.93001,0.03705846,0.2116115,0.5411461,-4.937608
252.896,-67.85887,0.03722948,0.2186958,0.5351613,-4.937909
252.9123,-67.77259,0.03748923,0.2256369,0.529333,-4.938209
252.9286,-67.67272,0.03783302,0.2324299,0.5236621,-4.938508
252.9449,-67.5606,0.03824694,0.2390709,0.5181489,-4.938805
252.9652,-67.40555,0.03884046,0.2471295,0.5114989,-4.939172
252.9855,-67.23537,0.03953366,0.2549419,0.5050936,-4.939536
253.0058,-67.05184,0.04032896,0.2625045,0.4989321,-4.939896
253.0261,-66.85648,0.04120312,0.2698145,0.4930129,-4.940252
253.0479,-66.63411,0.04219987,0.2774118,0.4868998,-4.940631
253.0698,-66.40104,0.04329893,0.2847122,0.4810637,-4.941006
253.0917,-66.15863,0.0445204,0.2917153,0.4755015,-4.941375
253.1136,-65.90798,0.04581407,0.2984213,0.4702099,-4.941739
253.1335,-65.67323,0.04701477,0.3042743,0.4656205,-4.942065
253.1535,-65.43323,0.0482963,0.3098823,0.4612499,-4.942387
253.1734,-65.18863,0.04967594,0.3152466,0.457095,-4.942703
253.1933,-64.93997,0.05111318,0.3203687,0.4531528,-4.943015
253.2123,-64.69973,0.05250236,0.3250244,0.449592,-4.943307
253.2313,-64.45671,0.053959,0.3294635,0.4462184,-4.943595
253.2503,-64.21132,0.05549596,0.3336875,0.4430289,-4.943878
253.2693,-63.96385,0.05708512,0.3376982,0.4400207,-4.944156
253.2889,-63.7061,0.05875272,0.3416225,0.4370978,-4.944439
253.3086,-63.44682,0.06048949,0.3453229,0.4343619,-4.944716
253.3282,-63.18633,0.06231089,0.3488016,0.4318097,-4.944989
253.3479,-62.92483,0.0641863,0.3520608,0.4294376,-4.945256
253.3682,-62.6532,0.06615077,0.3552062,0.4271678,-4.945527
253.3885,-62.38102,0.06818884,0.3581213,0.4250836,-4.945793
253.4089,-62.10854,0.07031869,0.3608085,0.4231809,-4.946052
253.4292,-61.83585,0.07250533,0.3632707,0.421456,-4.946307
253.4501,-61.55472,0.07477923,0.3655746,0.4198605,-4.946563
253.4711,-61.27373,0.07713126,0.3676451,0.4184453,-4.946813
253.492,-60.99307,0.07958162,0.369485,0.4172062,-4.947057
253.513,-60.71267,0.08209227,0.3710973,0.416139,-4.947296
253.5347,-60.42232,0.084715,0.3725309,0.4152099,-4.947537
253.5564,-60.13245,0.08742294,0.3737264,0.4144563,-4.947771
253.5781,-59.84321,0.09023913,0.3746867,0.413874,-4.947999
253.5998,-59.55433,0.09312188,0.3754152,0.4134582,-4.948221
253.6223,-59.25386,0.09614508,0.3759307,0.4131976,-4.948445
253.6449,-58.9538,0.09926532,0.3762019,0.4131081,-4.948662
253.6675,-58.65423,0.1025099,0.3762318,0.4131854,-4.948872
253.69,-58.35464,0.1058324,0.3760241,0.4134246,-4.949075
253.7135,-58.04207,0.1093229,0.3755595,0.4138409,-4.94928
253.737,-57.72925,0.1129304,0.3748438,0.4144238,-4.949477
253.7605,-57.41617,0.1166884,0.37388,0.4151695,-4.949667
253.784,-57.10199,0.1205451,0.3726717,0.4160732,-4.949849
253.8085,-56.77314,0.1246011,0.3711608,0.4171753,-4.950031
253.8329,-56.44251,0.1288088,0.3693913,0.4184406,-4.950205
253.8573,-56.10997,0.1332113,0.367365,0.4198661,-4.95037
253.8817,-55.77406,0.1377509,0.3650854,0.4214479,-4.950527
253.907,-55.42121,0.1425284,0.3624639,0.423245,-4.950681
253.9323,-55.0636,0.1475193,0.3595735,0.425205,-4.950826
253.9576,-54.7008,0.1527828,0.3564137,0.427327,-4.950962
253.9828,-54.33036,0.1582561,0.3529863,0.429609,-4.951089
254.0087,-53.93952,0.1640195,0.3491949,0.4321134,-4.951208
254.0346,-53.53825,0.1701099,0.3451169,0.4347881,-4.951318
254.0606,-53.12545,0.1766164,0.3407464,0.4376367,-4.951417
254.0865,-52.69668,0.1834765,0.3360808,0.4406608,-4.951505
254.1127,-52.24123,0.1907121,0.3310572,0.4439014,-4.951583
254.1389,-51.76412,0.1984964,0.32571,0.4473369,-4.951648
254.1651,-51.2624,0.2069796,0.3200219,0.4509799,-4.9517
254.1913,-50.72721,0.2161213,0.3139796,0.4548407,-4.951739
254.2174,-50.15161,0.2258188,0.3076119,0.4589036,-4.951763
254.2434,-49.52994,0.2365353,0.3008374,0.4632242,-4.951772
254.2694,-48.85376,0.2485631,0.2936123,0.4678352,-4.951763
254.2954,-48.10293,0.2619595,0.2858967,0.4727684,-4.951736
254.3208,-47.2762,0.2763874,0.2778782,0.4779112,-4.95169
254.3461,-46.34314,0.2929429,0.2692551,0.4834667,-4.951622
254.3714,-45.278,0.3122844,0.2599226,0.4895177,-4.951529
254.3967,-44.02849,0.3348076,0.2497745,0.4961544,-4.951406
254.4209,-42.59725,0.3598331,0.2391833,0.5031593,-4.951257
254.4451,-40.89019,0.3898231,0.2275165,0.5109852,-4.95107
254.4693,-38.83431,0.4261957,0.2145712,0.5198485,-4.950837
254.4935,-36.31172,0.4699096,0.200187,0.5299934,-4.950549
254.5174,-33.26452,0.5214331,0.1844419,0.5415567,-4.950198
254.5413,-29.58326,0.5822274,0.1671932,0.555082,-4.949767
254.5653,-25.34419,0.6505098,0.1488498,0.570863,-4.94924
254.5892,-20.89993,0.721525,0.1302734,0.5889241,-4.948609
254.6037,-18.35036,0.762899,0.1193584,0.600883,-4.948175
254.6182,-16.11255,0.8006526,0.1089449,0.6133715,-4.947707
254.6327,-14.34439,0.8333033,0.09918161,0.6261342,-4.947209
254.6473,-13.17701,0.8600714,0.09015856,0.6388847,-4.94669
254.6618,-12.69809,0.8807515,0.08191613,0.651315,-4.946158
254.6763,-12.90781,0.8955204,0.07446342,0.663123,-4.945625
254.6908,-13.7656,0.9047829,0.06779105,0.6740603,-4.9451
254.7053,-15.20371,0.909056,0.06187853,0.6839488,-4.944592
254.7193,-17.03339,0.9087511,0.05690549,0.6923229,-4.944128
254.7332,-19.21089,0.9044529,0.05258378,0.6995539,-4.943692
254.7471,-21.64974,0.8963154,0.04888989,0.7056215,-4.943288
254.761,-24.25961,0.8838813,0.04581656,0.7105287,-4.94292
254.7763,-27.24244,0.8645817,0.04313702,0.7146307,-4.942556
254.7917,-30.27181,0.8393563,0.04116874,0.7174333,-4.942239
254.807,-33.29176,0.8078927,0.03988701,0.7190182,-4.941969
254.8223,-36.26075,0.7697685,0.03927093,0.7194717,-4.941744
254.8356,-38.76789,0.7314482,0.03925605,0.7190235,-4.941586
254.8488,-41.21231,0.688258,0.03970668,0.7178533,-4.941462
254.8621,-43.58547,0.6404454,0.04061434,0.7160118,-4.941369
254.8753,-45.88473,0.5888825,0.04196832,0.7135531,-4.941307
254.8886,-48.10666,0.5347523,0.04376029,0.7105297,-4.941275
254.9019,-50.23656,0.4789441,0.04599105,0.7069856,-4.941272
254.9151,-52.25955,0.4227059,0.0486579,0.702968,-4.941296
254.9284,-54.16105,0.3677506,0.05175285,0.6985275,-4.941347
254.9418,-55.95587,0.3148949,0.05533034,0.6936274,-4.941423
254.9553,-57.59606,0.2663377,0.05932381,0.6883946,-4.941523
254.9688,-59.07495,0.223073,0.06371013,0.6828813,-4.941643
254.9823,-60.39234,0.185684,0.06846075,0.6771369,-4.941782
254.9909,-61.1536,0.1648874,0.07167902,0.6733588,-4.94188
254.9996,-61.85354,0.1464851,0.07502366,0.6695164,-4.941985
255.0082,-62.49528,0.1303809,0.07848507,0.6656202,-4.942095
255.0168,-63.08212,0.1163876,0.08205363,0.6616797,-4.94221
255.0255,-63.61759,0.1042729,0.0857197,0.657704,-4.942331
255.0341,-64.10545,0.09389109,0.08947386,0.6537009,-4.942455
255.0427,-64.54928,0.08507152,0.09330699,0.6496779,-4.942584
255.0514,-64.95242,0.07758365,0.09721032,0.6456416,-4.942717
255.0601,-65.32124,0.07114439,0.1012121,0.6415608,-4.942853
255.0688,-65.65501,0.0657148,0.1052687,0.6374781,-4.942993
255.0775,-65.95662,0.06116714,0.1093724,0.6333985,-4.943136
255.0862,-66.22867,0.05733653,0.1135159,0.6293266,-4.943281
255.0947,-66.46625,0.05416996,0.1175606,0.6253936,-4.943424
255.1031,-66.68039,0.05148525,0.1216306,0.621475,-4.943569
255.1116,-66.87291,0.04921806,0.1257202,0.6175736,-4.943715
255.12,-67.04549,0.04728905,0.1298245,0.6136923,-4.943863
255.1289,-67.20776,0.04554285,0.1341689,0.6096184,-4.944021
255.1378,-67.35114,0.0440665,0.1385193,0.6055722,-4.94418
255.1467,-67.47712,0.04282478,0.1428708,0.6015558,-4.94434
255.1556,-67.58705,0.04177157,0.1472191,0.5975716,-4.944501
255.1655,-67.69116,0.04078144,0.1520063,0.5932166,-4.94468
255.1753,-67.77872,0.0399579,0.1567795,0.5889051,-4.94486
255.1851,-67.8511,0.03928135,0.1615342,0.5846391,-4.94504
255.195,-67.90949,0.03872272,0.1662662,0.5804204,-4.945222
255.2062,-67.96058,0.03819664,0.1716496,0.5756514,-4.945429
255.2175,-67.99626,0.03778681,0.1769931,0.5709484,-4.945638
255.2287,-68.01786,0.03748189,0.1822919,0.566313,-4.945847
255.24,-68.02657,0.03726167,0.1875417,0.5617468,-4.946056
255.2533,-68.02165,0.03708767,0.1936865,0.5564338,-4.946303
255.2666,-68.00172,0.0370074,0.1997521,0.5512213,-4.94655
255.2799,-67.96817,0.03701374,0.2057335,0.5461107,-4.946796
255.2932,-67.92222,0.03709106,0.2116265,0.5411032,-4.947042
255.3095,-67.85071,0.03726388,0.2187124,0.5351167,-4.947342
255.3258,-67.76405,0.03752557,0.2256548,0.5292872,-4.947641
255.3421,-67.66378,0.03787145,0.2324487,0.5236152,-4.947938
255.3584,-67.55127,0.03828757,0.2390902,0.5181012,-4.948234
255.3787,-67.39571,0.03888399,0.2471494,0.5114505,-4.948599
255.399,-67.22502,0.03958031,0.2549618,0.505045,-4.948961
255.4193,-67.04097,0.04037899,0.262524,0.4988835,-4.949319
255.4397,-66.8451,0.04125672,0.269833,0.4929649,-4.949674
255.4615,-66.62236,0.04225651,0.2774225,0.4868578,-4.950051
255.4834,-66.38895,0.04335874,0.284715,0.4810277,-4.950423
255.5053,-66.1462,0.04458354,0.2917102,0.4754716,-4.95079
255.5272,-65.89524,0.04588063,0.2984083,0.4701861,-4.951151
255.5471,-65.66026,0.04708431,0.3042531,0.4656029,-4.951475
255.567,-65.42004,0.04836887,0.309853,0.4612384,-4.951795
255.587,-65.17523,0.04975157,0.3152092,0.4570896,-4.952109
255.6069,-64.92637,0.05119196,0.3203233,0.4531534,-4.952419
255.6259,-64.68585,0.05258484,0.3249735,0.4495967,-4.952709
255.6449,-64.44255,0.0540453,0.3294067,0.4462273,-4.952995
255.6639,-64.19689,0.05558621,0.3336248,0.4430422,-4.953276
255.6829,-63.94916,0.05717943,0.3376295,0.4400384,-4.953552
255.7026,-63.69112,0.05885151,0.3415479,0.4371198,-4.953833
255.7222,-63.43154,0.06059292,0.3452423,0.4343884,-4.954108
255.7419,-63.17077,0.06241913,0.3487147,0.4318407,-4.954378
255.7615,-62.90899,0.06429948,0.3519674,0.4294733,-4.954644
255.7818,-62.63709,0.06626906,0.3551058,0.4272086,-4.954913
255.8022,-62.36465,0.06831239,0.3580137,0.4251295,-4.955176
255.8225,-62.09191,0.0704477,0.3606935,0.4232321,-4.955434
255.8429,-61.81896,0.07263992,0.3631481,0.4215125,-4.955686
255.8638,-61.53756,0.07491977,0.3654442,0.4199226,-4.95594
255.8848,-61.2563,0.07727793,0.3675067,0.418513,-4.956188
255.9057,-60.97538,0.07973464,0.3693383,0.4172796,-4.95643
255.9267,-60.69472,0.08225179,0.3709423,0.4162181,-4.956666
255.9484,-60.40408,0.08488152,0.372367,0.4152951,-4.956904
255.9701,-60.11393,0.08759669,0.3735534,0.4145477,-4.957137
255.9918,-59.8244,0.0904204,0.3745044,0.4139716,-4.957362
256.0135,-59.53524,0.09331087,0.3752234,0.4135622,-4.957582
256.0361,-59.23445,0.09634237,0.3757288,0.4133083,-4.957803
256.0587,-58.93407,0.09947123,0.3759896,0.4132256,-4.958018
256.0813,-58.63418,0.1027248,0.3760089,0.4133098,-4.958226
256.1038,-58.33425,0.1060566,0.3757904,0.413556,-4.958427
256.1273,-58.02131,0.1095571,0.3753142,0.4139797,-4.958629
256.1509,-57.7081,0.1131751,0.3745868,0.4145702,-4.958823
256.1744,-57.39462,0.1169443,0.3736108,0.4153234,-4.95901
256.1979,-57.08001,0.1208126,0.3723901,0.4162349,-4.95919
256.2223,-56.75069,0.1248812,0.3708661,0.4173452,-4.959369
256.2468,-56.41956,0.1291022,0.3690831,0.4186188,-4.95954
256.2712,-56.08647,0.1335191,0.3670431,0.4200528,-4.959703
256.2956,-55.74996,0.138074,0.3647494,0.4216433,-4.959857
256.3209,-55.39646,0.1428679,0.3621131,0.4234494,-4.960008
256.3462,-55.03813,0.1478766,0.3592075,0.4254187,-4.96015
256.3715,-54.67453,0.1531598,0.356032,0.4275503,-4.960283
256.3968,-54.3032,0.1586546,0.3525884,0.4298421,-4.960407
256.4227,-53.91137,0.1644411,0.3487806,0.4323566,-4.960523
256.4486,-53.50897,0.1705573,0.3446854,0.4350418,-4.96063
256.4745,-53.0949,0.1770931,0.3402969,0.4379014,-4.960726
256.5004,-52.66465,0.1839861,0.3356126,0.4409372,-4.96081
256.5267,-52.20755,0.1912571,0.3305702,0.4441895,-4.960885
256.5529,-51.72852,0.1990824,0.3252031,0.4476376,-4.960947
256.5791,-51.22453,0.2076137,0.3194937,0.4512942,-4.960996
256.6053,-50.68663,0.2168116,0.3134284,0.45517,-4.961031
256.6313,-50.10793,0.2265706,0.3070381,0.4592478,-4.961052
256.6573,-49.48252,0.237361,0.3002385,0.4635853,-4.961057
256.6834,-48.8018,0.2494789,0.2929854,0.4682155,-4.961044
256.7094,-48.04529,0.2629848,0.285238,0.4731709,-4.961014
256.7347,-47.21186,0.2775364,0.2771871,0.4783369,-4.960964
256.76,-46.27042,0.2942461,0.2685262,0.48392,-4.960892
256.7853,-45.1947,0.3137822,0.2591491,0.4900043,-4.960794
256.8105,-43.9315,0.3365502,0.2489479,0.4966818,-4.960667
256.8347,-42.48343,0.3618652,0.2382974,0.5037338,-4.960513
256.8589,-40.75472,0.3922208,0.2265597,0.5116187,-4.960321
256.8831,-38.67141,0.4290458,0.2135314,0.520556,-4.960082
256.9073,-36.11518,0.4732945,0.1990556,0.5307934,-4.959787
256.9313,-33.02399,0.5255272,0.183186,0.5424931,-4.959429
256.9552,-29.29694,0.5870013,0.1658305,0.5561835,-4.958989
256.9792,-25.02282,0.6557256,0.1474264,0.5721489,-4.958452
257.0031,-20.5787,0.7267292,0.1288593,0.5903889,-4.95781
257.0174,-18.09671,0.767146,0.1181628,0.6022348,-4.957377
257.0317,-15.93471,0.8038775,0.1079706,0.6145701,-4.956911
257.046,-14.2414,0.8355531,0.09841931,0.6271453,-4.956418
257.0603,-13.13848,0.861481,0.0895905,0.6396847,-4.955904
257.0746,-12.70506,0.8815059,0.08151988,0.6518944,-4.955379
257.0889,-12.93873,0.8958181,0.07421474,0.6634885,-4.954853
257.1032,-13.79931,0.9048162,0.06766535,0.6742321,-4.954335
257.1175,-15.22075,0.9089832,0.06185223,0.6839562,-4.953834
257.1315,-17.06743,0.9086383,0.05684416,0.6923895,-4.953365
257.1456,-19.26675,0.9042362,0.05249791,0.6996606,-4.952925
257.1596,-21.73028,0.8959368,0.04878928,0.7057491,-4.952517
257.1736,-24.36547,0.8832589,0.04571116,0.7106586,-4.952145
257.1889,-27.34453,0.8638036,0.04306096,0.7147091,-4.951783
257.2043,-30.36797,0.8384279,0.04111872,0.7174674,-4.951467
257.2196,-33.38061,0.8068191,0.03985992,0.7190151,-4.951197
257.2349,-36.34178,0.7685707,0.03926361,0.7194379,-4.950972
257.2481,-38.83785,0.7302404,0.03926293,0.7189696,-4.950815
257.2613,-41.27151,0.6870838,0.03972412,0.717786,-4.95069
257.2745,-43.63435,0.6393532,0.04063883,0.715937,-4.950597
257.2877,-45.92372,0.5879156,0.04199657,0.7134763,-4.950535
257.3009,-48.13612,0.5339444,0.04378918,0.7104556,-4.950502
257.3141,-50.25697,0.4783268,0.04601739,0.7069184,-4.950498
257.3273,-52.27154,0.4223017,0.04867852,0.7029116,-4.950521
257.3405,-54.16538,0.3675614,0.05176463,0.6984853,-4.950571
257.354,-55.96071,0.3146864,0.05534632,0.6935806,-4.950646
257.3675,-57.60116,0.2661211,0.05934448,0.688343,-4.950744
257.381,-59.08007,0.2228594,0.0637359,0.6828246,-4.950864
257.3945,-60.39727,0.1854831,0.06849193,0.6770751,-4.951002
257.4032,-61.15708,0.1647313,0.07170824,0.6733001,-4.951099
257.4118,-61.85572,0.1463682,0.07505056,0.6694611,-4.951203
257.4204,-62.49629,0.1302972,0.07850933,0.6655684,-4.951312
257.429,-63.0821,0.1163315,0.08207494,0.6616317,-4.951427
257.4377,-63.61666,0.1042395,0.08573781,0.6576598,-4.951546
257.4463,-64.10372,0.09387575,0.08948851,0.6536607,-4.95167
257.4549,-64.54686,0.08507011,0.09331796,0.6496417,-4.951798
257.4635,-64.94939,0.07759286,0.09721743,0.6456095,-4.951929
257.4723,-65.31804,0.07115541,0.1012195,0.6415284,-4.952065
257.481,-65.65165,0.06572743,0.1052764,0.6374455,-4.952204
257.4897,-65.9531,0.06118116,0.1093803,0.6333657,-4.952346
257.4984,-66.225,0.05735179,0.1135239,0.6292935,-4.952491
257.5069,-66.46243,0.05418617,0.1175689,0.6253603,-4.952633
257.5153,-66.67641,0.05150232,0.1216391,0.6214414,-4.952777
257.5237,-66.86878,0.04923592,0.1257289,0.6175398,-4.952922
257.5322,-67.04121,0.04730764,0.1298333,0.6136583,-4.953069
257.5411,-67.20333,0.04556203,0.1341782,0.6095839,-4.953226
257.55,-67.34655,0.04408627,0.1385289,0.6055372,-4.953384
257.5589,-67.47237,0.04284513,0.1428808,0.6015205,-4.953544
257.5679,-67.58215,0.04179251,0.1472294,0.5975358,-4.953704
257.5777,-67.68608,0.04080296,0.1520172,0.5931802,-4.953882
257.5875,-67.77347,0.03998004,0.1567909,0.5888682,-4.954061
257.5974,-67.84566,0.03930414,0.1615461,0.5846016,-4.954241
257.6072,-67.90387,0.03874618,0.1662784,0.5803823,-4.954421
257.6184,-67.95475,0.03822087,0.1716627,0.5756125,-4.954628
257.6297,-67.99021,0.03781186,0.1770069,0.5709086,-4.954835
257.641,-68.01159,0.03750782,0.1823062,0.5662725,-4.955043
257.6522,-68.02007,0.03728852,0.1875566,0.5617057,-4.955251
257.6655,-68.01488,0.03711566,0.1937026,0.5563915,-4.955497
257.6789,-67.99467,0.03703662,0.1997691,0.5511779,-4.955743
257.6922,-67.96082,0.03704426,0.2057514,0.5460664,-4.955988
257.7055,-67.91458,0.03712297,0.211645,0.5410581,-4.956233
257.7218,-67.8427,0.03729761,0.2187326,0.53507,-4.956532
257.7381,-67.75565,0.03756126,0.2256763,0.529239,-4.956829
257.7544,-67.65498,0.03790923,0.2324713,0.5235659,-4.957125
257.7708,-67.54207,0.03832758,0.2391135,0.5180512,-4.957419
257.7911,-67.38601,0.03892689,0.2471732,0.5113997,-4.957783
257.8114,-67.2148,0.03962632,0.2549858,0.5049938,-4.958143
257.8317,-67.03024,0.0404284,0.2625475,0.4988325,-4.958499
257.8521,-66.83386,0.04130968,0.2698556,0.4929144,-4.958852
257.8739,-66.61076,0.0423125,0.2774372,0.4868135,-4.959227
257.8958,-66.37701,0.04341786,0.2847219,0.4809895,-4.959597
257.9177,-66.13394,0.04464595,0.2917091,0.4754395,-4.959961
257.9396,-65.88267,0.04594642,0.2983992,0.4701601,-4.96032
257.9595,-65.64746,0.04715302,0.3042358,0.4655831,-4.960642
257.9794,-65.40702,0.04844056,0.3098276,0.4612248,-4.96096
257.9994,-65.16201,0.04982628,0.3151757,0.4570821,-4.961272
258.0193,-64.91295,0.05126976,0.3202818,0.4531519,-4.96158
258.0383,-64.67216,0.0526663,0.3249263,0.4495994,-4.961868
258.0573,-64.42859,0.05413053,0.3293538,0.4462343,-4.962152
258.0763,-64.18267,0.05567533,0.333566,0.4430535,-4.962431
258.0953,-63.93468,0.05727255,0.3375647,0.4400541,-4.962705
258.115,-63.67634,0.05894906,0.3414773,0.4371398,-4.962984
258.1346,-63.41648,0.06069504,0.3451656,0.4344128,-4.963257
258.1543,-63.15543,0.062526,0.3486317,0.4318697,-4.963526
258.174,-62.89338,0.06441123,0.351878,0.429507,-4.963789
258.1943,-62.62121,0.06638586,0.3550094,0.4272473,-4.964056
258.2146,-62.34851,0.06843438,0.3579102,0.4251733,-4.964317
258.235,-62.07552,0.07057505,0.3605827,0.4232812,-4.964573
258.2553,-61.80233,0.07277277,0.3630298,0.4215669,-4.964823
258.2763,-61.52066,0.0750585,0.3653181,0.4199824,-4.965074
258.2973,-61.23914,0.0774227,0.3673726,0.4185784,-4.96532
258.3182,-60.95796,0.07988566,0.3691961,0.4173507,-4.96556
258.3392,-60.67704,0.08240922,0.3707917,0.416295,-4.965794
258.3609,-60.38612,0.08504586,0.3722077,0.4153779,-4.96603
258.3826,-60.09569,0.08776815,0.3733851,0.4146367,-4.96626
258.4043,-59.80588,0.09059927,0.3743269,0.4140668,-4.966483
258.4261,-59.51644,0.09349735,0.3750364,0.4136636,-4.966701
258.4487,-59.21534,0.09653702,0.3755318,0.4134164,-4.96692
258.4712,-58.91465,0.09967437,0.3757824,0.4133404,-4.967132
258.4938,-58.61443,0.1029368,0.3757912,0.4134314,-4.967337
258.5164,-58.31417,0.1062779,0.375562,0.4136846,-4.967536
258.54,-58.00086,0.1097882,0.3750743,0.4141156,-4.967736
258.5635,-57.68727,0.1134166,0.3743351,0.4147135,-4.967928
258.587,-57.3734,0.1171967,0.3733472,0.4154744,-4.968112
258.6105,-57.05836,0.1210766,0.3721143,0.4163935,-4.96829
258.635,-56.72858,0.1251575,0.3705773,0.4175119,-4.968466
258.6594,-56.39695,0.1293917,0.368781,0.4187938,-4.968634
258.6839,-56.06332,0.1338227,0.3667274,0.4202362,-4.968794
258.7083,-55.72623,0.1383928,0.3644197,0.4218352,-4.968946
258.7336,-55.37209,0.1432029,0.3617688,0.4236503,-4.969094
258.7589,-55.01304,0.1482293,0.3588482,0.4256287,-4.969233
258.7842,-54.64865,0.1535319,0.3556573,0.4277697,-4.969363
258.8095,-54.27643,0.159048,0.3521977,0.4300712,-4.969484
258.8354,-53.88362,0.1648572,0.3483735,0.4325957,-4.969597
258.8614,-53.48012,0.170999,0.3442614,0.4352913,-4.969701
258.8873,-53.06478,0.1775637,0.3398552,0.4381618,-4.969793
258.9132,-52.63306,0.1844892,0.3351523,0.4412091,-4.969875
258.9394,-52.17433,0.1917953,0.3300914,0.444473,-4.969946
258.9657,-51.69338,0.1996613,0.3247047,0.4479335,-4.970005
258.9919,-51.18715,0.2082405,0.3189743,0.4516036,-4.97005
259.0181,-50.64655,0.217494,0.3128862,0.4554941,-4.970082
259.0441,-50.06477,0.2273142,0.3064735,0.4595868,-4.9701
259.0701,-49.43564,0.2381779,0.2996491,0.463941,-4.970101
259.0961,-48.75039,0.2503854,0.2923682,0.4685903,-4.970085
259.1221,-47.98823,0.2640004,0.2845893,0.4735676,-4.970051
259.1474,-47.14813,0.2786752,0.2765063,0.4787567,-4.969997
259.1727,-46.19833,0.2955385,0.2678081,0.4843672,-4.969921
259.198,-45.11204,0.3152686,0.2583866,0.4904847,-4.969819
259.2232,-43.83518,0.3382806,0.2481327,0.4972027,-4.969687
259.2474,-42.37029,0.3638845,0.2374232,0.5043018,-4.969529
259.2716,-40.61994,0.3946048,0.225615,0.5122454,-4.969332
259.2958,-38.50927,0.4318802,0.2125045,0.5212566,-4.969088
259.3199,-35.91959,0.4766589,0.1979381,0.5315863,-4.968787
259.3439,-32.78456,0.5295978,0.1819449,0.5434232,-4.968421
259.3679,-29.0125,0.5917384,0.1644849,0.5572791,-4.967971
259.3919,-24.7052,0.6608778,0.1460239,0.5734282,-4.967424
259.4159,-20.26421,0.731834,0.12747,0.5918443,-4.966772
259.43,-17.84811,0.7713292,0.1169802,0.6035856,-4.96634
259.4441,-15.75986,0.8070792,0.1069973,0.615778,-4.965876
259.4582,-14.13958,0.8378179,0.09764656,0.6281778,-4.965387
259.4722,-13.10024,0.8629335,0.08900205,0.6405189,-4.964878
259.4863,-12.71305,0.8823173,0.08109526,0.6525204,-4.964359
259.5004,-12.97305,0.8961724,0.07393172,0.6639111,-4.96384
259.5145,-13.84018,0.9048911,0.0675014,0.6744686,-4.963328
259.5286,-15.24985,0.9089262,0.06178567,0.6840322,-4.962833
259.5428,-17.11817,0.9085063,0.05674429,0.6925218,-4.96236
259.5569,-19.34367,0.9039592,0.05237614,0.6998278,-4.961915
259.5711,-21.83586,0.8954509,0.04865624,0.7059301,-4.961504
259.5853,-24.49975,0.8824719,0.04557768,0.7108331,-4.961129
259.6005,-27.47495,0.8628115,0.04296419,0.7148187,-4.960768
259.6158,-30.49177,0.8372348,0.04105484,0.7175206,-4.960453
259.6311,-33.496,0.8054286,0.03982529,0.7190202,-4.960183
259.6464,-36.44801,0.7670061,0.03925453,0.719403,-4.95996
259.6595,-38.92942,0.7286678,0.03927232,0.7189085,-4.959803
259.6727,-41.34882,0.6855611,0.03974711,0.7177075,-4.959679
259.6858,-43.698,0.6379443,0.04067075,0.7158491,-4.959586
259.699,-45.97427,0.5866776,0.04203302,0.713386,-4.959524
259.7121,-48.17405,0.5329211,0.04382598,0.7103693,-4.959491
259.7253,-50.28295,0.4775588,0.0460503,0.7068418,-4.959486
259.7384,-52.28642,0.4218171,0.04870329,0.7028499,-4.959508
259.7516,-54.17018,0.367361,0.05177711,0.6984428,-4.959556
259.7651,-55.96643,0.3144544,0.05536406,0.6935322,-4.95963
259.7786,-57.60746,0.2658712,0.05936817,0.6882881,-4.959728
259.7921,-59.08663,0.2226064,0.06376614,0.682763,-4.959846
259.8056,-60.40379,0.1852397,0.06852918,0.6770067,-4.959983
259.8142,-61.16193,0.1645403,0.07174329,0.6732353,-4.96008
259.8228,-61.85907,0.1462229,0.07508301,0.6694001,-4.960183
259.8315,-62.4983,0.1301907,0.0785388,0.6655115,-4.960291
259.8401,-63.08291,0.1162575,0.0821011,0.6615791,-4.960405
259.8487,-63.61643,0.1041922,0.08576034,0.6576115,-4.960523
259.8573,-64.10257,0.09384983,0.08950713,0.6536169,-4.960646
259.8659,-64.54491,0.08506076,0.09333243,0.6496025,-4.960773
259.8746,-64.94674,0.07759622,0.09722753,0.6455749,-4.960904
259.8833,-65.3152,0.07116147,0.1012299,0.6414937,-4.961039
259.892,-65.64863,0.06573582,0.105287,0.6374105,-4.961177
259.9007,-65.9499,0.06119158,0.1093911,0.6333305,-4.961318
259.9094,-66.22161,0.05736394,0.1135349,0.6292582,-4.961462
259.9179,-66.45888,0.05419966,0.1175802,0.6253248,-4.961603
259.9263,-66.6727,0.05151699,0.1216506,0.6214056,-4.961747
259.9348,-66.8649,0.04925165,0.1257406,0.6175038,-4.961891
259.9432,-67.03717,0.04732433,0.1298452,0.6136221,-4.962038
259.9521,-67.19912,0.04557948,0.1341906,0.6095472,-4.962194
259.9611,-67.34218,0.04410447,0.1385418,0.6055,-4.962351
259.97,-67.46784,0.04286405,0.1428941,0.6014828,-4.96251
259.9789,-67.57745,0.04181213,0.147243,0.5974978,-4.96267
259.9887,-67.6812,0.04082327,0.1520314,0.5931414,-4.962847
259.9986,-67.7684,0.04000105,0.1568058,0.5888287,-4.963025
260.0084,-67.84041,0.03932588,0.1615615,0.5845615,-4.963204
260.0183,-67.89843,0.03876866,0.1662943,0.5803417,-4.963383
260.0295,-67.94909,0.03824417,0.1716795,0.5755709,-4.963589
260.0408,-67.98433,0.03783604,0.1770245,0.5708662,-4.963795
260.0521,-68.00548,0.03753292,0.1823246,0.5662293,-4.964002
260.0633,-68.01373,0.03731458,0.1875756,0.5616618,-4.964209
260.0767,-68.00826,0.0371429,0.1937229,0.5563463,-4.964454
260.09,-67.98776,0.03706513,0.1997906,0.5511315,-4.964699
260.1033,-67.95362,0.0370741,0.2057738,0.546019,-4.964943
260.1167,-67.90708,0.03715422,0.2116682,0.5410098,-4.965187
260.133,-67.83482,0.03733072,0.2187576,0.5350199,-4.965484
260.1493,-67.74737,0.03759637,0.2257028,0.5291875,-4.96578
260.1656,-67.64631,0.03794647,0.2324989,0.5235132,-4.966075
260.1819,-67.533,0.03836706,0.239142,0.5179975,-4.966367
260.2023,-67.37642,0.0389693,0.2472024,0.5113453,-4.966729
260.2226,-67.2047,0.03967188,0.2550151,0.5049391,-4.967088
260.243,-67.01962,0.04047737,0.2625765,0.4987779,-4.967443
260.2633,-66.82271,0.04136224,0.2698837,0.4928603,-4.967793
260.2852,-66.59925,0.04236806,0.2774574,0.4867656,-4.968166
260.3071,-66.36517,0.04347653,0.284734,0.4809479,-4.968534
260.329,-66.12178,0.04470789,0.2917131,0.4754041,-4.968896
260.3508,-65.87021,0.0460117,0.2983951,0.4701309,-4.969253
260.3708,-65.63478,0.04722119,0.3042234,0.4655603,-4.969573
260.3907,-65.39413,0.04851167,0.309807,0.4612083,-4.969888
260.4106,-65.14892,0.04990035,0.315147,0.4570718,-4.970198
260.4306,-64.89968,0.05134688,0.3202449,0.4531477,-4.970504
260.4496,-64.6586,0.05274705,0.3248838,0.4495994,-4.97079
260.4686,-64.41477,0.05421501,0.3293056,0.4462386,-4.971072
260.4876,-64.16859,0.05576367,0.3335119,0.4430622,-4.971349
260.5066,-63.92035,0.05736484,0.3375045,0.4400672,-4.971622
260.5263,-63.66172,0.05904574,0.3414112,0.4371572,-4.971898
260.5459,-63.40158,0.06079625,0.3450935,0.4344347,-4.97217
260.5656,-63.14025,0.06263192,0.3485534,0.4318961,-4.972436
260.5852,-62.87793,0.06452197,0.3517932,0.4295381,-4.972698
260.6056,-62.60551,0.06650158,0.3549177,0.4272835,-4.972962
260.626,-62.33255,0.06855524,0.3578113,0.4252146,-4.973222
260.6463,-62.05931,0.07070122,0.3604765,0.4233277,-4.973475
260.6667,-61.78587,0.07290438,0.3629161,0.4216187,-4.973723
260.6876,-61.50394,0.07519591,0.3651967,0.4200397,-4.973973
260.7086,-61.22216,0.07756608,0.3672432,0.4186413,-4.974217
260.7296,-60.94073,0.08003522,0.3690586,0.4174193,-4.974455
260.7505,-60.65957,0.08256512,0.3706458,0.4163693,-4.974686
260.7723,-60.36837,0.08520858,0.3720531,0.4154583,-4.97492
260.794,-60.07766,0.08793792,0.3732215,0.4147231,-4.975148
260.8157,-59.78758,0.09077635,0.3741541,0.4141594,-4.975369
260.8375,-59.49786,0.09368196,0.3748543,0.4137625,-4.975584
260.8601,-59.19646,0.09672971,0.3753397,0.4135219,-4.975801
260.8827,-58.89545,0.09987545,0.3755801,0.4134527,-4.976011
260.9053,-58.59492,0.1031467,0.3755784,0.4135505,-4.976214
260.9279,-58.29434,0.1064969,0.3753385,0.4138106,-4.97641
260.9514,-57.98066,0.110017,0.3748395,0.4142489,-4.976607
260.975,-57.6667,0.1136556,0.3740887,0.4148542,-4.976797
260.9985,-57.35244,0.1174466,0.3730888,0.4156225,-4.976979
261.022,-57.03698,0.1213378,0.3718438,0.4165493,-4.977154
261.0465,-56.70674,0.1254309,0.3702939,0.4176757,-4.977327
261.071,-56.37461,0.1296781,0.3684844,0.4189658,-4.977493
261.0954,-56.04046,0.1341232,0.3664173,0.4204165,-4.97765
261.1199,-55.70278,0.1387082,0.3640957,0.4220241,-4.977799
261.1452,-55.348,0.1435344,0.3614303,0.423848,-4.977945
261.1705,-54.98825,0.1485783,0.3584948,0.4258354,-4.978081
261.1958,-54.62308,0.1539002,0.3552886,0.4279858,-4.978208
261.2211,-54.24998,0.1594374,0.3518132,0.430297,-4.978326
261.247,-53.8562,0.1652692,0.3479728,0.4328313,-4.978437
261.273,-53.45159,0.1714362,0.3438438,0.4355372,-4.978537
261.2989,-53.03499,0.1780297,0.3394201,0.4384186,-4.978627
261.3248,-52.60183,0.1849876,0.3346989,0.4414773,-4.978706
261.3511,-52.14146,0.1923286,0.3296196,0.4447527,-4.978773
261.3773,-51.65861,0.200235,0.3242134,0.4482255,-4.978829
261.4035,-51.15014,0.2088617,0.3184621,0.451909,-4.978871
261.4297,-50.60686,0.2181707,0.3123516,0.4558142,-4.9789
261.4557,-50.02201,0.2280517,0.3059166,0.4599216,-4.978914
261.4817,-49.38917,0.2389886,0.2990676,0.4642924,-4.978912
261.5077,-48.6994,0.2512855,0.2917591,0.4689606,-4.978892
261.5337,-47.93159,0.2650093,0.2839489,0.4739598,-4.978854
261.559,-47.08481,0.2798071,0.275834,0.4791719,-4.978797
261.5843,-46.12665,0.2968238,0.2670985,0.4848097,-4.978717
261.6095,-45.02978,0.3167479,0.2576329,0.4909601,-4.978611
261.6348,-43.73923,0.3400039,0.2473265,0.4977187,-4.978475
261.6589,-42.2575,0.3658969,0.2365582,0.5048649,-4.978312
261.6831,-40.48546,0.3969819,0.2246796,0.5128673,-4.97811
261.7072,-38.34742,0.4347068,0.2114873,0.5219524,-4.97786
261.7314,-35.72442,0.4800122,0.1968314,0.5323743,-4.977553
261.7554,-32.54553,0.5336561,0.180715,0.5443496,-4.977179
261.7794,-28.72916,0.596452,0.1631524,0.5583719,-4.97672
261.8034,-24.39046,0.665981,0.144638,0.5747045,-4.976163
261.8275,-19.95558,0.7368548,0.1261011,0.5932947,-4.975501
261.8414,-17.60403,0.7754583,0.1158078,0.6049386,-4.975069
261.8553,-15.58788,0.8102617,0.1060234,0.6169971,-4.974608
261.8692,-14.03918,0.8400958,0.0968633,0.6292319,-4.974122
261.8831,-13.06275,0.8644235,0.08839442,0.6413858,-4.973618
261.897,-12.72249,0.8831786,0.08064441,0.6531899,-4.973104
261.9109,-13.01091,0.896576,0.07361722,0.6643863,-4.972591
261.9248,-13.88792,0.9050024,0.06730248,0.6747644,-4.972086
261.9387,-15.29011,0.9088831,0.0616823,0.6841711,-4.971597
261.953,-17.18468,0.9083541,0.0566087,0.6927152,-4.971118
261.9673,-19.44081,0.9036215,0.05222076,0.7000517,-4.970669
261.9816,-21.96574,0.894857,0.04849268,0.7061612,-4.970254
261.9959,-24.66184,0.8815178,0.04541777,0.7110493,-4.969876
262.0112,-27.63299,0.8616041,0.04284812,0.7149571,-4.969517
262.0264,-30.64245,0.8357769,0.04097821,0.7175911,-4.969204
262.0417,-33.63714,0.8037228,0.03978399,0.7190323,-4.968936
262.0569,-36.5787,0.7650783,0.03924433,0.7193661,-4.968714
262.07,-39.04163,0.7267409,0.03928455,0.7188398,-4.968558
262.083,-41.44306,0.6837083,0.03977562,0.717618,-4.968435
262.0961,-43.77504,0.6362457,0.04070964,0.7157488,-4.968343
262.1092,-46.03481,0.5852039,0.04207672,0.7132839,-4.968281
262.1222,-48.21873,0.5317255,0.04386918,0.7102732,-4.968247
262.1353,-50.31264,0.4766898,0.04608762,0.7067591,-4.968242
262.1484,-52.30223,0.421307,0.04872935,0.7027869,-4.968263
262.1614,-54.17344,0.3672078,0.05178666,0.698405,-4.96831
262.175,-55.97121,0.3142524,0.05537955,0.6934873,-4.968383
262.1885,-57.61334,0.2656361,0.05939052,0.6882356,-4.968479
262.202,-59.09319,0.2223551,0.06379616,0.6827024,-4.968597
262.2156,-60.41067,0.1849885,0.06856755,0.6769377,-4.968733
262.2242,-61.16719,0.1643401,0.07177984,0.6731694,-4.968829
262.2328,-61.86287,0.1460675,0.07511737,0.6693376,-4.968931
262.2414,-62.5008,0.1300738,0.07857062,0.6654526,-4.969038
262.25,-63.08425,0.1161729,0.08213005,0.661524,-4.969151
262.2586,-63.61673,0.1041345,0.08578613,0.6575604,-4.969269
262.2672,-64.10197,0.09381392,0.08952949,0.6535698,-4.969391
262.2759,-64.54351,0.08504195,0.09335112,0.6495596,-4.969517
262.2845,-64.94464,0.07759075,0.09724233,0.6455362,-4.969647
262.2932,-65.31287,0.07116016,0.101245,0.6414548,-4.969781
262.3019,-65.64607,0.06573807,0.1053022,0.6373716,-4.969919
262.3106,-65.94711,0.06119684,0.1094065,0.6332916,-4.970059
262.3193,-66.2186,0.05737176,0.1135503,0.6292192,-4.970202
262.3278,-66.45569,0.05420937,0.117596,0.6252855,-4.970343
262.3362,-66.66932,0.05152837,0.1216667,0.6213661,-4.970485
262.3447,-66.86134,0.04926448,0.1257569,0.6174641,-4.970629
262.3531,-67.03342,0.04733844,0.1298618,0.6135821,-4.970775
262.3621,-67.1952,0.04559466,0.1342077,0.6095067,-4.97093
262.371,-67.33808,0.04412062,0.1385595,0.6054589,-4.971087
262.3799,-67.46356,0.04288112,0.1429122,0.6014413,-4.971245
262.3888,-67.57299,0.04183007,0.1472616,0.5974558,-4.971404
262.3987,-67.67655,0.04084205,0.1520508,0.5930987,-4.97158
262.4085,-67.76356,0.04002067,0.156826,0.5887852,-4.971757
262.4184,-67.83536,0.03934633,0.1615823,0.5845173,-4.971935
262.4282,-67.89318,0.03878995,0.1663157,0.5802969,-4.972114
262.4395,-67.94361,0.03826639,0.1717021,0.575525,-4.972319
262.4508,-67.97862,0.03785921,0.1770481,0.5708193,-4.972524
262.462,-67.99954,0.03755709,0.182349,0.5661815,-4.97273
262.4733,-68.00754,0.03733979,0.1876007,0.5616132,-4.972936
262.4866,-68.00178,0.03716937,0.1937496,0.5562962,-4.97318
262.5,-67.98098,0.03709292,0.1998186,0.5510802,-4.973424
262.5133,-67.94654,0.0371033,0.2058029,0.5459665,-4.973667
262.5267,-67.8997,0.03718489,0.2116983,0.5409564,-4.97391
262.543,-67.82703,0.03736332,0.2187898,0.5349645,-4.974206
262.5593,-67.73919,0.03763103,0.2257368,0.5291304,-4.974501
262.5757,-67.63771,0.03798332,0.2325343,0.5234548,-4.974794
262.592,-67.52398,0.03840623,0.2391784,0.5179381,-4.975085
262.6124,-67.36687,0.03901147,0.2472397,0.511285,-4.975445
262.6327,-67.19462,0.03971727,0.2550527,0.5048784,-4.975802
262.6531,-67.00901,0.04052625,0.2626138,0.4987172,-4.976155
262.6735,-66.81157,0.04141478,0.2699203,0.4928002,-4.976504
262.6953,-66.58776,0.04242362,0.2774856,0.486712,-4.976875
262.7172,-66.35333,0.04353521,0.2847539,0.4809009,-4.97724
262.7391,-66.10963,0.04476983,0.2917246,0.4753636,-4.9776
262.761,-65.85776,0.04607698,0.2983983,0.4700969,-4.977955
262.7809,-65.62211,0.04728934,0.3042181,0.4655329,-4.978273
262.8008,-65.38126,0.04858272,0.3097932,0.4611873,-4.978586
262.8208,-65.13586,0.04997434,0.3151248,0.4570573,-4.978895
262.8407,-64.88644,0.05142387,0.3202144,0.4531394,-4.979198
262.8597,-64.64509,0.05282766,0.3248476,0.4495955,-4.979483
262.8787,-64.401,0.05429934,0.3292635,0.446239,-4.979763
262.8977,-64.15456,0.05585184,0.3334638,0.4430671,-4.980038
262.9167,-63.90607,0.05745695,0.3374503,0.4400767,-4.980308
262.9364,-63.64715,0.05914223,0.3413511,0.4371711,-4.980583
262.9561,-63.38673,0.06089726,0.3450272,0.4344531,-4.980853
262.9758,-63.12513,0.06273761,0.3484807,0.4319192,-4.981117
262.9954,-62.86255,0.06463248,0.3517141,0.4295659,-4.981377
263.0158,-62.58986,0.06661705,0.3548315,0.4273164,-4.98164
263.0362,-62.31665,0.06867581,0.3577179,0.4252528,-4.981897
263.0565,-62.04317,0.07082708,0.3603757,0.4233711,-4.982149
263.0769,-61.76949,0.07303564,0.3628078,0.4216675,-4.982395
263.0979,-61.48731,0.07533294,0.3650805,0.4200941,-4.982642
263.1188,-61.20527,0.07770905,0.3671191,0.4187013,-4.982884
263.1398,-60.92359,0.08018433,0.3689262,0.417485,-4.98312
263.1608,-60.64218,0.08272052,0.3705051,0.4164408,-4.983349
263.1825,-60.35071,0.08537076,0.3719035,0.4155359,-4.983581
263.2043,-60.05973,0.0881071,0.373063,0.4148068,-4.983807
263.226,-59.76938,0.09095281,0.3739863,0.4142493,-4.984026
263.2478,-59.47938,0.0938659,0.3746771,0.4138588,-4.984238
263.2704,-59.17768,0.09692167,0.3751525,0.4136248,-4.984453
263.293,-58.87637,0.1000758,0.3753826,0.4135623,-4.98466
263.3156,-58.57552,0.1033557,0.3753705,0.413667,-4.984861
263.3382,-58.27462,0.1067149,0.3751198,0.4139341,-4.985055
263.3618,-57.96059,0.1102448,0.3746094,0.4143797,-4.98525
263.3853,-57.64626,0.1138936,0.3738469,0.4149924,-4.985437
263.4089,-57.3316,0.1176953,0.3728352,0.4157683,-4.985617
263.4324,-57.01573,0.1215979,0.3715779,0.4167027,-4.985789
263.4569,-56.68503,0.1257031,0.3700151,0.4178372,-4.98596
263.4814,-56.35242,0.1299633,0.3681924,0.4191354,-4.986123
263.5059,-56.01773,0.1344224,0.3661117,0.4205945,-4.986278
263.5303,-55.67949,0.1390223,0.3637763,0.4222106,-4.986425
263.5556,-55.32407,0.1438644,0.3610965,0.4240433,-4.986567
263.581,-54.96361,0.1489257,0.3581461,0.4260399,-4.986701
263.6063,-54.59766,0.1542669,0.3549245,0.4281996,-4.986825
263.6316,-54.22369,0.1598251,0.3514333,0.4305204,-4.98694
263.6575,-53.82894,0.1656794,0.3475767,0.4330647,-4.987048
263.6835,-53.42323,0.1718716,0.3434309,0.4357808,-4.987146
263.7094,-53.00538,0.1784938,0.3389898,0.438673,-4.987232
263.7353,-52.57076,0.1854841,0.3342502,0.4417431,-4.987308
263.7616,-52.10876,0.1928599,0.3291526,0.4450299,-4.987373
263.7878,-51.624,0.2008066,0.323727,0.448515,-4.987425
263.814,-51.1133,0.2094809,0.3179548,0.4522119,-4.987464
263.8402,-50.56732,0.2188455,0.3118218,0.4561317,-4.98749
263.8662,-49.97939,0.2287873,0.3053646,0.4602539,-4.9875
263.8922,-49.34283,0.2397975,0.2984911,0.4646412,-4.987495
263.9182,-48.64852,0.2521841,0.291155,0.4693284,-4.987472
263.9442,-47.87504,0.2660171,0.2833135,0.4743495,-4.98743
263.9695,-47.02155,0.2809384,0.2751667,0.4795845,-4.987369
263.9947,-46.05496,0.2981094,0.2663938,0.4852497,-4.987286
264.0199,-44.94746,0.3182285,0.2568841,0.4914333,-4.987175
264.0452,-43.64312,0.3417299,0.246525,0.4982325,-4.987035
264.0693,-42.14441,0.3679138,0.2356976,0.5054261,-4.986867
264.0935,-40.35053,0.3993656,0.2237485,0.5134877,-4.98666
264.1176,-38.18494,0.4375416,0.2104744,0.5226473,-4.986405
264.1417,-35.52854,0.4833733,0.1957294,0.533162,-4.986092
264.1658,-32.30554,0.5377253,0.1794894,0.5452777,-4.98571
264.1898,-28.44529,0.6011687,0.1618255,0.5594683,-4.985242
264.2139,-24.07685,0.6710641,0.1432608,0.5759854,-4.984675
264.238,-19.65109,0.7418204,0.1247443,0.5947486,-4.984002
264.2517,-17.36328,0.779555,0.1146391,0.606301,-4.983572
264.2654,-15.41815,0.8134385,0.1050446,0.6182333,-4.983112
264.2791,-13.94011,0.8423933,0.09606689,0.6303116,-4.982629
264.2929,-13.02631,0.8659516,0.08776648,0.6422875,-4.982129
264.3066,-12.7338,0.8840868,0.08016749,0.6539029,-4.981621
264.3203,-13.05264,0.8970245,0.07327238,0.6649125,-4.981114
264.3341,-13.94251,0.9051463,0.06707046,0.6751164,-4.980615
264.3478,-15.34102,0.9088517,0.06154449,0.684369,-4.980131
264.3622,-17.26664,0.9081796,0.05643899,0.6929669,-4.979647
264.3767,-19.55812,0.9032193,0.05203287,0.7003304,-4.979193
264.3911,-22.12019,0.8941487,0.04829934,0.706441,-4.978774
264.4056,-24.85234,0.8803859,0.04523205,0.7113059,-4.978394
264.4208,-27.81914,0.8601697,0.04271337,0.715123,-4.978037
264.436,-30.82041,0.8340418,0.04088952,0.7176775,-4.977726
264.4512,-33.80439,0.8016887,0.03973669,0.7190502,-4.97746
264.4665,-36.73415,0.7627743,0.03923368,0.719326,-4.97724
264.4794,-39.1742,0.7244577,0.03930011,0.7187627,-4.977086
264.4924,-41.55342,0.6815362,0.0398098,0.7175174,-4.976964
264.5054,-43.86414,0.6342826,0.04075511,0.715637,-4.976873
264.5183,-46.10357,0.583535,0.04212656,0.7131719,-4.976811
264.5313,-48.26795,0.5304134,0.04391679,0.7101707,-4.976778
264.5443,-50.34347,0.47579,0.04612631,0.706675,-4.976772
264.5572,-52.31608,0.4208539,0.04875241,0.7027289,-4.976792
264.5702,-54.17203,0.3671936,0.05178761,0.6983798,-4.976837
264.5837,-55.97223,0.3141642,0.05538652,0.6934545,-4.976909
264.5973,-57.6163,0.2654893,0.05940477,0.6881941,-4.977005
264.6108,-59.09759,0.2221686,0.06381878,0.6826514,-4.977121
264.6244,-60.41601,0.1847815,0.06859949,0.6768768,-4.977257
264.633,-61.17142,0.1641694,0.07181135,0.67311,-4.977352
264.6416,-61.86607,0.1459293,0.07514822,0.6692797,-4.977453
264.6502,-62.50305,0.1299642,0.07860058,0.6653964,-4.97756
264.6588,-63.08566,0.1160881,0.08215891,0.6614696,-4.977672
264.6674,-63.61737,0.1040709,0.08581368,0.6575079,-4.977789
264.6761,-64.10192,0.093768,0.08955556,0.6535194,-4.97791
264.6847,-64.54283,0.08501049,0.09337553,0.6495112,-4.978035
264.6933,-64.9434,0.07757106,0.09726494,0.64549,-4.978164
264.702,-65.3113,0.07114714,0.1012677,0.6414088,-4.978298
264.7107,-65.64418,0.06573068,0.105325,0.6373257,-4.978435
264.7194,-65.94493,0.06119416,0.1094291,0.633246,-4.978575
264.7282,-66.21614,0.05737301,0.1135729,0.6291739,-4.978717
264.7366,-66.453,0.0542134,0.117619,0.6252398,-4.978857
264.7451,-66.6664,0.0515348,0.12169,0.6213202,-4.978999
264.7535,-66.85821,0.04927299,0.1257806,0.6174179,-4.979142
264.762,-67.03008,0.04734878,0.1298857,0.6135358,-4.979287
264.7709,-67.19166,0.04560649,0.1342324,0.6094597,-4.979442
264.7798,-67.33434,0.04413382,0.1385849,0.6054113,-4.979597
264.7888,-67.45962,0.04289556,0.1429383,0.6013931,-4.979755
264.7977,-67.56884,0.04184566,0.1472882,0.5974071,-4.979913
264.8075,-67.67219,0.04085874,0.1520785,0.593049,-4.980088
264.8174,-67.75898,0.04003841,0.1568546,0.5887347,-4.980265
264.8272,-67.83057,0.03936509,0.1616118,0.584466,-4.980442
264.8371,-67.88817,0.03880972,0.166346,0.5802449,-4.98062
264.8484,-67.93835,0.03828724,0.1717338,0.5754717,-4.980824
264.8596,-67.97311,0.03788117,0.177081,0.5707648,-4.981029
264.8709,-67.99377,0.03758018,0.1823831,0.5661259,-4.981234
264.8822,-68.00151,0.03736403,0.1876359,0.5615567,-4.981439
264.8955,-67.99544,0.03719499,0.1937866,0.5562379,-4.981682
264.9089,-67.97432,0.03712,0.1998574,0.5510203,-4.981924
264.9223,-67.93956,0.0371319,0.2058432,0.5459053,-4.982166
264.9356,-67.89238,0.03721508,0.2117398,0.540894,-4.982408
264.952,-67.81929,0.03739557,0.2188338,0.5348999,-4.982703
264.9683,-67.73101,0.03766548,0.2257829,0.5290639,-4.982996
264.9847,-67.6291,0.0380201,0.2325822,0.5233867,-4.983288
265.001,-67.51492,0.03844546,0.2392277,0.5178688,-4.983578
265.0214,-67.35726,0.03905385,0.24729,0.5112147,-4.983937
265.0418,-67.18445,0.03976302,0.2551035,0.5048076,-4.984292
265.0622,-66.99828,0.04057567,0.2626646,0.4986464,-4.984644
265.0825,-66.80029,0.04146801,0.2699704,0.4927298,-4.984991
265.1044,-66.57611,0.04247994,0.2775269,0.4866488,-4.98536
265.1263,-66.34134,0.04359469,0.2847863,0.4808447,-4.985723
265.1482,-66.09732,0.04483263,0.2917481,0.4753144,-4.986081
265.1701,-65.84516,0.04614314,0.2984129,0.4700547,-4.986433
265.19,-65.60929,0.04735838,0.3042236,0.4654977,-4.986749
265.2099,-65.36824,0.04865468,0.3097898,0.4611591,-4.987061
265.2298,-65.12266,0.05004921,0.3151125,0.4570358,-4.987367
265.2497,-64.87307,0.05150172,0.3201934,0.4531247,-4.987668
265.2688,-64.63145,0.05290916,0.3248206,0.4495852,-4.987951
265.2878,-64.38709,0.05438459,0.3292304,0.4462334,-4.988229
265.3068,-64.1404,0.05594096,0.3334245,0.4430661,-4.988503
265.3258,-63.89166,0.05755004,0.3374046,0.4400805,-4.988772
265.3455,-63.63245,0.05923974,0.3412993,0.4371795,-4.989045
265.3652,-63.37175,0.06099932,0.344969,0.4344662,-4.989312
265.3849,-63.10988,0.0628444,0.3484161,0.4319371,-4.989575
265.4045,-62.84703,0.06474411,0.3516427,0.4295888,-4.989833
265.4249,-62.57409,0.06673367,0.3547529,0.4273446,-4.990093
265.4453,-62.30063,0.06879757,0.3576318,0.4252864,-4.990349
265.4656,-62.02691,0.07095415,0.3602821,0.4234103,-4.990598
265.486,-61.75299,0.07316814,0.3627064,0.4217122,-4.990843
265.507,-61.47055,0.07547123,0.364971,0.4201445,-4.991088
265.528,-61.18826,0.0778533,0.3670013,0.4187576,-4.991328
265.549,-60.90633,0.08033475,0.3688001,0.4175472,-4.991561
265.57,-60.62468,0.08287726,0.3703703,0.416509,-4.991789
265.5917,-60.33294,0.08553431,0.3717598,0.4156102,-4.992019
265.6135,-60.04169,0.08827767,0.37291,0.4148875,-4.992242
265.6352,-59.75107,0.09113067,0.3738239,0.4143364,-4.992459
265.657,-59.4608,0.09405127,0.374505,0.4139523,-4.99267
265.6796,-59.1588,0.0971151,0.3749702,0.4137252,-4.992882
265.7022,-58.85718,0.1002776,0.3751899,0.4136696,-4.993087
265.7249,-58.55602,0.1035663,0.375167,0.4137813,-4.993286
265.7475,-58.2548,0.1069346,0.3749055,0.4140554,-4.993478
265.7711,-57.94042,0.1104741,0.3743835,0.4145085,-4.99367
265.7946,-57.62571,0.1141332,0.3736091,0.4151288,-4.993855
265.8182,-57.31067,0.1179458,0.3725852,0.4159124,-4.994032
265.8417,-56.99439,0.1218597,0.3713155,0.4168546,-4.994202
265.8662,-56.66323,0.1259771,0.3697396,0.4179972,-4.994371
265.8907,-56.33013,0.1302503,0.3679036,0.4193038,-4.994531
265.9152,-55.99491,0.1347234,0.3658091,0.4207713,-4.994683
265.9397,-55.65609,0.1393383,0.3634596,0.4223961,-4.994827
265.965,-55.30003,0.1441965,0.3607651,0.4242378,-4.994967
265.9903,-54.93886,0.1492753,0.3577996,0.4262436,-4.995098
266.0157,-54.57214,0.1546358,0.3545625,0.4284127,-4.99522
266.041,-54.19728,0.1602151,0.3510553,0.4307433,-4.995332
266.0669,-53.80156,0.1660921,0.3471823,0.4332975,-4.995437
266.0929,-53.39474,0.1723098,0.3430196,0.4360241,-4.995532
266.1188,-52.97562,0.1789609,0.3385607,0.4389271,-4.995616
266.1448,-52.53953,0.1859838,0.3338026,0.4420088,-4.995688
266.171,-52.07589,0.1933946,0.3286865,0.4453072,-4.99575
266.1972,-51.58921,0.2013822,0.3232413,0.4488047,-4.995799
266.2234,-51.07624,0.2101045,0.3174481,0.452515,-4.995835
266.2497,-50.52754,0.2195253,0.3112923,0.4564497,-4.995858
266.2756,-49.93649,0.2295287,0.3048127,0.4605867,-4.995865
266.3016,-49.29615,0.2406131,0.2979144,0.4649908,-4.995856
266.3276,-48.59724,0.2530905,0.2905505,0.4696971,-4.99583
266.3536,-47.818,0.2670342,0.2826773,0.4747403,-4.995785
266.3789,-46.95769,0.2820809,0.2744981,0.4799986,-4.99572
266.4041,-45.98255,0.2994084,0.2656875,0.4856915,-4.995633
266.4293,-44.86421,0.3197255,0.256133,0.4919088,-4.995519
266.4545,-43.54584,0.3434762,0.2457206,0.4987492,-4.995374
266.4787,-42.02985,0.369956,0.2348333,0.5059909,-4.995202
266.5028,-40.21372,0.4017806,0.2228126,0.5141128,-4.99499
266.5269,-38.02013,0.440414,0.2094558,0.5233482,-4.994729
266.551,-35.32991,0.486777,0.1946212,0.5339572,-4.99441
266.5751,-32.06205,0.5418475,0.1782558,0.546217,-4.99402
266.5992,-28.15793,0.6059373,0.1604908,0.5605797,-4.993543
266.6233,-23.76113,0.6761792,0.1418783,0.5772842,-4.992966
266.6474,-19.34767,0.7467819,0.1233859,0.5962211,-4.992282
266.6609,-17.12355,0.7836595,0.1134626,0.6076869,-4.991852
266.6745,-15.24922,0.8166389,0.1040517,0.6194986,-4.991394
266.6881,-13.84174,0.8447291,0.09525044,0.631427,-4.990914
266.7016,-12.99097,0.8675278,0.08711343,0.6432315,-4.990418
266.7152,-12.74745,0.8850453,0.0796615,0.6546645,-4.989915
266.7288,-13.09882,0.8975174,0.0728957,0.6654923,-4.989413
266.7423,-14.00443,0.9053205,0.06680501,0.6755252,-4.98892
266.7559,-15.40273,0.9088302,0.06137279,0.6846248,-4.988442
266.7705,-17.36472,0.9079785,0.05623483,0.6932775,-4.987952
266.7851,-19.69688,0.9027441,0.05181155,0.7006652,-4.987493
266.7998,-22.30119,0.8933114,0.04807508,0.7067711,-4.987071
266.8144,-25.07391,0.879052,0.04501944,0.7116041,-4.986687
266.8296,-28.03588,0.8584793,0.04255938,0.7153168,-4.986334
266.8447,-31.02798,0.8319962,0.04078865,0.7177795,-4.986025
266.8599,-33.99992,0.7992893,0.03968372,0.7190728,-4.985762
266.8751,-36.91639,0.7600537,0.0392233,0.7192812,-4.985544
266.8879,-39.32796,0.7217962,0.03931972,0.718676,-4.985393
266.9007,-41.67957,0.6790455,0.03984995,0.7174053,-4.985273
266.9136,-43.96389,0.6320824,0.04080669,0.7155147,-4.985183
266.9264,-46.1781,0.5817272,0.04218092,0.7130529,-4.985122
266.9393,-48.31835,0.5290704,0.04396566,0.7100669,-4.985088
266.9521,-50.37122,0.4749732,0.04616131,0.7065971,-4.985082
266.9649,-52.32306,0.4205971,0.04876519,0.7026866,-4.985101
266.9778,-54.16048,0.3674786,0.05177005,0.6983812,-4.985145
266.9914,-55.96461,0.314335,0.05537414,0.6934481,-4.985216
267.0049,-57.61203,0.2655586,0.05939923,0.6881785,-4.98531
267.0185,-59.09606,0.2221551,0.06382163,0.6826254,-4.985426
267.0321,-60.4166,0.1847077,0.06861209,0.6768395,-4.985561
267.0407,-61.17213,0.164094,0.07182661,0.6730699,-4.985655
267.0493,-61.86683,0.1458548,0.07516623,0.6692369,-4.985755
267.058,-62.50382,0.1298927,0.07862143,0.6653509,-4.985862
267.0666,-63.08636,0.116021,0.08218265,0.6614213,-4.985973
267.0752,-63.61798,0.1040092,0.08584036,0.6574569,-4.986089
267.0838,-64.10239,0.09371225,0.08958521,0.6534657,-4.98621
267.0924,-64.54314,0.08496117,0.09340815,0.6494549,-4.986335
267.101,-64.94352,0.07752818,0.09730053,0.645431,-4.986463
267.1098,-65.31092,0.07111519,0.101303,0.6413505,-4.986596
267.1185,-65.64335,0.06570786,0.10536,0.6372682,-4.986732
267.1272,-65.94367,0.06117887,0.1094637,0.6331891,-4.986871
267.1359,-66.21449,0.05736397,0.1136069,0.6291179,-4.987013
267.1444,-66.45106,0.05420854,0.1176537,0.6251835,-4.987152
267.1528,-66.66419,0.05153355,0.1217253,0.6212635,-4.987293
267.1613,-66.85572,0.04927484,0.1258164,0.6173609,-4.987436
267.1698,-67.02733,0.0473533,0.1299219,0.6134786,-4.98758
267.1787,-67.18866,0.04561325,0.1342696,0.6094017,-4.987734
267.1876,-67.3311,0.04414256,0.138623,0.6053526,-4.987889
267.1965,-67.45613,0.04290608,0.1429772,0.6013337,-4.988046
267.2055,-67.56512,0.04185778,0.1473279,0.5973471,-4.988203
267.2153,-67.66822,0.04087236,0.1521196,0.5929878,-4.988378
267.2252,-67.75476,0.04005344,0.156897,0.5886723,-4.988554
267.235,-67.8261,0.03938146,0.1616555,0.5844027,-4.98873
267.2449,-67.88344,0.03882736,0.1663908,0.5801806,-4.988907
267.2562,-67.93334,0.03830625,0.1717804,0.5754057,-4.98911
267.2675,-67.96781,0.03790153,0.1771294,0.5706973,-4.989314
267.2788,-67.98818,0.03760189,0.1824331,0.5660571,-4.989518
267.29,-67.99563,0.0373871,0.1876873,0.5614867,-4.989723
267.3034,-67.98921,0.03721968,0.1938406,0.5561658,-4.989965
267.3168,-67.96773,0.03714636,0.1999135,0.5509462,-4.990206
267.3301,-67.9326,0.03715998,0.2059014,0.5458295,-4.990447
267.3435,-67.88506,0.03724494,0.2117998,0.5408166,-4.990688
267.3599,-67.8115,0.03742774,0.218897,0.5348198,-4.990982
267.3763,-67.72275,0.03770009,0.2258489,0.5289815,-4.991274
267.3926,-67.62035,0.03805729,0.2326506,0.5233023,-4.991565
267.409,-67.50568,0.03848534,0.239298,0.5177828,-4.991854
267.4294,-67.34741,0.03909717,0.2473618,0.5111275,-4.992211
267.4498,-67.17398,0.03981002,0.2551762,0.5047197,-4.992565
267.4702,-66.9872,0.04062663,0.2627374,0.4985584,-4.992915
267.4906,-66.7886,0.04152311,0.2700429,0.4926422,-4.993261
267.5125,-66.56404,0.04253827,0.2775894,0.4865692,-4.993627
267.5344,-66.32892,0.04365631,0.2848389,0.4807731,-4.993988
267.5562,-66.08458,0.04489767,0.2917909,0.4752508,-4.994344
267.5781,-65.83212,0.04621165,0.2984457,0.4699989,-4.994694
267.598,-65.59605,0.04742983,0.3042465,0.4654498,-4.995008
267.6179,-65.3548,0.04872907,0.3098028,0.4611189,-4.995317
267.6379,-65.10905,0.05012654,0.3151159,0.4570031,-4.995622
267.6578,-64.8593,0.05158204,0.3201871,0.4530994,-4.995921
267.6768,-64.61741,0.05299324,0.3248079,0.4495649,-4.996202
267.6958,-64.37278,0.05447253,0.3292111,0.4462181,-4.996479
267.7149,-64.12582,0.05603286,0.3333985,0.443056,-4.99675
267.7339,-63.87683,0.057646,0.3373718,0.4400755,-4.997017
267.7536,-63.61733,0.05934025,0.3412599,0.4371795,-4.997289
267.7733,-63.35635,0.06110452,0.3449229,0.4344712,-4.997555
267.7929,-63.0942,0.06295446,0.348363,0.4319474,-4.997815
267.8126,-62.83108,0.06485914,0.3515825,0.4296043,-4.998071
267.833,-62.55788,0.0668538,0.3546849,0.4273659,-4.99833
267.8534,-62.28417,0.06892295,0.357556,0.4253134,-4.998584
267.8738,-62.0102,0.07108495,0.3601982,0.4234432,-4.998831
267.8941,-61.73604,0.07330449,0.3626143,0.4217511,-4.999073
267.9151,-61.45335,0.07561349,0.3648705,0.4201895,-4.999317
267.9361,-61.17081,0.07800165,0.3668921,0.4188087,-4.999555
267.9571,-60.88864,0.08048938,0.368682,0.4176046,-4.999786
267.9781,-60.60674,0.08303834,0.3702432,0.4165727,-5.000012
267.9999,-60.31473,0.08570232,0.3716231,0.4156805,-5.00024
268.0216,-60.02321,0.08845285,0.3727636,0.4149644,-5.000461
268.0434,-59.73231,0.09131329,0.3736677,0.4144201,-5.000676
268.0652,-59.44177,0.09424155,0.3743387,0.4140429,-5.000884
268.0878,-59.13947,0.09731358,0.3747931,0.4138229,-5.001094
268.1105,-58.83755,0.1004846,0.3750018,0.4137745,-5.001298
268.1331,-58.53608,0.1037822,0.3749678,0.4138936,-5.001494
268.1557,-58.23452,0.1071598,0.3746949,0.4141751,-5.001683
268.1793,-57.91979,0.1107092,0.3741607,0.414636,-5.001873
268.2029,-57.60471,0.1143787,0.373374,0.4152642,-5.002056
268.2265,-57.28927,0.1182023,0.3723375,0.4160558,-5.002231
268.25,-56.97257,0.1221279,0.3710549,0.4170062,-5.002399
268.2745,-56.64096,0.1262577,0.3694653,0.4181573,-5.002565
268.299,-56.30735,0.1305441,0.3676154,0.4194725,-5.002723
268.3235,-55.9716,0.1350316,0.3655067,0.4209489,-5.002873
268.348,-55.63219,0.1396618,0.3631426,0.4225826,-5.003014
268.3734,-55.27548,0.1445363,0.3604328,0.4244336,-5.003151
268.3987,-54.91359,0.149633,0.3574518,0.4264489,-5.00328
268.424,-54.54607,0.1550133,0.3541986,0.4286279,-5.003399
268.4494,-54.17031,0.1606143,0.3506748,0.4309686,-5.003508
268.4753,-53.77359,0.1665143,0.3467849,0.4335331,-5.00361
268.5013,-53.36564,0.172758,0.3426047,0.4362704,-5.003702
268.5272,-52.94522,0.1794388,0.3381276,0.4391846,-5.003783
268.5532,-52.50763,0.1864951,0.3333503,0.4422781,-5.003853
268.5794,-52.0423,0.193942,0.3282151,0.4455884,-5.003912
268.6056,-51.55364,0.2019714,0.3227497,0.4490987,-5.003958
268.6319,-51.03834,0.2107429,0.3169349,0.4528229,-5.003991
268.6581,-50.48684,0.2202215,0.3107557,0.4567728,-5.00401
268.6841,-49.89258,0.2302882,0.304253,0.4609251,-5.004014
268.7101,-49.24835,0.241449,0.2973291,0.4653464,-5.004002
268.736,-48.54469,0.2540199,0.2899366,0.4700724,-5.003972
268.762,-47.75951,0.2680778,0.2820309,0.4751384,-5.003923
268.7872,-46.89215,0.2832537,0.2738184,0.4804207,-5.003855
268.8124,-45.90816,0.3007428,0.2649688,0.4861422,-5.003764
268.8377,-44.77862,0.3212645,0.2553682,0.4923941,-5.003646
268.8629,-43.44573,0.3452727,0.2449007,0.4992771,-5.003497
268.887,-41.91184,0.3720584,0.2339515,0.5065686,-5.00332
268.9111,-40.07266,0.4042684,0.2218571,0.5147529,-5.003104
268.9352,-37.8501,0.4433735,0.2084151,0.5240666,-5.002837
268.9593,-35.12507,0.4902819,0.193489,0.5347731,-5.002512
268.9834,-31.81079,0.5460941,0.1769941,0.5471833,-5.002114
269.0076,-27.86204,0.6108401,0.1591263,0.5617252,-5.001628
269.0317,-23.43791,0.6814135,0.1404674,0.5786235,-5.00104
269.0558,-19.04031,0.7518222,0.122003,0.597738,-5.000345
269.0692,-16.88103,0.7878396,0.1122589,0.6091204,-4.999915
269.0826,-15.07857,0.8199141,0.1030285,0.620815,-4.999459
269.096,-13.74283,0.8471392,0.09440087,0.6325971,-4.998982
269.1094,-12.95658,0.869175,0.08642504,0.6442337,-4.99849
269.1228,-12.7641,0.8860669,0.07911873,0.6554871,-4.997992
269.1362,-13.15057,0.8980602,0.07248164,0.666135,-4.997495
269.1496,-14.07492,0.9055259,0.06650242,0.6759973,-4.997007
269.163,-15.4763,0.9088169,0.06116497,0.6849425,-4.996535
269.1779,-17.48111,0.9077436,0.05599272,0.6936528,-4.996039
269.1927,-19.86058,0.902179,0.05155264,0.701063,-4.995575
269.2075,-22.51354,0.8923156,0.04781558,0.7071581,-4.995148
269.2223,-25.33258,0.8774685,0.04477605,0.7119494,-4.994762
269.2374,-28.28902,0.856475,0.04238364,0.7155415,-4.994412
269.2526,-31.27069,0.8295718,0.04067433,0.7178981,-4.994107
269.2677,-34.22894,0.7964464,0.03962495,0.7190993,-4.993847
269.2828,-37.13033,0.7568298,0.03921407,0.7192292,-4.993632
269.2955,-39.50527,0.7187058,0.03934446,0.7185774,-4.993484
269.3081,-41.82145,0.6762307,0.03989653,0.717281,-4.993367
269.3208,-44.07196,0.6296926,0.04086339,0.7153838,-4.993278
269.3335,-46.25395,0.5798862,0.04223659,0.7129323,-4.993218
269.3462,-48.36349,0.5278616,0.04400961,0.7099716,-4.993185
269.3588,-50.3877,0.4744624,0.04618271,0.7065408,-4.993178
269.3715,-52.31345,0.420813,0.04875323,0.702681,-4.993196
269.3842,-54.12784,0.368383,0.05171429,0.6984366,-4.993238
269.3978,-55.93855,0.3150555,0.05532079,0.693497,-4.993308
269.4114,-57.59193,0.2660991,0.05935066,0.6882185,-4.993401
269.425,-59.08114,0.2225306,0.06378008,0.6826545,-4.993515
269.4387,-60.40603,0.1849446,0.06857965,0.6768561,-4.993649
269.4473,-61.16434,0.1642473,0.07180296,0.6730755,-4.993743
269.4559,-61.86143,0.1459397,0.0751522,0.6692311,-4.993843
269.4646,-62.50042,0.1299241,0.07861776,0.6653332,-4.993949
269.4732,-63.08464,0.1160118,0.08218999,0.6613916,-4.99406
269.4819,-63.61762,0.1039697,0.08585926,0.6574149,-4.994176
269.4905,-64.10311,0.09365213,0.08961614,0.6534112,-4.994296
269.4992,-64.54471,0.08488865,0.09345151,0.6493879,-4.994421
269.5078,-64.94572,0.07744919,0.09735661,0.6453516,-4.994549
269.5165,-65.31237,0.07105397,0.1013583,0.6412726,-4.994681
269.5253,-65.64411,0.06566138,0.1054143,0.6371919,-4.994817
269.534,-65.9438,0.06114444,0.1095168,0.6331146,-4.994955
269.5427,-66.21404,0.05733943,0.1136587,0.6290451,-4.995096
269.5512,-66.45022,0.05419035,0.1177064,0.6251102,-4.995234
269.5596,-66.66298,0.05152078,0.1217788,0.6211898,-4.995374
269.5681,-66.85416,0.04926673,0.1258707,0.6172869,-4.995517
269.5765,-67.02543,0.04734919,0.1299768,0.6134043,-4.99566
269.5855,-67.18644,0.04561249,0.1343259,0.6093264,-4.995814
269.5944,-67.32857,0.04414474,0.1386806,0.6052764,-4.995968
269.6033,-67.4533,0.04291085,0.1430361,0.6012566,-4.996124
269.6123,-67.56198,0.04186487,0.1473879,0.5972692,-4.996281
269.6221,-67.66478,0.04088157,0.1521816,0.5929083,-4.996455
269.632,-67.75101,0.04006461,0.1569608,0.5885914,-4.99663
269.6419,-67.82204,0.03939445,0.161721,0.5843204,-4.996806
269.6517,-67.87909,0.03884207,0.166458,0.580097,-4.996982
269.663,-67.92865,0.03832274,0.1718502,0.57532,-4.997184
269.6743,-67.96277,0.03791976,0.1772017,0.5706096,-4.997388
269.6856,-67.9828,0.03762182,0.1825076,0.5659676,-4.997591
269.6969,-67.9899,0.03740872,0.1877639,0.5613955,-4.997794
269.7103,-67.98307,0.03724327,0.1939206,0.5560718,-4.998035
269.7237,-67.96117,0.03717196,0.1999967,0.5508496,-4.998276
269.7371,-67.92561,0.03718764,0.2059874,0.5457306,-4.998516
269.7504,-67.87764,0.0372747,0.2118883,0.5407157,-4.998756
269.7668,-67.80354,0.03746021,0.2189899,0.5347154,-4.999049
269.7832,-67.71422,0.0377354,0.2259457,0.528874,-4.99934
269.7996,-67.61126,0.03809557,0.2327506,0.5231922,-4.99963
269.816,-67.49602,0.03852673,0.2394009,0.5176705,-4.999918
269.8364,-67.33705,0.03914247,0.2474668,0.5110137,-5.000273
269.8569,-67.16293,0.03985947,0.2552825,0.504605,-5.000626
269.8773,-66.97544,0.04068057,0.2628444,0.4984434,-5.000974
269.8977,-66.77615,0.0415817,0.2701497,0.4925276,-5.001319
269.9196,-66.55118,0.04260034,0.2776847,0.4864642,-5.001683
269.9415,-66.3157,0.04372191,0.2849226,0.4806775,-5.002042
269.9633,-66.07102,0.04496691,0.2918631,0.4751646,-5.002396
269.9852,-65.81826,0.04628454,0.2985065,0.4699219,-5.002744
270.0051,-65.58197,0.04750579,0.3042958,0.465382,-5.003056
270.025,-65.34055,0.04880808,0.3098407,0.4610601,-5.003363
270.0449,-65.09463,0.05020854,0.3151426,0.4569531,-5.003665
270.0648,-64.84474,0.05166708,0.3202029,0.453058,-5.003963
270.0839,-64.60256,0.05308226,0.3248164,0.4495292,-5.004242
270.1029,-64.35765,0.0545656,0.3292123,0.4461881,-5.004517
270.1219,-64.11043,0.0561301,0.3333922,0.4430317,-5.004787
270.141,-63.86118,0.0577475,0.3373579,0.4400571,-5.005052
270.1607,-63.60138,0.05944653,0.3412387,0.4371667,-5.005322
270.1804,-63.3401,0.06121573,0.3448943,0.4344642,-5.005586
270.2001,-63.07766,0.06307079,0.3483267,0.4319461,-5.005845
270.2198,-62.81426,0.0649807,0.3515384,0.429609,-5.006099
270.2401,-62.5408,0.06698071,0.3546323,0.4273769,-5.006356
270.2605,-62.26683,0.06905534,0.3574947,0.4253309,-5.006607
270.2809,-61.99261,0.071223,0.360128,0.4234671,-5.006853
270.3013,-61.71821,0.07344834,0.3625352,0.4217816,-5.007093
270.3223,-61.43526,0.07576351,0.364782,0.4202267,-5.007335
270.3433,-61.15246,0.078158,0.3667941,0.4188528,-5.007571
270.3643,-60.87004,0.08065229,0.3685743,0.4176555,-5.007801
270.3853,-60.58789,0.08320795,0.3701257,0.4166306,-5.008024
270.4071,-60.2956,0.08587916,0.3714953,0.4157456,-5.00825
270.4289,-60.00381,0.08863716,0.3726253,0.4150368,-5.008469
270.4506,-59.71264,0.09150534,0.3735186,0.4144998,-5.008682
270.4724,-59.42182,0.09444156,0.3741787,0.41413,-5.008888
270.4951,-59.11921,0.09752213,0.3746216,0.4139178,-5.009096
270.5177,-58.81698,0.100702,0.3748185,0.4138774,-5.009297
270.5404,-58.51519,0.104009,0.3747724,0.4140043,-5.009491
270.563,-58.2133,0.1073961,0.3744872,0.4142939,-5.009679
270.5866,-57.8982,0.1109559,0.37394,0.4147632,-5.009867
270.6102,-57.58274,0.1146362,0.37314,0.4154,-5.010047
270.6338,-57.2669,0.1184713,0.3720899,0.4162002,-5.01022
270.6574,-56.94977,0.122409,0.3707935,0.4171592,-5.010385
270.6819,-56.61767,0.1265517,0.3691894,0.4183195,-5.010549
270.7064,-56.28355,0.1308519,0.3673245,0.419644,-5.010704
270.7309,-55.94725,0.1353543,0.3652006,0.4211297,-5.010851
270.7554,-55.60722,0.1400004,0.362821,0.422773,-5.01099
270.7808,-55.24984,0.144892,0.360095,0.4246339,-5.011125
270.8061,-54.88721,0.1500073,0.3570973,0.4266594,-5.011251
270.8315,-54.51885,0.1554083,0.3538271,0.4288487,-5.011367
270.8568,-54.14216,0.1610318,0.3502857,0.4312001,-5.011474
270.8828,-53.7444,0.166956,0.3463779,0.4337755,-5.011573
270.9088,-53.33526,0.1732269,0.3421791,0.4365242,-5.011662
270.9347,-52.91349,0.1799387,0.3376827,0.4394504,-5.01174
270.9607,-52.47432,0.18703,0.3328851,0.4425564,-5.011807
270.9869,-52.00722,0.1945145,0.3277299,0.4458792,-5.011863
271.0131,-51.51648,0.2025877,0.3222431,0.449403,-5.011906
271.0393,-50.99874,0.211411,0.3164055,0.4531418,-5.011936
271.0656,-50.44429,0.2209502,0.3102016,0.4571077,-5.011952
271.0915,-49.84665,0.2310834,0.3036745,0.4612761,-5.011953
271.1175,-49.19833,0.2423245,0.2967238,0.4657155,-5.011938
271.1435,-48.48966,0.2549939,0.289301,0.4704622,-5.011904
271.1695,-47.6982,0.269172,0.281361,0.4755522,-5.011852
271.1947,-46.8234,0.2844843,0.2731133,0.4808597,-5.01178
271.2199,-45.83005,0.302144,0.2642227,0.4866113,-5.011685
271.2451,-44.68866,0.3228816,0.2545734,0.4928998,-5.011563
271.2702,-43.3404,0.3471619,0.2440479,0.4998278,-5.01141
271.2943,-41.78753,0.3742713,0.2330333,0.507172,-5.011229
271.3184,-39.92394,0.4068885,0.2208609,0.5154223,-5.011007
271.3425,-37.67073,0.4464911,0.2073293,0.524819,-5.010735
271.3666,-34.90904,0.4939718,0.1923073,0.5356285,-5.010403
271.3908,-31.54558,0.5505676,0.1756755,0.5481997,-5.009997
271.415,-27.55044,0.6159943,0.1577007,0.5629326,-5.009501
271.4391,-23.09957,0.6868896,0.138996,0.580036,-5.008902
271.4633,-18.72217,0.7570559,0.1205643,0.5993361,-5.008196
271.4766,-16.63044,0.7921897,0.1110002,0.6106367,-5.007766
271.4898,-14.90267,0.823338,0.1019512,0.6222151,-5.007311
271.5031,-13.64159,0.8496776,0.09349821,0.6338513,-5.006837
271.5163,-12.92292,0.8709299,0.08568485,0.6453197,-5.006349
271.5295,-12.78472,0.8871741,0.07852588,0.6563924,-5.005855
271.5428,-13.20973,0.8986644,0.07201969,0.6668581,-5.005364
271.556,-14.15631,0.9057665,0.06615458,0.6765462,-5.004882
271.5693,-15.56421,0.9088104,0.06091499,0.6853322,-5.004415
271.5843,-17.62029,0.9074617,0.05570483,0.6941059,-5.003912
271.5994,-20.05592,0.9014939,0.05124747,0.7015378,-5.003442
271.6144,-22.76625,0.8911087,0.0475122,0.7076154,-5.003011
271.6295,-25.63946,0.8755506,0.04449419,0.7123528,-5.002622
271.6445,-28.58932,0.8540529,0.04218101,0.7158037,-5.002277
271.6596,-31.55879,0.8266458,0.04054378,0.7180359,-5.001976
271.6747,-34.50118,0.7930189,0.03955971,0.7191288,-5.00172
271.6897,-37.38511,0.7529452,0.03920729,0.7191662,-5.001508
271.7022,-39.70965,0.7151123,0.03937581,0.7184639,-5.001366
271.7146,-41.97723,0.6731198,0.03994942,0.717145,-5.001252
271.7271,-44.18147,0.6272606,0.04092171,0.7152508,-5.001165
271.7395,-46.31949,0.5782897,0.04228494,0.712825,-5.001106
271.7519,-48.38737,0.5271976,0.04403317,0.70991,-5.001073
271.7644,-50.373,0.4747984,0.04616647,0.7065428,-5.001066
271.7768,-52.264,0.4221613,0.04868229,0.7027626,-5.001082
271.7892,-54.04812,0.3706659,0.05157426,0.6986108,-5.001121
271.8029,-55.87076,0.3170171,0.05517571,0.6936695,-5.001189
271.8166,-57.53542,0.26772,0.05920414,0.6883848,-5.001281
271.8302,-59.03491,0.2238139,0.06363574,0.6828108,-5.001394
271.8439,-60.3689,0.1859195,0.06844096,0.6769992,-5.001527
271.8526,-61.13578,0.1649578,0.07168514,0.6731909,-5.00162
271.8613,-61.84034,0.1464282,0.07505764,0.6693173,-5.00172
271.87,-62.48576,0.1302323,0.0785486,0.665389,-5.001826
271.8788,-63.07545,0.1161774,0.08214814,0.6614161,-5.001937
271.8875,-63.61301,0.1040238,0.0858464,0.6574074,-5.002054
271.8962,-64.10231,0.09362358,0.0896337,0.6533714,-5.002174
271.9049,-64.54701,0.084803,0.0935007,0.6493154,-5.002299
271.9136,-64.95051,0.07732543,0.09743844,0.6452463,-5.002427
271.9223,-65.31604,0.07095703,0.1014382,0.6411703,-5.002559
271.9311,-65.64676,0.06558652,0.1054919,0.6370928,-5.002694
271.9398,-65.94554,0.06108747,0.109592,0.6330188,-5.002831
271.9485,-66.21496,0.05729704,0.1137312,0.6289527,-5.002971
271.9569,-66.45065,0.05415674,0.1177802,0.6250171,-5.003109
271.9654,-66.66294,0.0514947,0.1218538,0.6210961,-5.003249
271.9739,-66.85367,0.04924707,0.1259467,0.6171928,-5.00339
271.9823,-67.02451,0.04733504,0.1300538,0.6133097,-5.003533
271.9913,-67.18512,0.04560301,0.1344048,0.6092306,-5.003686
272.0002,-67.32685,0.04413933,0.1387612,0.6051794,-5.00384
272.0092,-67.4512,0.042909,0.1431182,0.6011586,-5.003995
272.0181,-67.55952,0.04186615,0.1474715,0.5971702,-5.004151
272.028,-67.66193,0.04088573,0.1522679,0.5928073,-5.004325
272.0378,-67.7478,0.04007138,0.1570497,0.5884885,-5.004499
272.0477,-67.81846,0.0394036,0.1618122,0.5842157,-5.004674
272.0576,-67.87514,0.03885344,0.1665514,0.5799907,-5.00485
272.0689,-67.92429,0.03833639,0.1719471,0.575211,-5.005052
272.0802,-67.95801,0.0379356,0.1773018,0.570498,-5.005254
272.0915,-67.97762,0.03763979,0.1826109,0.5658536,-5.005457
272.1028,-67.98432,0.03742876,0.1878699,0.5612793,-5.005659
272.1162,-67.97699,0.03726571,0.1940312,0.555952,-5.0059
272.1296,-67.9546,0.03719682,0.2001115,0.5507266,-5.00614
272.143,-67.91854,0.03721495,0.206106,0.5456045,-5.006379
272.1564,-67.87007,0.03730451,0.2120104,0.540587,-5.006618
272.1728,-67.79532,0.03749319,0.2191177,0.5345823,-5.00691
272.1893,-67.70536,0.03777169,0.2260784,0.5287369,-5.0072
272.2057,-67.60174,0.03813532,0.2328878,0.5230518,-5.007489
272.2221,-67.48584,0.03857006,0.2395419,0.5175274,-5.007776
272.2426,-67.32606,0.03919029,0.2476106,0.5108686,-5.00813
272.263,-67.15113,0.03991202,0.2554283,0.5044587,-5.008481
272.2835,-66.96285,0.04073822,0.2629913,0.4982967,-5.008828
272.3039,-66.76276,0.04164464,0.2702968,0.4923811,-5.009172
272.3258,-66.53736,0.04266707,0.2778182,0.4863292,-5.009534
272.3477,-66.30148,0.04379244,0.2850425,0.4805538,-5.009891
272.3695,-66.05646,0.04504134,0.2919696,0.4750519,-5.010242
272.3914,-65.80337,0.04636287,0.2985997,0.4698201,-5.010588
272.4113,-65.56689,0.04758733,0.3043756,0.465291,-5.010898
272.4312,-65.32529,0.04889279,0.3099075,0.4609796,-5.011203
272.4511,-65.07922,0.05029634,0.3151964,0.4568829,-5.011504
272.471,-64.8292,0.05175799,0.3202441,0.4529978,-5.011799
272.49,-64.58671,0.0531774,0.3248495,0.4494755,-5.012076
272.5091,-64.34152,0.05466505,0.329237,0.4461409,-5.01235
272.5281,-64.09402,0.05623396,0.3334085,0.4429912,-5.012618
272.5471,-63.84451,0.05785587,0.3373657,0.4400233,-5.012881
272.5668,-63.58438,0.05956,0.3412384,0.4371391,-5.013149
272.5866,-63.32279,0.06133445,0.3448856,0.4344431,-5.013412
272.6063,-63.06005,0.06319493,0.3483096,0.4319316,-5.013669
272.626,-62.79636,0.0651104,0.3515125,0.4296011,-5.013921
272.6464,-62.52263,0.06711605,0.3545969,0.4273761,-5.014176
272.6668,-62.24839,0.06919647,0.3574497,0.4253374,-5.014426
272.6871,-61.97392,0.0713701,0.3600733,0.4234809,-5.01467
272.7075,-61.69928,0.07360153,0.3624705,0.4218027,-5.014908
272.7286,-61.41605,0.07592319,0.364707,0.4202553,-5.015148
272.7496,-61.133,0.07832435,0.3667087,0.4188889,-5.015382
272.7706,-60.85032,0.08082553,0.3684782,0.4176993,-5.01561
272.7916,-60.56792,0.08338823,0.3700188,0.4166821,-5.015831
272.8134,-60.27535,0.08606704,0.3713771,0.4158051,-5.016055
272.8352,-59.98327,0.08883287,0.3724956,0.4151043,-5.016272
272.857,-59.69181,0.09170919,0.3733771,0.4145754,-5.016483
272.8788,-59.40071,0.09465377,0.3740253,0.4142138,-5.016687
272.9014,-59.09779,0.09774331,0.3744555,0.4140101,-5.016893
272.9241,-58.79523,0.1009325,0.3746395,0.4139782,-5.017092
272.9468,-58.49311,0.1042492,0.3745804,0.4141139,-5.017284
272.9694,-58.19089,0.1076465,0.3742818,0.4144122,-5.017469
272.993,-57.8754,0.111217,0.3737205,0.4148907,-5.017655
273.0166,-57.55954,0.1149087,0.3729061,0.4155367,-5.017833
273.0402,-57.24329,0.1187559,0.3718413,0.4163463,-5.018003
273.0638,-56.92571,0.1227062,0.3705299,0.4173148,-5.018166
273.0884,-56.59312,0.1268625,0.3689101,0.4184849,-5.018327
273.1129,-56.25846,0.1311772,0.3670291,0.4198194,-5.018481
273.1374,-55.92158,0.1356953,0.3648888,0.4213153,-5.018625
273.162,-55.58091,0.1403582,0.3624924,0.4229689,-5.018762
273.1873,-55.22283,0.1452677,0.359749,0.4248405,-5.018894
273.2127,-54.85941,0.1504026,0.3567335,0.4268768,-5.019017
273.238,-54.49018,0.1558253,0.353445,0.4290773,-5.019131
273.2634,-54.1125,0.1614726,0.3498848,0.4314402,-5.019235
273.2894,-53.71365,0.1674223,0.3459578,0.4340273,-5.019332
273.3153,-53.30325,0.1737218,0.3417392,0.436788,-5.019418
273.3413,-52.88006,0.1804663,0.337222,0.4397269,-5.019493
273.3673,-52.43921,0.1875945,0.3324029,0.4428462,-5.019557
273.3935,-51.97026,0.1951189,0.3272262,0.4461825,-5.01961
273.4197,-51.47732,0.2032384,0.3217167,0.4497205,-5.01965
273.4459,-50.95698,0.2121166,0.3158547,0.4534749,-5.019677
273.4722,-50.3994,0.22172,0.3096246,0.4574578,-5.01969
273.4981,-49.79818,0.2319237,0.3030716,0.4616433,-5.019687
273.5241,-49.14549,0.24325,0.2960923,0.4661019,-5.019669
273.5501,-48.4315,0.2560241,0.2886373,0.4708706,-5.019632
273.576,-47.63334,0.2703302,0.2806607,0.4759862,-5.019576
273.6012,-46.7506,0.2857876,0.2723757,0.4813206,-5.019501
273.6264,-45.74726,0.3036291,0.2634413,0.4871042,-5.019402
273.6516,-44.59319,0.3245971,0.2537401,0.4934317,-5.019276
273.6767,-43.2285,0.3491675,0.2431528,0.5004075,-5.019118
273.7008,-41.65533,0.3766226,0.2320683,0.5078081,-5.018932
273.7249,-39.76561,0.4096745,0.2198128,0.5161289,-5.018705
273.7489,-37.47967,0.4498066,0.206186,0.5256143,-5.018428
273.773,-34.679,0.4978934,0.1910629,0.536534,-5.018089
273.7972,-31.26292,0.5553251,0.1742847,0.5492792,-5.017674
273.8215,-27.21916,0.621464,0.1561974,0.5642177,-5.017167
273.8457,-22.74223,0.6926706,0.1374473,0.5815405,-5.016556
273.8699,-18.39026,0.762537,0.1190536,0.6010366,-5.015839
273.883,-16.3697,0.7967545,0.109672,0.6122562,-5.015409
273.8961,-14.72039,0.8269459,0.1008066,0.6237186,-5.014956
273.9092,-13.53782,0.8523709,0.09253059,0.6352081,-5.014484
273.9223,-12.89064,0.8728113,0.08488229,0.6465066,-5.014
273.9354,-12.81075,0.8883788,0.0778736,0.657396,-5.013511
273.9485,-13.27832,0.8993361,0.07150161,0.6676754,-5.013025
273.9616,-14.25108,0.9060431,0.06575429,0.6771842,-5.012548
273.9747,-15.66925,0.9088074,0.06061658,0.6858046,-5.012088
273.99,-17.78743,0.9071155,0.05536289,0.6946506,-5.011576
274.0053,-20.29069,0.9006493,0.05088694,0.7021044,-5.0111
274.0206,-23.06972,0.8896237,0.04715605,0.7081564,-5.010664
274.0359,-26.0074,0.8731918,0.04416629,0.7128246,-5.010272
274.0509,-28.94912,0.8510834,0.04194673,0.7161089,-5.009932
274.066,-31.90408,0.8230665,0.04039481,0.718194,-5.009637
274.081,-34.8278,0.7888339,0.03948818,0.7191588,-5.009386
274.096,-37.69127,0.748208,0.03920528,0.7190864,-5.009179
274.108,-39.93822,0.7110488,0.03941449,0.7183349,-5.009043
274.1201,-42.13123,0.6700141,0.04000348,0.7170081,-5.008933
274.1321,-44.26467,0.6253936,0.04096645,0.7151436,-5.00885
274.1442,-46.33572,0.5778731,0.04229664,0.7127811,-5.008793
274.1563,-48.34059,0.528346,0.04398884,0.7099588,-5.00876
274.1683,-50.26844,0.47757,0.04604291,0.7067107,-5.00875
274.1804,-52.10807,0.426524,0.04845652,0.7030725,-5.008764
274.1924,-53.84832,0.376452,0.05122412,0.6990819,-5.008799
274.2062,-55.69541,0.3221727,0.05479908,0.6941541,-5.008863
274.2199,-57.38399,0.2721572,0.05880734,0.6888739,-5.008952
274.2336,-58.90613,0.2274936,0.06322537,0.6832965,-5.009063
274.2474,-60.26088,0.188869,0.06802364,0.6774744,-5.009193
274.2563,-61.05006,0.1672052,0.07131225,0.6736034,-5.009287
274.2651,-61.77422,0.1480769,0.07473518,0.6696632,-5.009388
274.274,-62.43668,0.1313866,0.07828202,0.6656654,-5.009495
274.2829,-63.04099,0.1169322,0.08194234,0.6616204,-5.009607
274.2918,-63.59098,0.1044596,0.08570567,0.6575378,-5.009724
274.3007,-64.09072,0.09381554,0.08956178,0.6534266,-5.009847
274.3095,-64.5441,0.08481821,0.09350077,0.6492945,-5.009973
274.3184,-64.95472,0.07721475,0.09751317,0.6451487,-5.010103
274.3271,-65.31902,0.07087377,0.1015089,0.6410778,-5.010234
274.3358,-65.64866,0.06552542,0.1055583,0.6370054,-5.010368
274.3445,-65.94648,0.06104389,0.1096538,0.6329366,-5.010505
274.3533,-66.21504,0.05726743,0.1137882,0.6288758,-5.010644
274.3617,-66.45034,0.05413377,0.1178385,0.6249394,-5.010781
274.3702,-66.66225,0.05147746,0.1219134,0.6210177,-5.01092
274.3786,-66.85261,0.04923477,0.1260074,0.6171137,-5.011061
274.3871,-67.0231,0.04732702,0.1301155,0.6132301,-5.011204
274.3961,-67.18336,0.04559878,0.1344679,0.60915,-5.011356
274.405,-67.32476,0.04413841,0.1388256,0.6050979,-5.011509
274.4139,-67.44878,0.04291097,0.1431838,0.6010763,-5.011663
274.4229,-67.55678,0.04187069,0.1475382,0.5970872,-5.011819
274.4328,-67.65887,0.04089261,0.1523367,0.5927227,-5.011992
274.4427,-67.74441,0.04008039,0.1571205,0.5884023,-5.012165
274.4525,-67.81475,0.03941459,0.161885,0.584128,-5.01234
274.4624,-67.87111,0.03886627,0.1666259,0.5799017,-5.012515
274.4737,-67.91991,0.03835114,0.1720244,0.5751197,-5.012716
274.4851,-67.95327,0.0379522,0.1773818,0.5704047,-5.012918
274.4964,-67.97253,0.0376582,0.1826933,0.5657584,-5.01312
274.5077,-67.97887,0.03744895,0.1879546,0.5611823,-5.013322
274.5211,-67.97111,0.03728797,0.1941196,0.5558519,-5.013561
274.5345,-67.94828,0.03722118,0.2002033,0.5506238,-5.0138
274.5479,-67.91179,0.03724145,0.2062009,0.5454993,-5.014039
274.5613,-67.86287,0.03733319,0.2121081,0.5404796,-5.014277
274.5778,-67.78757,0.03752467,0.2192201,0.5344711,-5.014568
274.5942,-67.69702,0.03780609,0.226185,0.5286225,-5.014857
274.6107,-67.59282,0.03817278,0.232998,0.5229347,-5.015145
274.6271,-67.47634,0.03861071,0.239655,0.5174079,-5.01543
274.6476,-67.31585,0.03923492,0.247726,0.5107475,-5.015784
274.6681,-67.14021,0.03996088,0.2555452,0.5043368,-5.016133
274.6886,-66.95122,0.04079166,0.2631088,0.4981745,-5.016479
274.7091,-66.75042,0.0417028,0.2704143,0.4922593,-5.016821
274.7309,-66.52462,0.04272868,0.2779236,0.4862174,-5.017181
274.7528,-66.28839,0.04385754,0.285136,0.4804519,-5.017536
274.7747,-66.04304,0.04511002,0.2920512,0.4749596,-5.017885
274.7965,-65.78966,0.04643514,0.2986696,0.4697373,-5.01823
274.8164,-65.55298,0.0476626,0.3044338,0.4652177,-5.018538
274.8363,-65.31121,0.04897105,0.3099541,0.4609155,-5.018841
274.8562,-65.06499,0.05037752,0.3152318,0.4568277,-5.019139
274.8761,-64.81484,0.05184213,0.3202683,0.4529513,-5.019432
274.8951,-64.57207,0.05326547,0.3248664,0.4494348,-5.019708
274.9142,-64.3266,0.05475713,0.3292465,0.446106,-5.01998
274.9332,-64.07884,0.05633016,0.3334105,0.4429622,-5.020247
274.9522,-63.82908,0.05795627,0.3373601,0.4400002,-5.020508
274.972,-63.56865,0.05966514,0.3412254,0.4371217,-5.020774
274.9917,-63.30677,0.06144446,0.3448652,0.4344314,-5.021035
275.0114,-63.04375,0.06330999,0.3482814,0.4319257,-5.021291
275.0311,-62.77979,0.06523062,0.3514765,0.4296012,-5.021541
275.0515,-62.5058,0.06724153,0.3545523,0.4273827,-5.021795
275.0719,-62.23132,0.06932735,0.3573964,0.4253504,-5.022043
275.0923,-61.9566,0.07150655,0.3600111,0.4235005,-5.022285
275.1127,-61.68172,0.07374368,0.3623993,0.4218288,-5.022521
275.1337,-61.39825,0.07607141,0.3646265,0.4202883,-5.022759
275.1548,-61.11495,0.07847881,0.3666187,0.4189287,-5.022991
275.1758,-60.83202,0.08098643,0.3683786,0.417746,-5.023217
275.1968,-60.54938,0.08355573,0.3699092,0.4167357,-5.023437
275.2186,-60.25654,0.08624165,0.3712573,0.4158659,-5.023659
275.2404,-59.96419,0.08901482,0.3723653,0.4151725,-5.023874
275.2622,-59.67247,0.09189876,0.3732361,0.4146509,-5.024083
275.284,-59.3811,0.09485116,0.3738733,0.4142967,-5.024285
275.3067,-59.07788,0.0979491,0.374292,0.4141008,-5.024489
275.3294,-58.77502,0.101147,0.3744643,0.4140768,-5.024686
275.3521,-58.47258,0.1044729,0.3743931,0.4142203,-5.024876
275.3747,-58.17003,0.1078796,0.3740823,0.4145267,-5.025059
275.3984,-57.85419,0.1114603,0.3735081,0.4150136,-5.025242
275.422,-57.53796,0.1151627,0.3726804,0.415668,-5.025418
275.4456,-57.2213,0.1190212,0.3716022,0.4164862,-5.025586
275.4692,-56.9033,0.1229834,0.3702771,0.4174633,-5.025747
275.4938,-56.57024,0.1271524,0.3686428,0.4186426,-5.025906
275.5183,-56.23508,0.1314808,0.366747,0.4199862,-5.026057
275.5428,-55.89765,0.1360135,0.3645916,0.4214915,-5.026199
275.5674,-55.55638,0.1406922,0.3621798,0.4231545,-5.026333
275.5927,-55.19763,0.1456185,0.3594204,0.4250359,-5.026463
275.6181,-54.83347,0.1507719,0.3563884,0.4270823,-5.026583
275.6435,-54.46342,0.156215,0.3530829,0.4292931,-5.026695
275.6689,-54.08481,0.1618847,0.3495054,0.4316666,-5.026796
275.6948,-53.68492,0.1678583,0.3455607,0.4342645,-5.02689
275.7208,-53.27335,0.1741848,0.3413237,0.4370364,-5.026974
275.7468,-52.8488,0.1809601,0.3367874,0.4399871,-5.027046
275.7728,-52.40639,0.1881232,0.3319482,0.4431188,-5.027107
275.799,-51.93567,0.195685,0.3267516,0.4464675,-5.027157
275.8252,-51.44066,0.2038482,0.3212211,0.4500189,-5.027195
275.8514,-50.91787,0.212778,0.3153364,0.4537877,-5.027218
275.8777,-50.35734,0.222442,0.3090818,0.4577865,-5.027228
275.9036,-49.75272,0.2327123,0.3025047,0.4619881,-5.027223
275.9296,-49.09592,0.2441191,0.2954987,0.4664647,-5.027201
275.9555,-48.37689,0.256992,0.2880137,0.471254,-5.027161
275.9815,-47.57241,0.271419,0.2800029,0.4763935,-5.027101
276.0067,-46.68215,0.2870137,0.2716828,0.4817531,-5.027023
276.0318,-45.66936,0.3050271,0.2627074,0.487567,-5.02692
276.057,-44.50329,0.3262129,0.2529575,0.4939312,-5.02679
276.0821,-43.12303,0.3510579,0.2423122,0.5009521,-5.026628
276.1062,-41.53063,0.3788401,0.2311618,0.508406,-5.026438
276.1302,-39.61618,0.4123029,0.2188283,0.5167937,-5.026206
276.1543,-37.29932,0.452934,0.2051122,0.526363,-5.025923
276.1783,-34.46207,0.5015882,0.1898952,0.5373866,-5.025578
276.2026,-30.99627,0.5598073,0.1729793,0.5502982,-5.025154
276.2269,-26.90767,0.6266025,0.1547882,0.5654325,-5.024637
276.2512,-22.40891,0.6980698,0.1359993,0.5829623,-5.024016
276.2755,-18.08506,0.7676111,0.1176453,0.6026406,-5.023287
276.2884,-16.131,0.8009874,0.1084274,0.6137897,-5.022857
276.3014,-14.55485,0.8303029,0.09972662,0.6251496,-5.022404
276.3144,-13.44559,0.8548908,0.09160937,0.6365086,-5.021935
276.3273,-12.86557,0.8745853,0.08410961,0.6476552,-5.021454
276.3403,-12.84127,0.8895261,0.07723672,0.6583794,-5.020969
276.3532,-13.35048,0.8999827,0.07098668,0.6684902,-5.020488
276.3662,-14.35027,0.9063098,0.06534716,0.677835,-5.020016
276.3792,-15.7812,0.9087945,0.0603035,0.6863025,-5.01956
276.3948,-17.9663,0.9067236,0.05500411,0.6952241,-5.01904
276.4104,-20.5422,0.8997091,0.05050966,0.7026981,-5.018557
276.426,-23.39482,0.8879817,0.04678522,0.7087191,-5.018116
276.4416,-26.40112,0.870588,0.04382796,0.7133088,-5.017721
276.4565,-29.33364,0.8478208,0.04170693,0.7164182,-5.017388
276.4715,-32.27299,0.8191465,0.04024493,0.7183488,-5.017098
276.4864,-35.17699,0.7842633,0.03942007,0.7191788,-5.016853
276.5014,-38.01899,0.7430453,0.03921077,0.7189906,-5.01665
276.5128,-40.13648,0.707471,0.03945119,0.718215,-5.016524
276.5242,-42.20548,0.6684643,0.0400301,0.7169286,-5.016421
276.5355,-44.22144,0.6262898,0.04094257,0.7151635,-5.016342
276.5469,-46.18183,0.5815113,0.04218312,0.7129527,-5.016286
276.5583,-48.08331,0.534857,0.04374752,0.7103286,-5.016251
276.5697,-49.91718,0.4869746,0.04563538,0.7073199,-5.016238
276.5811,-51.67424,0.4386861,0.04784481,0.7039567,-5.016245
276.5925,-53.34511,0.3910207,0.0503716,0.7002709,-5.016272
276.6064,-55.24535,0.3354599,0.05386086,0.6954036,-5.01633
276.6202,-56.98757,0.2838737,0.05779526,0.6901641,-5.016412
276.6341,-58.56196,0.2374607,0.06215245,0.684609,-5.016518
276.6479,-59.96596,0.1970741,0.06690351,0.678793,-5.016644
276.6572,-60.80919,0.1736689,0.07027314,0.6747961,-5.016738
276.6664,-61.58119,0.1530319,0.0737913,0.6707204,-5.01684
276.6756,-62.28554,0.1350741,0.0774464,0.6665792,-5.016949
276.6849,-62.9261,0.1195777,0.08122671,0.6623844,-5.017064
276.6941,-63.50713,0.1062575,0.08512046,0.6581472,-5.017184
276.7033,-64.03324,0.09495073,0.0891161,0.6538775,-5.01731
276.7126,-64.5088,0.08545754,0.09320246,0.6495844,-5.01744
276.7218,-64.93787,0.07748645,0.09736886,0.645276,-5.017574
276.7305,-65.30303,0.07111175,0.1013583,0.6412094,-5.017704
276.7392,-65.63348,0.06573382,0.1054016,0.6371412,-5.017837
276.7479,-65.93207,0.0612265,0.1094912,0.6330763,-5.017973
276.7566,-66.20137,0.05742773,0.1136198,0.6290193,-5.018111
276.765,-66.43757,0.05427249,0.1176687,0.6250826,-5.018248
276.7735,-66.6503,0.05159807,0.1217423,0.6211605,-5.018387
276.782,-66.84142,0.04934026,0.1258353,0.6172559,-5.018527
276.7904,-67.01259,0.04741983,0.1299425,0.6133716,-5.018669
276.7994,-67.1734,0.04568149,0.1342909,0.6092937,-5.01882
276.8083,-67.31531,0.04421254,0.1386447,0.6052439,-5.018972
276.8173,-67.43981,0.04297782,0.1429993,0.6012243,-5.019126
276.8262,-67.54825,0.04193131,0.1473501,0.5972372,-5.019281
276.8361,-67.65078,0.04094759,0.1521433,0.592876,-5.019452
276.8459,-67.73674,0.04013053,0.1569221,0.5885588,-5.019625
276.8558,-67.80748,0.03946054,0.1616816,0.5842876,-5.019799
276.8657,-67.86422,0.03890857,0.1664178,0.5800642,-5.019973
276.877,-67.91343,0.03838989,0.1718096,0.5752868,-5.020173
276.8883,-67.94718,0.03798782,0.1771604,0.5705761,-5.020373
276.8996,-67.96681,0.03769101,0.1824656,0.5659339,-5.020574
276.9109,-67.97352,0.03747924,0.1877208,0.5613618,-5.020775
276.9243,-67.9662,0.03731555,0.1938775,0.5560371,-5.021013
276.9377,-67.94379,0.03724627,0.1999532,0.5508144,-5.02125
276.9511,-67.90772,0.03726421,0.2059432,0.5456949,-5.021488
276.9645,-67.85921,0.03735374,0.2118433,0.5406799,-5.021724
276.9809,-67.78441,0.03754262,0.2189455,0.5346779,-5.022013
276.9973,-67.69437,0.03782151,0.2259013,0.5288352,-5.022301
277.0137,-67.59067,0.03818571,0.2327058,0.5231528,-5.022587
277.0302,-67.47469,0.03862119,0.2393551,0.5176309,-5.022871
277.0506,-67.31474,0.03924272,0.24742,0.5109735,-5.023222
277.0711,-67.13963,0.03996601,0.2552339,0.5045652,-5.02357
277.0915,-66.95115,0.04079399,0.262793,0.4984048,-5.023914
277.112,-66.75084,0.04170241,0.2700947,0.4924908,-5.024253
277.1339,-66.5251,0.04272768,0.2776152,0.486438,-5.024612
277.1557,-66.28887,0.04385622,0.2848384,0.4806621,-5.024966
277.1776,-66.04347,0.04510861,0.291764,0.4751599,-5.025314
277.1995,-65.79,0.0464339,0.2983923,0.4699282,-5.025656
277.2194,-65.55314,0.04766202,0.3041666,0.4653992,-5.025963
277.2393,-65.31116,0.04897141,0.3096965,0.4610882,-5.026265
277.2592,-65.06471,0.05037915,0.3149833,0.4569922,-5.026562
277.2791,-64.81431,0.05184521,0.3200285,0.453108,-5.026854
277.2982,-64.57147,0.05326888,0.3246309,0.4495871,-5.027129
277.3172,-64.32592,0.05476101,0.3290152,0.4462541,-5.027399
277.3362,-64.07807,0.05633462,0.3331833,0.4431062,-5.027664
277.3553,-63.82821,0.05796141,0.3371368,0.4401402,-5.027925
277.375,-63.56773,0.05967068,0.3410053,0.4372585,-5.028189
277.3947,-63.30579,0.06145047,0.3446481,0.434565,-5.028449
277.4144,-63.04271,0.06331653,0.3480673,0.4320562,-5.028703
277.4341,-62.77867,0.06523775,0.3512653,0.4297287,-5.028951
277.4546,-62.50458,0.06724956,0.3543445,0.4275069,-5.029203
277.475,-62.22999,0.06933636,0.3571917,0.4254716,-5.02945
277.4954,-61.95517,0.07151662,0.3598095,0.4236187,-5.02969
277.5158,-61.68018,0.07375488,0.3622007,0.4219442,-5.029925
277.5368,-61.39658,0.07608387,0.3644308,0.4204009,-5.030162
277.5578,-61.11316,0.07849261,0.3664258,0.4190387,-5.030392
277.5788,-60.83011,0.08100166,0.3681884,0.4178534,-5.030616
277.5999,-60.54734,0.08357246,0.3697216,0.4168408,-5.030835
277.6217,-60.25438,0.08625998,0.3710723,0.4159686,-5.031055
277.6435,-59.9619,0.08903482,0.3721826,0.415273,-5.031268
277.6653,-59.67005,0.09192052,0.3730558,0.4147494,-5.031475
277.6871,-59.37855,0.09487478,0.3736951,0.4143932,-5.031676
277.7097,-59.0752,0.09797473,0.374116,0.4141954,-5.031878
277.7324,-58.7722,0.1011747,0.3742902,0.4141697,-5.032073
277.7551,-58.46963,0.1045028,0.374221,0.4143116,-5.032262
277.7778,-58.16694,0.1079119,0.3739119,0.4146164,-5.032443
277.8014,-57.85095,0.1114951,0.3733393,0.4151019,-5.032624
277.825,-57.53457,0.1152001,0.3725132,0.4157552,-5.032798
277.8486,-57.21776,0.1190615,0.3714364,0.4165721,-5.032965
277.8722,-56.89961,0.1230266,0.3701126,0.4175483,-5.033124
277.8968,-56.56638,0.1271989,0.3684794,0.4187267,-5.033281
277.9213,-56.23105,0.1315306,0.3665846,0.4200696,-5.03343
277.9459,-55.89343,0.136067,0.36443,0.4215742,-5.03357
277.9704,-55.55198,0.1407496,0.3620189,0.4232368,-5.033702
277.9958,-55.19302,0.1456801,0.3592599,0.425118,-5.03383
278.0212,-54.82865,0.150838,0.3562282,0.4271641,-5.033949
278.0465,-54.45837,0.156286,0.3529228,0.429375,-5.034058
278.0719,-54.0795,0.1619611,0.3493451,0.4317487,-5.034157
278.0979,-53.67934,0.1679405,0.3454001,0.4343469,-5.034249
278.1239,-53.26747,0.1742735,0.3411625,0.4371195,-5.034331
278.1498,-52.8426,0.1810558,0.3366255,0.4400709,-5.034401
278.1758,-52.39982,0.1882268,0.3317852,0.4432036,-5.03446
278.202,-51.92868,0.1957974,0.3265873,0.4465535,-5.034508
278.2283,-51.4332,0.2039705,0.3210551,0.4501063,-5.034543
278.2545,-50.90988,0.2129117,0.3151684,0.453877,-5.034565
278.2807,-50.34872,0.2225889,0.3089114,0.4578779,-5.034572
278.3067,-49.74339,0.2328737,0.3023316,0.4620817,-5.034565
278.3326,-49.08574,0.2442976,0.2953224,0.4665611,-5.034541
278.3586,-48.36569,0.2571912,0.2878335,0.4713538,-5.034499
278.3845,-47.55996,0.271643,0.279818,0.4764974,-5.034437
278.4097,-46.66823,0.2872657,0.2714928,0.4818615,-5.034356
278.4348,-45.65361,0.3053137,0.2625112,0.4876808,-5.034252
278.46,-44.48527,0.3265425,0.2527537,0.4940517,-5.034119
278.4852,-43.1021,0.3514409,0.2420992,0.5010809,-5.033955
278.5092,-41.50616,0.3792857,0.2309384,0.5085447,-5.033763
278.5333,-39.58723,0.4128257,0.2185924,0.5169446,-5.033528
278.5573,-37.26489,0.4535485,0.2048623,0.5265292,-5.033242
278.5814,-34.42138,0.502304,0.1896313,0.5375716,-5.032895
278.6057,-30.94744,0.5606547,0.1726955,0.550512,-5.032468
278.63,-26.85244,0.6275494,0.1544923,0.5656793,-5.031948
278.6543,-22.35248,0.6990385,0.1357041,0.5832424,-5.031323
278.6785,-18.03689,0.7684924,0.1173652,0.6029474,-5.030591
278.6915,-16.09526,0.8017209,0.1081756,0.6140856,-5.03016
278.7044,-14.53293,0.8308812,0.09950341,0.6254287,-5.029707
278.7174,-13.43774,0.8553191,0.09141407,0.6367656,-5.029237
278.7303,-12.87093,0.8748776,0.08394072,0.6478858,-5.028755
278.7433,-12.85797,0.8897011,0.07709233,0.6585807,-5.02827
278.7562,-13.3762,0.9000604,0.07086469,0.6686608,-5.027789
278.7691,-14.38249,0.9063092,0.06524541,0.6779749,-5.027317
278.7821,-15.81736,0.9087307,0.06021992,0.6864129,-5.026862
278.7978,-18.01897,0.9065618,0.05490964,0.6953524,-5.026339
278.8134,-20.61284,0.8994037,0.05041137,0.7028303,-5.025853
278.8291,-23.4837,0.8874917,0.04668957,0.7088418,-5.02541
278.8448,-26.50694,0.8698437,0.04374172,0.7134102,-5.025014
278.8597,-29.43646,0.8469032,0.04164637,0.7164747,-5.024681
278.8747,-32.3713,0.8180557,0.04020786,0.7183657,-5.024392
278.8896,-35.26982,0.7830013,0.03940441,0.7191611,-5.024147
278.9045,-38.10598,0.7416276,0.03921446,0.7189431,-5.023945
278.9157,-40.17241,0.7067805,0.03945902,0.7181711,-5.023821
278.9268,-42.19255,0.6686655,0.04002632,0.7169125,-5.023721
278.9379,-44.16224,0.6275341,0.04091169,0.7151971,-5.023642
278.9491,-46.07907,0.583903,0.04211011,0.7130557,-5.023585
278.9602,-47.93993,0.5384387,0.04361768,0.7105183,-5.023549
278.9713,-49.73689,0.4917439,0.04543389,0.7076118,-5.023534
278.9825,-51.46153,0.44458,0.04755703,0.7043644,-5.023538
278.9936,-53.10516,0.3978964,0.04998339,0.7008054,-5.023561
279.0075,-55.02877,0.3418079,0.05342889,0.6959722,-5.023614
279.0214,-56.79499,0.2895407,0.0573244,0.6907575,-5.023693
279.0353,-58.39312,0.2423418,0.06164818,0.6852189,-5.023796
279.0492,-59.81983,0.2011419,0.0663717,0.6794118,-5.023919
279.0585,-60.68811,0.1769186,0.06977181,0.6753635,-5.024013
279.0679,-61.48238,0.1555659,0.07332702,0.6712319,-5.024115
279.0773,-62.20627,0.1370014,0.0770252,0.6670309,-5.024224
279.0867,-62.86378,0.1210022,0.08085409,0.6627732,-5.024339
279.0961,-63.45936,0.10727,0.08480128,0.6584706,-5.024461
279.1055,-63.99785,0.09563826,0.08885463,0.6541336,-5.024587
279.1148,-64.48387,0.08589954,0.09300239,0.6497719,-5.024719
279.1242,-64.92165,0.07774413,0.09723332,0.645394,-5.024854
279.1329,-65.28798,0.07133173,0.101221,0.6413273,-5.024984
279.1416,-65.6195,0.06592181,0.1052629,0.6372587,-5.025116
279.1503,-65.91907,0.06138763,0.1093512,0.6331934,-5.025251
279.159,-66.18925,0.05756634,0.1134788,0.6291359,-5.025388
279.1675,-66.42618,0.05439313,0.1175261,0.6251992,-5.025524
279.176,-66.63958,0.05170357,0.1215983,0.6212769,-5.025662
279.1844,-66.83131,0.04943309,0.1256901,0.6173722,-5.025802
279.1929,-67.00304,0.047502,0.1297963,0.6134876,-5.025943
279.2018,-67.16431,0.04575498,0.1341414,0.6094115,-5.026093
279.2108,-67.30665,0.04427866,0.1384921,0.6053633,-5.026245
279.2197,-67.43155,0.04303768,0.1428437,0.6013453,-5.026398
279.2286,-67.54037,0.04198584,0.1471917,0.5973596,-5.026552
279.2385,-67.64326,0.04099734,0.1519806,0.5930012,-5.026723
279.2484,-67.72956,0.04017618,0.156755,0.5886867,-5.026894
279.2582,-67.80062,0.03950266,0.1615105,0.584418,-5.027067
279.2681,-67.85767,0.03894761,0.1662427,0.580197,-5.02724
279.2794,-67.90719,0.03842597,0.1716289,0.5754233,-5.027439
279.2907,-67.94126,0.0380213,0.1769743,0.5707162,-5.027638
279.302,-67.9612,0.03772218,0.1822742,0.5660775,-5.027838
279.3133,-67.9682,0.03750834,0.1875244,0.5615086,-5.028038
279.3267,-67.96121,0.03734246,0.1936741,0.5561886,-5.028274
279.34,-67.93914,0.03727117,0.1997432,0.5509703,-5.028511
279.3534,-67.90338,0.03728726,0.2057268,0.545855,-5.028747
279.3668,-67.85519,0.03737507,0.2116208,0.5408439,-5.028982
279.3832,-67.78079,0.03756191,0.2187149,0.5348473,-5.029269
279.3996,-67.69114,0.03783886,0.2256631,0.5290096,-5.029555
279.416,-67.58783,0.03820117,0.2324606,0.5233316,-5.02984
279.4324,-67.47222,0.03863481,0.2391033,0.5178138,-5.030122
279.4528,-67.31269,0.03925436,0.247163,0.5111591,-5.030471
279.4732,-67.13798,0.0399757,0.2549722,0.5047529,-5.030817
279.4937,-66.94988,0.04080166,0.2625273,0.4985942,-5.031159
279.5141,-66.74994,0.04170812,0.2698256,0.4926814,-5.031497
279.536,-66.52421,0.0427332,0.2773547,0.4866201,-5.031854
279.5579,-66.28795,0.04386178,0.2845861,0.4808361,-5.032206
279.5798,-66.04247,0.04511443,0.2915196,0.4753262,-5.032553
279.6017,-65.78889,0.04644021,0.2981555,0.4700871,-5.032894
279.6216,-65.55186,0.04766921,0.3039376,0.4655509,-5.0332
279.6415,-65.30969,0.04897971,0.3094749,0.4612331,-5.033501
279.6614,-65.06302,0.05038887,0.3147686,0.4571306,-5.033797
279.6813,-64.81239,0.05185651,0.3198202,0.4532404,-5.034087
279.7004,-64.56946,0.05328086,0.3244257,0.4497162,-5.034361
279.7194,-64.32381,0.05477379,0.3288131,0.4463801,-5.034629
279.7385,-64.07585,0.05634833,0.3329839,0.4432292,-5.034893
279.7575,-63.82588,0.05797613,0.3369402,0.4402604,-5.035152
279.7772,-63.56533,0.05968623,0.3408107,0.4373764,-5.035415
279.797,-63.30331,0.06146691,0.3444554,0.4346806,-5.035673
279.8167,-63.04014,0.06333393,0.3478765,0.4321698,-5.035926
279.8364,-62.77602,0.06525619,0.3510764,0.4298402,-5.036173
279.8568,-62.50181,0.06726931,0.3541576,0.4276163,-5.036424
279.8772,-62.22711,0.0693575,0.3570067,0.4255789,-5.036668
279.8976,-61.95217,0.07153924,0.3596263,0.423724,-5.036907
279.918,-61.67705,0.07377907,0.3620191,0.4220478,-5.037141
279.939,-61.39332,0.07610976,0.3642509,0.4205026,-5.037376
279.9601,-61.10977,0.07852029,0.3662475,0.4191388,-5.037604
279.9811,-60.82659,0.08103123,0.3680114,0.4179521,-5.037827
280.0021,-60.54369,0.08360401,0.369546,0.416938,-5.038044
280.0239,-60.25059,0.08629363,0.3708978,0.4160646,-5.038262
280.0457,-59.95798,0.08907067,0.3720092,0.4153677,-5.038474
280.0675,-59.666,0.09195867,0.3728833,0.4148431,-5.03868
280.0893,-59.37435,0.09491533,0.3735235,0.4144859,-5.038879
280.112,-59.07085,0.09801788,0.3739451,0.4142873,-5.039079
280.1347,-58.76771,0.1012206,0.3741199,0.4142608,-5.039272
280.1574,-58.46499,0.1045515,0.3740511,0.4144021,-5.039459
280.18,-58.16215,0.1079635,0.3737423,0.4147065,-5.039639
280.2037,-57.846,0.11155,0.37317,0.4151916,-5.039818
280.2273,-57.52944,0.1152584,0.3723439,0.4158445,-5.03999
280.2509,-57.21247,0.1191234,0.3712669,0.4166614,-5.040155
280.2745,-56.89413,0.1230922,0.3699429,0.4176376,-5.040312
280.299,-56.56071,0.1272686,0.3683092,0.418816,-5.040467
280.3236,-56.22518,0.1316047,0.3664138,0.4201592,-5.040614
280.3481,-55.88735,0.1361457,0.3642585,0.4216643,-5.040753
280.3727,-55.54568,0.1408332,0.3618464,0.4233274,-5.040883
280.398,-55.18647,0.1457691,0.3590862,0.4252093,-5.041009
280.4234,-54.82183,0.1509328,0.3560531,0.4272564,-5.041126
280.4488,-54.45127,0.1563872,0.3527461,0.4294683,-5.041233
280.4742,-54.07211,0.1620691,0.3491666,0.4318432,-5.04133
280.5001,-53.6716,0.168056,0.3452195,0.4344428,-5.04142
280.5261,-53.25935,0.1743973,0.3409797,0.437217,-5.0415
280.5521,-52.83406,0.181189,0.33644,0.4401702,-5.041568
280.5781,-52.3908,0.1883703,0.3315968,0.4433051,-5.041625
280.6043,-51.91913,0.1959522,0.3263958,0.4466572,-5.041671
280.6305,-51.42303,0.2041383,0.32086,0.4502127,-5.041704
280.6568,-50.899,0.2130946,0.3149694,0.4539863,-5.041723
280.683,-50.337,0.2227893,0.3087078,0.4579907,-5.041729
280.7089,-49.73071,0.2330934,0.3021233,0.4621981,-5.041719
280.7349,-49.07191,0.2445404,0.2951086,0.4666818,-5.041693
280.7608,-48.35047,0.2574619,0.2876134,0.4714795,-5.041648
280.7868,-47.54302,0.2719475,0.2795904,0.4766289,-5.041584
280.812,-46.64926,0.2876084,0.2712574,0.4819994,-5.041501
280.8371,-45.6321,0.3057036,0.2622664,0.4878264,-5.041394
280.8623,-44.46057,0.3269918,0.2524975,0.4942068,-5.04126
280.8874,-43.07331,0.3519641,0.2418292,0.5012479,-5.041093
280.9115,-41.47236,0.3798961,0.2306528,0.5087255,-5.040898
280.9355,-39.54706,0.4135444,0.2182882,0.5171428,-5.040661
280.9596,-37.21688,0.4543967,0.2045372,0.5267491,-5.040373
280.9836,-34.36432,0.5032961,0.1892848,0.5378181,-5.040022
281.0079,-30.87837,0.561839,0.1723183,0.5508004,-5.039592
281.0322,-26.77353,0.6288829,0.1540946,0.566016,-5.039068
281.0565,-22.27077,0.7004123,0.1353039,0.5836285,-5.038439
281.0808,-17.96571,0.7697525,0.1169827,0.6033742,-5.037703
281.0938,-16.04146,0.8027712,0.107833,0.6144966,-5.037271
281.1067,-14.49837,0.8317122,0.09920118,0.6258157,-5.036817
281.1196,-13.42267,0.855939,0.09115103,0.6371213,-5.036347
281.1325,-12.87404,0.875307,0.08371467,0.6482042,-5.035865
281.1454,-12.87658,0.889967,0.07690048,0.658858,-5.035381
281.1583,-13.40698,0.9001919,0.07070397,0.6688953,-5.0349
281.1713,-14.42189,0.9063337,0.06511269,0.678167,-5.034429
281.1842,-15.86182,0.9086703,0.06011216,0.6865644,-5.033974
281.1999,-18.08575,0.9063698,0.05478692,0.6955285,-5.033447
281.2157,-20.70391,0.8990195,0.05028318,0.7030119,-5.032958
281.2315,-23.59938,0.886861,0.04656461,0.7090113,-5.032513
281.2473,-26.64547,0.8688728,0.04362909,0.7135512,-5.032115
281.2622,-29.57119,0.8457029,0.04156744,0.7165566,-5.031784
281.2771,-32.50022,0.8166265,0.04015975,0.7183954,-5.031496
281.292,-35.39169,0.7813462,0.03938438,0.7191452,-5.031252
281.3069,-38.22029,0.7397674,0.0392198,0.718888,-5.031051
281.3176,-40.19616,0.7063041,0.03946437,0.7181335,-5.030933
281.3283,-42.12963,0.6698529,0.0400044,0.7169337,-5.030835
281.3389,-44.01715,0.630639,0.04083574,0.7153148,-5.030758
281.3496,-45.85656,0.5891007,0.04195402,0.7133036,-5.030701
281.3602,-47.64514,0.5458017,0.04335585,0.7109266,-5.030663
281.3709,-49.37631,0.5012657,0.0450406,0.7082073,-5.030644
281.3815,-51.04289,0.4561502,0.04700684,0.7051705,-5.030643
281.3922,-52.63743,0.4112711,0.04925159,0.7018418,-5.03066
281.4061,-54.60501,0.3542488,0.05260915,0.6970796,-5.030706
281.4201,-56.41681,0.3007289,0.05642546,0.6919187,-5.030779
281.4341,-58.06053,0.2520473,0.06068008,0.6864176,-5.030876
281.448,-59.53124,0.2092843,0.06534538,0.6806332,-5.030995
281.4577,-60.4488,0.1834469,0.06879806,0.6764917,-5.031088
281.4674,-61.28692,0.1606747,0.07241884,0.6722573,-5.03119
281.4771,-62.04935,0.1409016,0.0761946,0.6679456,-5.0313
281.4867,-62.7403,0.1238977,0.08011193,0.6635708,-5.031417
281.4964,-63.36458,0.1093405,0.0841573,0.6591461,-5.03154
281.5061,-63.92751,0.09705757,0.08831732,0.6546832,-5.031669
281.5157,-64.43414,0.08682693,0.09257912,0.6501928,-5.031803
281.5254,-64.88912,0.07830201,0.09693033,0.6456844,-5.031942
281.5341,-65.25835,0.07180201,0.1009158,0.6416157,-5.032071
281.5428,-65.5925,0.06631816,0.104956,0.6375448,-5.032202
281.5515,-65.89445,0.06172227,0.1090433,0.6334769,-5.032336
281.5602,-66.1668,0.05784948,0.1131704,0.6294163,-5.032473
281.5687,-66.40543,0.05463684,0.117214,0.6254801,-5.032608
281.5772,-66.62041,0.051914,0.1212829,0.6215581,-5.032745
281.5856,-66.81358,0.04961557,0.1253717,0.6176533,-5.032884
281.5941,-66.98665,0.04766091,0.1294753,0.6137686,-5.033024
281.603,-67.14905,0.0458946,0.1338132,0.6096966,-5.033174
281.6119,-67.29246,0.04440183,0.1381571,0.6056523,-5.033324
281.6209,-67.41837,0.04314683,0.1425021,0.6016379,-5.033476
281.6298,-67.52814,0.04208295,0.1468438,0.5976556,-5.033629
281.6396,-67.63196,0.04108361,0.1516228,0.5933036,-5.033799
281.6495,-67.71915,0.04025304,0.1563878,0.5889953,-5.03397
281.6593,-67.79108,0.03957131,0.1611342,0.5847325,-5.034141
281.6692,-67.84895,0.03900903,0.1658577,0.580517,-5.034313
281.6804,-67.89937,0.0384803,0.171231,0.5757522,-5.034511
281.6917,-67.9343,0.03806925,0.1765641,0.5710535,-5.034709
281.703,-67.9551,0.03776436,0.1818523,0.5664227,-5.034907
281.7142,-67.96293,0.0375452,0.1870914,0.5618612,-5.035105
281.7276,-67.95692,0.03737355,0.1932251,0.5565525,-5.03534
281.7409,-67.93582,0.03729681,0.199279,0.5513446,-5.035575
281.7542,-67.90103,0.0373077,0.2052484,0.5462391,-5.035809
281.7676,-67.85379,0.03739049,0.2111289,0.541237,-5.036043
281.7839,-67.78058,0.03757128,0.2182042,0.5352534,-5.036328
281.8002,-67.69212,0.03784221,0.2251349,0.5294275,-5.036612
281.8166,-67.59,0.03819848,0.2319163,0.5237602,-5.036894
281.8329,-67.47557,0.03862608,0.2385443,0.5182518,-5.037174
281.8533,-67.31741,0.03923863,0.2465921,0.5116036,-5.037521
281.8736,-67.14403,0.03995283,0.2543913,0.5052023,-5.037864
281.894,-66.95724,0.04077123,0.2619381,0.4990471,-5.038204
281.9144,-66.75857,0.04167013,0.2692298,0.4931366,-5.03854
281.9363,-66.53321,0.04269187,0.2767845,0.4870514,-5.038896
281.9582,-66.2972,0.04381755,0.2840409,0.4812443,-5.039247
281.9801,-66.05187,0.0450676,0.2909987,0.4757122,-5.039593
282.002,-65.79836,0.04639121,0.2976582,0.4704518,-5.039933
282.022,-65.56117,0.0476193,0.3034645,0.4658942,-5.040238
282.0419,-65.31878,0.04892936,0.3090251,0.4615559,-5.040538
282.0619,-65.07184,0.05033869,0.3143412,0.457434,-5.040833
282.0819,-64.82088,0.05180676,0.3194142,0.4535253,-5.041123
282.1009,-64.57802,0.05322911,0.3240317,0.4499901,-5.041395
282.12,-64.33241,0.05472018,0.3284308,0.4466433,-5.041663
282.139,-64.08447,0.05629302,0.3326133,0.4434819,-5.041925
282.158,-63.8345,0.05791922,0.3365811,0.4405028,-5.042183
282.1778,-63.57406,0.05962686,0.3404614,0.4376097,-5.042445
282.1975,-63.31213,0.06140512,0.344116,0.4349051,-5.042702
282.2172,-63.04904,0.06326969,0.347547,0.4323854,-5.042953
282.2369,-62.78499,0.06518954,0.3507568,0.4300471,-5.043199
282.2573,-62.51079,0.06720067,0.3538489,0.4278137,-5.043448
282.2777,-62.23607,0.06928691,0.3567088,0.425767,-5.043691
282.2981,-61.96111,0.07146672,0.3593392,0.4239031,-5.043929
282.3185,-61.68597,0.07370466,0.3617427,0.422218,-5.044161
282.3395,-61.40221,0.07603342,0.3639853,0.4206639,-5.044395
282.3605,-61.11862,0.07844205,0.3659926,0.4192913,-5.044622
282.3815,-60.8354,0.08095109,0.3677673,0.418096,-5.044844
282.4025,-60.55246,0.083522,0.3693125,0.4170735,-5.045059
282.4243,-60.25933,0.08620955,0.3706751,0.4161916,-5.045276
282.4461,-59.96669,0.08898451,0.3717973,0.4154864,-5.045486
282.4679,-59.67467,0.09187041,0.3726821,0.4149536,-5.04569
282.4897,-59.383,0.09482494,0.3733329,0.4145886,-5.045888
282.5124,-59.07948,0.09792526,0.3737655,0.4143818,-5.046087
282.5351,-58.77631,0.1011257,0.3739512,0.4143474,-5.046279
282.5577,-58.47358,0.1044542,0.3738933,0.4144809,-5.046464
282.5804,-58.17073,0.1078638,0.3735954,0.4147776,-5.046642
282.604,-57.85457,0.1114478,0.3730342,0.415255,-5.04682
282.6276,-57.53802,0.1151535,0.3722193,0.4159003,-5.046991
282.6512,-57.22106,0.1190156,0.3711534,0.4167098,-5.047154
282.6748,-56.90275,0.1229814,0.3698403,0.4176787,-5.047309
282.6994,-56.56936,0.1271547,0.3682179,0.4188498,-5.047463
282.7239,-56.23388,0.1314874,0.3663338,0.4201858,-5.047609
282.7484,-55.89612,0.1360247,0.3641896,0.4216838,-5.047746
282.773,-55.55454,0.140708,0.3617886,0.42334,-5.047874
282.7983,-55.19544,0.1456398,0.3590397,0.425215,-5.047999
282.8237,-54.83094,0.1507988,0.3560178,0.4272553,-5.048114
282.8491,-54.46054,0.1562478,0.352722,0.4294605,-5.048219
282.8744,-54.08159,0.1619236,0.3491537,0.4318288,-5.048315
282.9004,-53.68132,0.1679043,0.3452177,0.434422,-5.048404
282.9264,-53.26935,0.1742383,0.3409889,0.4371897,-5.048481
282.9524,-52.84441,0.1810213,0.3364604,0.4401365,-5.048548
282.9783,-52.4016,0.1881927,0.3316286,0.4432649,-5.048604
283.0046,-51.93042,0.195764,0.3264384,0.4466108,-5.048648
283.0308,-51.43493,0.2039375,0.3209139,0.4501599,-5.048679
283.057,-50.91164,0.2128784,0.3150348,0.4539269,-5.048697
283.0832,-50.35057,0.2225544,0.3087852,0.4579242,-5.048701
283.1092,-49.74535,0.2328383,0.3022123,0.462125,-5.04869
283.1352,-49.08789,0.2442601,0.2952099,0.4666014,-5.048663
283.1611,-48.36812,0.25715,0.287728,0.471391,-5.048617
283.1871,-47.56281,0.2715962,0.2797198,0.4765313,-5.048552
283.2122,-46.67163,0.2872121,0.2714016,0.4818924,-5.048467
283.2374,-45.65776,0.3052499,0.2624276,0.4877083,-5.048359
283.2626,-44.49046,0.3264642,0.2526785,0.4940754,-5.048223
283.2877,-43.10875,0.351342,0.2420336,0.5011001,-5.048055
283.3118,-41.51477,0.3791594,0.2308835,0.5085584,-5.04786
283.3358,-39.59854,0.4126617,0.2185502,0.5169515,-5.047622
283.3599,-37.27989,0.4533344,0.2048351,0.5265273,-5.047333
283.3839,-34.44121,0.5020259,0.1896213,0.5375581,-5.046983
283.4082,-30.97487,0.5602636,0.1727134,0.5504764,-5.046553
283.4325,-26.88876,0.6270429,0.1545376,0.5656157,-5.046031
283.4568,-22.39729,0.6984496,0.1357722,0.5831456,-5.045403
283.4811,-18.08538,0.767879,0.1174477,0.6028155,-5.044669
283.4941,-16.13775,0.8012026,0.1082397,0.6139642,-5.044236
283.507,-14.56923,0.8304581,0.09954961,0.6253206,-5.043781
283.52,-13.46837,0.8549825,0.09144351,0.6366731,-5.043308
283.533,-12.89704,0.8746131,0.08395515,0.6478101,-5.042825
283.5459,-12.88114,0.8894908,0.07709376,0.6585217,-5.042337
283.5589,-13.39816,0.8998866,0.07085525,0.6686174,-5.041853
283.5719,-14.40487,0.9061546,0.06522724,0.6779451,-5.041379
283.5848,-15.8416,0.9085789,0.06019513,0.6863939,-5.040921
283.6005,-18.04409,0.9063964,0.05488515,0.6953329,-5.040395
283.6162,-20.6391,0.8992139,0.05038822,0.7028087,-5.039907
283.6319,-23.51122,0.8872675,0.04666876,0.7088167,-5.039462
283.6476,-26.53563,0.8695713,0.04372426,0.7133798,-5.039064
283.6626,-29.46335,0.8465945,0.04163465,0.7164358,-5.038729
283.6775,-32.39629,0.8177094,0.04020148,0.7183193,-5.038439
283.6924,-35.29289,0.7826171,0.03940298,0.7191082,-5.038192
283.7074,-38.12717,0.7412088,0.03921759,0.7188845,-5.037988
283.7184,-40.18179,0.7065259,0.03946325,0.718114,-5.037864
283.7295,-42.19066,0.6686117,0.0400282,0.7168621,-5.037762
283.7406,-44.14967,0.6277149,0.04090786,0.7151582,-5.037682
283.7517,-46.05644,0.5843424,0.04209729,0.7130325,-5.037624
283.7627,-47.90789,0.5391478,0.04359264,0.7105145,-5.037586
283.7738,-49.69626,0.4927239,0.04539341,0.7076309,-5.037569
283.7849,-51.41327,0.445819,0.04749791,0.7044093,-5.037571
283.796,-53.05039,0.3993655,0.0499025,0.7008786,-5.037592
283.8099,-54.9787,0.3431758,0.05333851,0.6960533,-5.037642
283.8238,-56.74977,0.2907729,0.05722553,0.6908447,-5.037719
283.8377,-58.35273,0.2434138,0.06154197,0.6853102,-5.037819
283.8516,-59.78405,0.2020457,0.06625936,0.6795055,-5.03794
283.861,-60.65763,0.1776474,0.06966591,0.6754465,-5.038033
283.8704,-61.45657,0.1561414,0.07322897,0.671303,-5.038133
283.8798,-62.18455,0.1374468,0.07693632,0.6670893,-5.038241
283.8893,-62.84558,0.1213397,0.08077553,0.6628182,-5.038355
283.8987,-63.44415,0.1075191,0.08473409,0.6585016,-5.038476
283.9081,-63.98516,0.09581775,0.08879969,0.6541503,-5.038601
283.9175,-64.47326,0.08602652,0.09296048,0.649774,-5.038732
283.9269,-64.91275,0.07783177,0.09720507,0.6453813,-5.038866
283.9357,-65.27922,0.07141094,0.1011926,0.6413142,-5.038994
283.9444,-65.61084,0.06599394,0.1052343,0.6372453,-5.039126
283.9531,-65.91047,0.06145388,0.1093225,0.6331797,-5.039259
283.9618,-66.18069,0.05762772,0.11345,0.6291217,-5.039396
283.9702,-66.41764,0.05445054,0.1174972,0.6251846,-5.03953
283.9787,-66.63104,0.05175773,0.1215694,0.621262,-5.039667
283.9872,-66.82275,0.04948461,0.1256611,0.6173569,-5.039805
283.9956,-66.99443,0.04755139,0.1297672,0.613472,-5.039945
284.0046,-67.15564,0.04580262,0.134112,0.6093958,-5.040094
284.0135,-67.2979,0.04432494,0.1384623,0.6053475,-5.040245
284.0225,-67.42271,0.04308292,0.1428135,0.6013294,-5.040396
284.0314,-67.53142,0.04203031,0.1471611,0.5973436,-5.040549
284.0413,-67.63419,0.0410412,0.1519495,0.5929851,-5.040718
284.0511,-67.72035,0.04021966,0.1567235,0.5886705,-5.040889
284.061,-67.79126,0.03954598,0.1614784,0.5844019,-5.04106
284.0709,-67.84816,0.03899095,0.1662101,0.5801809,-5.041232
284.0822,-67.89749,0.03846948,0.1715957,0.5754072,-5.041429
284.0935,-67.93136,0.03806514,0.1769405,0.5707001,-5.041627
284.1048,-67.95109,0.03776654,0.1822397,0.5660614,-5.041825
284.1161,-67.95788,0.03755333,0.1874892,0.5614926,-5.042023
284.1295,-67.95062,0.03738836,0.1936384,0.5561724,-5.042258
284.1428,-67.92827,0.03731814,0.1997069,0.550954,-5.042492
284.1562,-67.89222,0.03733545,0.2056898,0.5458387,-5.042726
284.1696,-67.84373,0.03742463,0.2115829,0.5408277,-5.04296
284.186,-67.76894,0.03761336,0.2186768,0.5348305,-5.043245
284.2024,-67.67889,0.0378924,0.2256246,0.5289925,-5.043528
284.2188,-67.57516,0.038257,0.2324213,0.5233144,-5.043811
284.2352,-67.45913,0.03869311,0.239063,0.5177968,-5.044091
284.2557,-67.29905,0.03931601,0.2471218,0.5111421,-5.044437
284.2761,-67.12377,0.040041,0.2549296,0.5047363,-5.04478
284.2966,-66.9351,0.04087096,0.2624827,0.4985785,-5.045119
284.3171,-66.73459,0.04178168,0.2697785,0.4926671,-5.045454
284.3389,-66.5084,0.04281072,0.2772994,0.4866117,-5.045808
284.3608,-66.27168,0.0439435,0.2845225,0.4808337,-5.046157
284.3827,-66.02577,0.0452006,0.2914476,0.4753299,-5.0465
284.4046,-65.77177,0.04653102,0.2980748,0.4700971,-5.046838
284.4245,-65.53439,0.04776421,0.3038484,0.465567,-5.047141
284.4445,-65.29188,0.04907904,0.309377,0.4612554,-5.047438
284.4644,-65.04488,0.05049266,0.3146621,0.4571592,-5.047731
284.4843,-64.79393,0.05196492,0.3197051,0.4532753,-5.048019
284.5034,-64.55061,0.05339441,0.324304,0.4497557,-5.048289
284.5224,-64.30457,0.05489267,0.3286846,0.4464244,-5.048555
284.5415,-64.05624,0.05647274,0.3328485,0.4432784,-5.048816
284.5605,-63.80589,0.05810624,0.3367975,0.4403148,-5.049072
284.5802,-63.54493,0.05982253,0.3406607,0.4374359,-5.049332
284.6,-63.28252,0.06160963,0.3442978,0.4347455,-5.049587
284.6197,-63.01896,0.06348332,0.3477111,0.4322402,-5.049836
284.6394,-62.75446,0.06541243,0.3509028,0.4299164,-5.050081
284.6598,-62.47987,0.06743271,0.3539752,0.4276986,-5.050328
284.6802,-62.20479,0.06952829,0.3568154,0.4256675,-5.05057
284.7007,-61.92949,0.07171769,0.3594257,0.4238191,-5.050805
284.7211,-61.65401,0.07396537,0.361809,0.4221495,-5.051036
284.7421,-61.3699,0.07630446,0.3640308,0.4206112,-5.051267
284.7632,-61.08596,0.07872366,0.3660171,0.4192544,-5.051493
284.7842,-60.8024,0.08124357,0.3677706,0.4180749,-5.051712
284.8052,-60.51913,0.08382556,0.3692943,0.4170682,-5.051926
284.8271,-60.22562,0.08652509,0.3706346,0.4162025,-5.05214
284.8489,-59.9326,0.08931237,0.3717343,0.4155135,-5.052349
284.8707,-59.6402,0.09221103,0.3725963,0.4149968,-5.052551
284.8925,-59.34815,0.09517866,0.3732241,0.4146479,-5.052747
284.9152,-59.04419,0.098293,0.3736325,0.414458,-5.052943
284.9379,-58.74058,0.101508,0.3737937,0.4144403,-5.053133
284.9606,-58.43739,0.1048517,0.3737109,0.4145907,-5.053316
284.9833,-58.13406,0.1082771,0.3733879,0.4149042,-5.053492
285.0069,-57.81737,0.1118779,0.3728002,0.415399,-5.053668
285.0306,-57.50026,0.1156013,0.3719585,0.4160619,-5.053836
285.0542,-57.18269,0.1194822,0.3708654,0.4168889,-5.053997
285.0778,-56.86373,0.1234679,0.3695249,0.4178754,-5.05415
285.1024,-56.52962,0.1276622,0.3678737,0.4190648,-5.054301
285.1269,-56.19335,0.1320176,0.3659604,0.4204191,-5.054444
285.1515,-55.85473,0.1365793,0.3637865,0.4219355,-5.054579
285.1761,-55.51218,0.141289,0.3613554,0.4236104,-5.054705
285.2014,-55.15201,0.1462487,0.3585753,0.4255044,-5.054826
285.2268,-54.78631,0.1514385,0.3555218,0.4275641,-5.054939
285.2522,-54.41457,0.1569216,0.3521936,0.429789,-5.055041
285.2776,-54.03408,0.162635,0.3485921,0.4321774,-5.055135
285.3036,-53.6321,0.1686557,0.3446226,0.4347909,-5.05522
285.3296,-53.21818,0.175035,0.3403594,0.4375795,-5.055295
285.3556,-52.79098,0.1818699,0.3357951,0.440548,-5.055358
285.3816,-52.34551,0.1891002,0.3309261,0.4436991,-5.055411
285.4078,-51.87135,0.1967348,0.3256993,0.4470676,-5.055452
285.434,-51.37235,0.2049824,0.3201361,0.4506408,-5.05548
285.4602,-50.84488,0.2140112,0.3142158,0.4544337,-5.055494
285.4865,-50.27875,0.2237908,0.3079219,0.4584594,-5.055494
285.5124,-49.66771,0.2341883,0.3013055,0.4626885,-5.05548
285.5383,-49.00315,0.2457481,0.2942553,0.4671966,-5.055448
285.5643,-48.27467,0.258808,0.2867198,0.4720225,-5.055399
285.5902,-47.45838,0.2734629,0.2786508,0.4772047,-5.055329
285.6154,-46.55413,0.289316,0.2702704,0.48261,-5.05524
285.6405,-45.52377,0.3076517,0.2612237,0.4884787,-5.055127
285.6656,-44.33551,0.3292443,0.2513886,0.4949099,-5.054986
285.6908,-42.92656,0.3545995,0.2406412,0.5020135,-5.054813
285.7148,-41.29884,0.3829877,0.2293749,0.5095652,-5.054611
285.7388,-39.3392,0.4172069,0.2169039,0.5180755,-5.054366
285.7628,-36.96634,0.4587476,0.2030323,0.5277984,-5.054069
285.7869,-34.06391,0.5084199,0.187655,0.5390112,-5.053709
285.8113,-30.50972,0.568039,0.1705023,0.5522271,-5.053266
285.8356,-26.34647,0.6359413,0.1521444,0.5677151,-5.052727
285.86,-21.82142,0.7077444,0.1333133,0.5856108,-5.052082
285.8844,-17.56598,0.7765318,0.1150594,0.6055979,-5.05133
285.8972,-15.73269,0.8084373,0.1061177,0.6166361,-5.050897
285.9099,-14.28944,0.8362234,0.09769514,0.6278287,-5.050443
285.9227,-13.31416,0.859345,0.08984758,0.6389705,-5.049975
285.9355,-12.85855,0.8777215,0.08260174,0.6498602,-5.049497
285.9482,-12.93979,0.8915363,0.07596311,0.6603018,-5.049016
285.961,-13.53147,0.90107,0.06992582,0.6701195,-5.04854
285.9738,-14.58916,0.9066669,0.06447703,0.6791744,-5.048075
285.9865,-16.05355,0.9085787,0.05960277,0.687366,-5.047626
286.0028,-18.39531,0.9055867,0.05419572,0.6964642,-5.047084
286.0191,-21.14154,0.8972304,0.04966053,0.7039799,-5.046583
286.0354,-24.16665,0.8837909,0.04595628,0.7099174,-5.046129
286.0517,-27.33256,0.864022,0.04308343,0.7143092,-5.045725
286.0666,-30.2399,0.8396868,0.04118836,0.7170211,-5.045405
286.0814,-33.1409,0.8094536,0.03993296,0.7186005,-5.045127
286.0962,-35.99829,0.7730391,0.03929641,0.7191237,-5.044892
286.111,-38.79038,0.7304353,0.03925732,0.7186713,-5.044699
286.1222,-40.84902,0.6943547,0.03961072,0.7177329,-5.04458
286.1333,-42.86007,0.6550718,0.04028734,0.7163145,-5.044484
286.1445,-44.8193,0.6128824,0.04128298,0.7144458,-5.04441
286.1557,-46.72388,0.5683571,0.04259302,0.7121577,-5.044358
286.1669,-48.57001,0.5222168,0.04421387,0.7094802,-5.044327
286.178,-50.34911,0.4751145,0.04614503,0.7064407,-5.044316
286.1892,-52.05218,0.4278522,0.04838449,0.7030678,-5.044324
286.2004,-53.67022,0.3814016,0.05092801,0.6993914,-5.044351
286.2143,-55.55307,0.3261488,0.05451297,0.6944325,-5.04441
286.2283,-57.27416,0.2751645,0.05854404,0.6891075,-5.044493
286.2422,-58.82477,0.2296002,0.06299723,0.6834737,-5.044599
286.2561,-60.20353,0.19021,0.0678421,0.6775863,-5.044725
286.2651,-61.00452,0.1681784,0.0711606,0.6736759,-5.044817
286.2741,-61.73887,0.148743,0.07461685,0.6696942,-5.044915
286.2831,-62.41002,0.131806,0.07820011,0.6656532,-5.04502
286.2921,-63.02161,0.1171587,0.08189956,0.6615638,-5.04513
286.301,-63.57759,0.1045372,0.08570438,0.6574359,-5.045245
286.31,-64.08219,0.0937854,0.08960397,0.6532786,-5.045366
286.319,-64.53943,0.08471644,0.09358809,0.6491001,-5.04549
286.328,-64.95301,0.07706758,0.09764695,0.6449079,-5.045619
286.3367,-65.31526,0.07076979,0.1016402,0.6408411,-5.045747
286.3454,-65.64301,0.06545718,0.1056866,0.6367731,-5.045877
286.3541,-65.93908,0.06100482,0.1097787,0.6327089,-5.046011
286.3628,-66.20603,0.05725228,0.1139093,0.6286529,-5.046147
286.3713,-66.44024,0.05413324,0.1179622,0.6247148,-5.046281
286.3798,-66.65109,0.05148959,0.1220394,0.6207915,-5.046417
286.3883,-66.84041,0.04925785,0.1261355,0.6168862,-5.046556
286.3967,-67.00988,0.04735965,0.1302454,0.6130014,-5.046695
286.4057,-67.16918,0.04563949,0.1346016,0.6089182,-5.046844
286.4147,-67.30961,0.04418636,0.1389628,0.6048634,-5.046994
286.4236,-67.43267,0.04296545,0.1433242,0.6008392,-5.047146
286.4326,-67.5397,0.04193114,0.1476815,0.5968478,-5.047298
286.4425,-67.6408,0.04095866,0.1524854,0.5924786,-5.047468
286.4524,-67.72533,0.04015177,0.1572741,0.5881539,-5.047638
286.4623,-67.79466,0.03949108,0.1620431,0.5838757,-5.04781
286.4722,-67.85,0.03894772,0.1667882,0.5796458,-5.047981
286.4836,-67.89765,0.0384379,0.1721939,0.5748575,-5.048179
286.4949,-67.92984,0.03804432,0.1775579,0.5701367,-5.048377
286.5063,-67.94791,0.03775572,0.1828753,0.5654852,-5.048575
286.5176,-67.95306,0.03755195,0.1881419,0.5609044,-5.048773
286.5311,-67.94386,0.03739752,0.1943165,0.5555657,-5.049008
286.5446,-67.91957,0.03733756,0.2004089,0.55033,-5.049243
286.558,-67.88158,0.03736493,0.2064141,0.5451989,-5.049478
286.5715,-67.83115,0.03746403,0.2123279,0.5401735,-5.049711
286.588,-67.7539,0.03766512,0.2194523,0.5341543,-5.049997
286.6045,-67.66138,0.03795672,0.2264279,0.5282966,-5.050281
286.621,-67.55517,0.03833418,0.2332498,0.5226012,-5.050564
286.6376,-67.43666,0.0387834,0.239914,0.5170684,-5.050844
286.6581,-67.27365,0.039422,0.2479895,0.5104043,-5.051191
286.6787,-67.0955,0.04016332,0.2558105,0.503992,-5.051534
286.6993,-66.90399,0.04101074,0.2633734,0.4978305,-5.051873
286.7199,-66.70069,0.04193923,0.2706757,0.4919181,-5.052208
286.7417,-66.47335,0.04297861,0.2781436,0.4859096,-5.052559
286.7636,-66.2357,0.04412128,0.2853147,0.4801773,-5.052905
286.7854,-65.98904,0.04538809,0.2921887,0.4747179,-5.053246
286.8073,-65.73444,0.04672775,0.2987661,0.4695281,-5.053581
286.8271,-65.49686,0.04796782,0.3044899,0.4650401,-5.05388
286.847,-65.25427,0.04928896,0.3099703,0.4607691,-5.054175
286.8669,-65.00729,0.05070809,0.3152085,0.456712,-5.054465
286.8867,-64.75644,0.05218563,0.3202061,0.4528656,-5.05475
286.9058,-64.51249,0.05362513,0.3247777,0.4493693,-5.055018
286.9249,-64.26587,0.05513338,0.3291308,0.4460612,-5.055282
286.9439,-64.01699,0.05672349,0.3332672,0.4429384,-5.055541
286.963,-63.76615,0.05836712,0.3371887,0.4399976,-5.055795
286.9827,-63.5045,0.06009541,0.3410265,0.43714,-5.056054
287.0025,-63.24142,0.06189475,0.3446379,0.4344709,-5.056307
287.0223,-62.97723,0.06378104,0.3480249,0.4319871,-5.056555
287.042,-62.71213,0.06572293,0.35119,0.4296848,-5.056797
287.0624,-62.43705,0.06775572,0.3542336,0.4274902,-5.057042
287.0829,-62.1615,0.06986405,0.3570445,0.4254821,-5.057282
287.1033,-61.88575,0.0720665,0.3596255,0.4236567,-5.057516
287.1238,-61.60986,0.07432742,0.3619792,0.42201,-5.057744
287.1448,-61.32529,0.07668056,0.3641707,0.420495,-5.057974
287.1659,-61.04091,0.0791141,0.3661263,0.4191614,-5.058197
287.187,-60.75693,0.08164874,0.3678489,0.418005,-5.058414
287.208,-60.47324,0.08424574,0.3693415,0.4170213,-5.058626
287.2299,-60.17924,0.08696151,0.3706496,0.4161792,-5.058838
287.2517,-59.88573,0.08976548,0.3717167,0.4155138,-5.059045
287.2736,-59.59285,0.09268144,0.3725458,0.4150206,-5.059245
287.2954,-59.3003,0.0956668,0.3731403,0.4146952,-5.059438
287.3181,-58.99579,0.09880009,0.3735137,0.4145295,-5.059632
287.3409,-58.69161,0.1020347,0.3736397,0.4145361,-5.05982
287.3636,-58.38783,0.1053991,0.3735213,0.4147107,-5.06
287.3863,-58.08387,0.1088458,0.3731622,0.4150484,-5.060174
287.41,-57.76649,0.1124694,0.3725367,0.4155683,-5.060347
287.4337,-57.44863,0.1162168,0.3716567,0.4162563,-5.060513
287.4573,-57.13027,0.1201232,0.3705249,0.4171083,-5.060671
287.481,-56.81045,0.1241356,0.3691452,0.4181199,-5.060822
287.5056,-56.47538,0.1283585,0.3674531,0.4193352,-5.06097
287.5302,-56.13804,0.1327444,0.3654983,0.4207156,-5.06111
287.5548,-55.79826,0.1373395,0.3632824,0.4222582,-5.061242
287.5794,-55.45441,0.1420849,0.3608087,0.4239593,-5.061365
287.6048,-55.09281,0.1470825,0.3579847,0.4258803,-5.061484
287.6302,-54.72549,0.152314,0.3548865,0.4279671,-5.061593
287.6556,-54.35192,0.1578437,0.3515127,0.4302197,-5.061693
287.6811,-53.96933,0.1636085,0.3478647,0.4326363,-5.061783
287.7071,-53.56503,0.1696837,0.3438482,0.4352781,-5.061865
287.7331,-53.14843,0.1761249,0.3395367,0.4380959,-5.061936
287.7591,-52.71813,0.183031,0.3349225,0.4410947,-5.061996
287.7851,-52.269,0.1903422,0.3300016,0.4442775,-5.062045
287.8113,-51.79075,0.1980637,0.3247236,0.4476773,-5.062082
287.8375,-51.28688,0.2064131,0.3191066,0.4512839,-5.062106
287.8637,-50.75363,0.2155632,0.3131289,0.4551128,-5.062117
287.89,-50.18046,0.2254861,0.3067733,0.4591779,-5.062113
287.9159,-49.56134,0.2360409,0.3000965,0.4634461,-5.062093
287.9418,-48.88689,0.2477921,0.2929797,0.4679982,-5.062057
287.9677,-48.14625,0.2610883,0.2853696,0.4728743,-5.062003
287.9937,-47.3146,0.2760337,0.2772159,0.4781149,-5.061928
288.0188,-46.39204,0.2922178,0.2687486,0.4835816,-5.061834
288.0438,-45.33854,0.31097,0.2596006,0.4895238,-5.061715
288.0689,-44.1208,0.3330919,0.2496452,0.4960445,-5.061568
288.094,-42.67353,0.3591156,0.2387548,0.5032585,-5.061387
288.118,-40.99825,0.3883054,0.2273254,0.5109416,-5.061178
288.142,-38.97742,0.4235294,0.2146617,0.5196168,-5.060924
288.166,-36.52846,0.4662796,0.2005725,0.5295467,-5.060616
288.19,-33.53754,0.5173022,0.1849714,0.5410151,-5.060243
288.2145,-29.8589,0.5788619,0.167472,0.5546617,-5.059781
288.2391,-25.59155,0.6482757,0.1488636,0.5706509,-5.05922
288.2636,-21.03172,0.7204937,0.1299516,0.5890646,-5.05855
288.2882,-16.87385,0.7882077,0.1118066,0.6094888,-5.057772
288.3007,-15.19872,0.8182202,0.1032018,0.6203968,-5.057339
288.3132,-13.92807,0.8440567,0.09511806,0.6313883,-5.056888
288.3258,-13.12614,0.8653175,0.08759883,0.6422662,-5.056423
288.3383,-12.83177,0.8820204,0.08066274,0.6528422,-5.055952
288.3508,-13.05115,0.8943964,0.0743109,0.6629368,-5.055481
288.3633,-13.75284,0.9027358,0.06853534,0.6723926,-5.055015
288.3758,-14.89048,0.9073685,0.06332264,0.6810871,-5.054561
288.3884,-16.40488,0.9085033,0.05865959,0.6889325,-5.054123
288.4059,-19.00836,0.9039327,0.05305514,0.6983525,-5.053549
288.4234,-22.04081,0.8932653,0.0484425,0.7059474,-5.053024
288.4408,-25.35648,0.8769218,0.04476802,0.7117423,-5.052554
288.4583,-28.7881,0.8530067,0.04204073,0.7157897,-5.052143
288.4729,-31.65107,0.8261395,0.04048721,0.7179037,-5.051847
288.4875,-34.49083,0.7934224,0.03954427,0.7189551,-5.051592
288.5021,-37.27684,0.754615,0.03919283,0.719017,-5.051379
288.5167,-39.99372,0.7098804,0.0394124,0.7181664,-5.051206
288.5289,-42.21211,0.6682246,0.04002145,0.7168078,-5.051091
288.5411,-44.37122,0.6230066,0.04101276,0.7149002,-5.051003
288.5534,-46.46473,0.5747129,0.04238255,0.712481,-5.050941
288.5656,-48.48757,0.5242683,0.04412552,0.7095902,-5.050904
288.5778,-50.43268,0.4727986,0.04623743,0.706267,-5.050891
288.59,-52.28658,0.4212588,0.04871731,0.7025474,-5.050901
288.6023,-54.03657,0.3707593,0.05156056,0.6984695,-5.050934
288.6145,-55.67132,0.3225628,0.0547584,0.6940729,-5.050987
288.6284,-57.37667,0.2719802,0.05880764,0.6887399,-5.051071
288.6423,-58.91236,0.2269261,0.06327478,0.6831036,-5.051177
288.6561,-60.27761,0.1881192,0.06812902,0.6772185,-5.051303
288.67,-61.47761,0.1556187,0.07333507,0.6711352,-5.051448
288.6785,-62.12919,0.1388063,0.07664681,0.6673696,-5.051543
288.6869,-62.72713,0.1240799,0.08006454,0.6635575,-5.051643
288.6953,-63.27469,0.111303,0.08357936,0.6597075,-5.051748
288.7037,-63.77511,0.1002699,0.08718248,0.6558273,-5.051858
288.7122,-64.23167,0.09075369,0.0908653,0.6519243,-5.051971
288.7206,-64.64769,0.08261921,0.0946195,0.6480048,-5.052089
288.729,-65.02629,0.07571543,0.0984371,0.6440749,-5.052209
288.7374,-65.37031,0.06984933,0.1023105,0.6401399,-5.052333
288.746,-65.68812,0.06474751,0.1063079,0.6361293,-5.052462
288.7546,-65.97552,0.06043814,0.1103485,0.6321231,-5.052593
288.7632,-66.23497,0.05681811,0.1144255,0.6281254,-5.052727
288.7718,-66.46869,0.05375764,0.1185326,0.6241401,-5.052863
288.7803,-66.67825,0.05114738,0.1226538,0.62018,-5.053
288.7889,-66.86611,0.04893522,0.1267934,0.6162386,-5.053139
288.7974,-67.03398,0.04706795,0.1309464,0.6123186,-5.05328
288.806,-67.1834,0.04547931,0.1351078,0.6084225,-5.053422
288.8152,-67.32484,0.04401899,0.1395782,0.6042702,-5.053576
288.8244,-67.44823,0.04278899,0.1440482,0.6001505,-5.05373
288.8336,-67.55501,0.04175992,0.1485131,0.5960656,-5.053886
288.8428,-67.64649,0.04089212,0.1529684,0.5920174,-5.054043
288.853,-67.73202,0.04007209,0.1579294,0.5875408,-5.054219
288.8633,-67.8014,0.03939964,0.1628685,0.5831144,-5.054396
288.8736,-67.85597,0.03885827,0.167781,0.5787401,-5.054573
288.8838,-67.89692,0.03842221,0.1726628,0.5744198,-5.054751
288.8957,-67.92876,0.03802063,0.178272,0.5694864,-5.054958
288.9076,-67.94531,0.03772689,0.1838295,0.5646292,-5.055164
288.9195,-67.94791,0.03753122,0.1893305,0.5598499,-5.055371
288.9314,-67.93777,0.0374151,0.1947708,0.5551499,-5.055578
288.9456,-67.91034,0.0373596,0.2012011,0.549627,-5.055825
288.9599,-67.86781,0.03739586,0.2075332,0.5442213,-5.056072
288.9741,-67.81161,0.0375175,0.2137622,0.5389339,-5.056318
288.9883,-67.74302,0.03770971,0.219884,0.5337658,-5.056563
289.006,-67.64253,0.03802761,0.2273157,0.5275284,-5.056865
289.0236,-67.52664,0.03843822,0.2345715,0.5214762,-5.057165
289.0413,-67.39701,0.03893798,0.2416465,0.5156095,-5.057463
289.0589,-67.25509,0.0395119,0.2485371,0.5099284,-5.057759
289.0804,-67.0672,0.04028707,0.2566856,0.5032513,-5.058116
289.1019,-66.86493,0.04116907,0.2645515,0.4968481,-5.058468
289.1234,-66.65004,0.04216687,0.2721321,0.4907171,-5.058816
289.145,-66.42404,0.0432465,0.2794257,0.4848559,-5.059159
289.1663,-66.19025,0.04435906,0.2863737,0.4793076,-5.059494
289.1876,-65.94803,0.04556886,0.2930385,0.4740191,-5.059824
289.2089,-65.69844,0.04689742,0.2994206,0.4689871,-5.060149
289.2303,-65.44236,0.04829377,0.305521,0.4642081,-5.060468
289.2497,-65.20426,0.04958423,0.3108301,0.4600751,-5.060754
289.2691,-64.96206,0.05095028,0.315908,0.4561458,-5.061035
289.2885,-64.7163,0.05240673,0.3207563,0.4524174,-5.061312
289.3079,-64.46738,0.05391924,0.3253766,0.4488868,-5.061583
289.3272,-64.2184,0.05543909,0.3297248,0.4455856,-5.061847
289.3464,-63.96717,0.05702763,0.3338534,0.4424718,-5.062105
289.3656,-63.71405,0.0586985,0.337764,0.4395424,-5.062359
289.3848,-63.4593,0.06042324,0.3414588,0.4367942,-5.062608
289.4048,-63.19287,0.06224252,0.3450748,0.4341245,-5.062862
289.4247,-62.92531,0.06413431,0.3484617,0.4316437,-5.06311
289.4447,-62.65695,0.06611548,0.3516219,0.4293481,-5.063353
289.4647,-62.38792,0.06815317,0.3545577,0.4272341,-5.063591
289.4853,-62.10976,0.0702787,0.3573542,0.4252391,-5.06383
289.5059,-61.83137,0.07248111,0.3599172,0.4234293,-5.064064
289.5265,-61.55299,0.07477961,0.3622492,0.4218008,-5.064292
289.5472,-61.27463,0.07713758,0.3643532,0.4203492,-5.064514
289.5684,-60.98723,0.07959439,0.3662891,0.4190319,-5.064737
289.5897,-60.70015,0.08213357,0.3679877,0.4178946,-5.064954
289.611,-60.41357,0.08477661,0.3694519,0.4169331,-5.065164
289.6323,-60.12734,0.08748374,0.3706849,0.4161428,-5.065369
289.6544,-59.83026,0.09031866,0.3717241,0.4154987,-5.065575
289.6765,-59.53367,0.09324508,0.3725203,0.41503,-5.065775
289.6986,-59.2377,0.09628797,0.3730766,0.4147325,-5.065967
289.7207,-58.94198,0.09940338,0.3733965,0.4146014,-5.066154
289.7437,-58.63385,0.1026753,0.3734823,0.4146366,-5.066341
289.7667,-58.3259,0.106054,0.3733185,0.4148429,-5.066521
289.7897,-58.01817,0.1095698,0.3729082,0.415216,-5.066693
289.8127,-57.70997,0.1131736,0.372255,0.4157512,-5.066859
289.8367,-57.38785,0.1169638,0.3713215,0.4164754,-5.067024
289.8606,-57.06485,0.1208873,0.370131,0.4173666,-5.067181
289.8846,-56.74089,0.1249821,0.3686863,0.4184211,-5.06733
289.9085,-56.41487,0.1291935,0.3669908,0.4196346,-5.067471
289.9334,-56.07294,0.1336268,0.3649703,0.4210576,-5.06761
289.9582,-55.72793,0.1382403,0.3626841,0.4226453,-5.067739
289.9831,-55.37958,0.1430843,0.3601331,0.4243957,-5.067861
290.0079,-55.02601,0.1480984,0.3573202,0.4263056,-5.067973
290.0335,-54.65369,0.1533801,0.3541488,0.4284383,-5.06808
290.0592,-54.27412,0.1589267,0.3506982,0.4307387,-5.068177
290.0848,-53.88659,0.1648107,0.3469658,0.4332078,-5.068264
290.1104,-53.48778,0.1709685,0.3429515,0.4358451,-5.068341
290.1365,-53.06556,0.1774607,0.3385687,0.4387066,-5.068408
290.1626,-52.62801,0.1843786,0.3338809,0.4417506,-5.068465
290.1888,-52.17328,0.1918379,0.3288776,0.4449843,-5.06851
290.2149,-51.69508,0.1997832,0.3235517,0.4484131,-5.068542
290.2411,-51.18415,0.2081864,0.3178777,0.4520547,-5.068562
290.2673,-50.64118,0.2173425,0.3118427,0.4559194,-5.068568
290.2935,-50.06103,0.2274611,0.3054182,0.4600284,-5.06856
290.3196,-49.43028,0.2385379,0.29858,0.4644007,-5.068535
290.3454,-48.74458,0.2503665,0.2914303,0.4689757,-5.068494
290.3711,-47.98811,0.2636797,0.283789,0.4738747,-5.068435
290.3968,-47.14573,0.2789207,0.2755868,0.479151,-5.068355
290.4226,-46.18451,0.2962779,0.2667561,0.4848595,-5.068252
290.4473,-45.10627,0.3152332,0.2575863,0.4908267,-5.068128
290.4721,-43.85457,0.3374906,0.2476116,0.497373,-5.067975
290.4968,-42.38318,0.3640783,0.2366731,0.5046361,-5.067788
290.5216,-40.60606,0.3957351,0.2246143,0.512772,-5.067561
290.5454,-38.51819,0.4317758,0.2118189,0.521589,-5.067298
290.5691,-35.97132,0.4754331,0.1975779,0.5316921,-5.06698
290.5929,-32.88878,0.527895,0.1817957,0.5434019,-5.066595
290.6167,-29.21992,0.5888644,0.1646267,0.5570186,-5.06613
290.6408,-24.95431,0.6580559,0.1461997,0.5730706,-5.065562
290.665,-20.55128,0.7288827,0.127705,0.5914177,-5.064888
290.6891,-16.60278,0.7939652,0.1101094,0.6116204,-5.064112
290.7132,-13.83458,0.8466119,0.09417399,0.6327145,-5.063254
290.727,-13.0527,0.8691625,0.08602832,0.6446121,-5.062742
290.7407,-12.88245,0.8862784,0.07858475,0.6560914,-5.062223
290.7545,-13.31343,0.8981869,0.07184486,0.6669203,-5.061707
290.7682,-14.30766,0.9053525,0.06579539,0.6769182,-5.0612
290.782,-15.79311,0.9081355,0.06041841,0.685943,-5.06071
290.7957,-17.68356,0.9069078,0.0556895,0.6939005,-5.060244
290.8095,-19.89406,0.9019184,0.05158533,0.7007421,-5.059806
290.8233,-22.33305,0.8928687,0.04809698,0.7064482,-5.059401
290.839,-25.30032,0.876928,0.04484626,0.7116049,-5.058979
290.8548,-28.37124,0.8551059,0.04235735,0.7153484,-5.058604
290.8705,-31.47362,0.8271451,0.04060232,0.7177584,-5.058278
290.8863,-34.54611,0.7923097,0.03956334,0.7189203,-5.058002
290.9027,-37.68002,0.7486505,0.03921338,0.7189126,-5.057764
290.9191,-40.72455,0.6972977,0.03958529,0.7177614,-5.057577
290.9355,-43.65777,0.6383552,0.04066479,0.7155596,-5.05744
290.9519,-46.47789,0.573795,0.04242641,0.7124158,-5.05735
290.9661,-48.82263,0.5154399,0.04448444,0.7090174,-5.057308
290.9803,-51.05652,0.4556713,0.047043,0.7050413,-5.0573
290.9945,-53.16057,0.3960415,0.05009795,0.7005459,-5.057322
291.0087,-55.11711,0.3387042,0.05363699,0.6955936,-5.057372
291.0221,-56.80536,0.2887389,0.0573866,0.6905827,-5.057444
291.0354,-58.33896,0.2435258,0.06152967,0.6852744,-5.057538
291.0487,-59.71486,0.2038373,0.06604088,0.679718,-5.057651
291.062,-60.93567,0.1699543,0.07089052,0.6739596,-5.057781
291.0702,-61.6068,0.1520934,0.07399785,0.6703696,-5.057868
291.0783,-62.22574,0.1362693,0.07721046,0.6667294,-5.05796
291.0864,-62.79526,0.1223774,0.08052032,0.6630473,-5.058057
291.0945,-63.31821,0.110251,0.08391948,0.6593308,-5.058158
291.1027,-63.79755,0.09969615,0.08740003,0.655587,-5.058264
291.1108,-64.23635,0.09058465,0.09095426,0.6518223,-5.058373
291.1189,-64.63752,0.08277282,0.09457472,0.6480424,-5.058485
291.127,-65.00378,0.07607916,0.09825428,0.6442526,-5.058601
291.1358,-65.36144,0.06992596,0.102267,0.6401741,-5.058729
291.1445,-65.68485,0.06473866,0.1063319,0.6360952,-5.058859
291.1532,-65.97682,0.06039413,0.1104416,0.6320209,-5.058992
291.162,-66.2399,0.0567339,0.1145888,0.6279554,-5.059128
291.1705,-66.4701,0.05369762,0.1186487,0.6240169,-5.059261
291.1789,-66.67722,0.05112386,0.122732,0.6200937,-5.059397
291.1874,-66.86307,0.04895083,0.1268333,0.616189,-5.059534
291.1959,-67.0293,0.04710227,0.1309476,0.6123053,-5.059673
291.2049,-67.18585,0.04542208,0.1353207,0.6082115,-5.059822
291.2139,-67.32364,0.04400334,0.139698,0.6041466,-5.059972
291.2229,-67.44417,0.04281207,0.1440747,0.6001131,-5.060123
291.2319,-67.54877,0.04180353,0.1484465,0.5961129,-5.060275
291.2419,-67.64742,0.04085464,0.1532729,0.591728,-5.060444
291.2518,-67.72956,0.0400686,0.1580831,0.5873885,-5.060614
291.2618,-67.79655,0.03942647,0.1628726,0.5830964,-5.060785
291.2718,-67.84961,0.03889985,0.167637,0.5788533,-5.060957
291.2832,-67.89475,0.03840684,0.1730722,0.5740437,-5.061154
291.2946,-67.92446,0.03802885,0.178464,0.5693028,-5.061352
291.3061,-67.94006,0.03775483,0.1838078,0.5646325,-5.06155
291.3175,-67.94276,0.0375649,0.1890993,0.5600343,-5.061748
291.3311,-67.93066,0.03742604,0.1953109,0.5546683,-5.061983
291.3447,-67.90345,0.03738131,0.2014379,0.5494075,-5.062218
291.3582,-67.86255,0.03742368,0.2074754,0.5442534,-5.062453
291.3718,-67.80921,0.03753768,0.2134191,0.539207,-5.062686
291.3885,-67.72826,0.03775738,0.2205877,0.5331558,-5.062972
291.4052,-67.63201,0.038068,0.2276034,0.5272696,-5.063257
291.4219,-67.52206,0.03846499,0.2344614,0.5215492,-5.06354
291.4386,-67.3998,0.03893419,0.2411577,0.5159948,-5.063821
291.4593,-67.23244,0.0395965,0.2492541,0.5093197,-5.064167
291.4801,-67.05,0.04036252,0.2570909,0.5029007,-5.064509
291.5008,-66.85427,0.0412364,0.2646645,0.4967364,-5.064847
291.5216,-66.64683,0.04219184,0.2719726,0.4908253,-5.065181
291.5434,-66.41784,0.04324684,0.2793592,0.4848884,-5.065527
291.5652,-66.17883,0.0444045,0.2864505,0.4792255,-5.065868
291.587,-65.93108,0.04568597,0.2932464,0.4738335,-5.066204
291.6087,-65.67563,0.04703967,0.2997473,0.468709,-5.066534
291.6285,-65.43769,0.04829082,0.3053978,0.4642828,-5.066828
291.6483,-65.19489,0.04962227,0.3108069,0.4600714,-5.067118
291.6681,-64.94786,0.0510506,0.3159758,0.4560718,-5.067403
291.6879,-64.69708,0.05253708,0.3209062,0.4522808,-5.067683
291.707,-64.45209,0.05399263,0.3254369,0.4488192,-5.067949
291.7261,-64.20451,0.05551702,0.3297489,0.4455457,-5.068209
291.7452,-63.95474,0.05712342,0.3338439,0.4424574,-5.068465
291.7643,-63.70306,0.05878351,0.3377239,0.439551,-5.068716
291.7841,-63.44031,0.06053084,0.3415225,0.4367257,-5.068971
291.8039,-63.17618,0.06234964,0.3450941,0.4340893,-5.069221
291.8237,-62.91101,0.06425598,0.3484407,0.4316384,-5.069465
291.8435,-62.64496,0.06621822,0.3515647,0.4293691,-5.069704
291.8639,-62.36907,0.06827106,0.3545637,0.4272098,-5.069946
291.8844,-62.09277,0.07039985,0.3573297,0.425237,-5.070182
291.9049,-61.8163,0.07262328,0.3598653,0.4234469,-5.070412
291.9254,-61.53971,0.07490551,0.3621734,0.4218352,-5.070637
291.9465,-61.25439,0.07728129,0.3643179,0.420356,-5.070863
291.9676,-60.96928,0.07973799,0.3662262,0.419058,-5.071082
291.9887,-60.68459,0.08229646,0.3679009,0.4179372,-5.071296
292.0098,-60.40021,0.08491773,0.3693452,0.416989,-5.071503
292.0317,-60.1054,0.08765974,0.3706032,0.4161833,-5.071712
292.0536,-59.81108,0.09049072,0.3716196,0.4155542,-5.071914
292.0755,-59.51739,0.09343468,0.3723974,0.4150974,-5.07211
292.0974,-59.22402,0.09644876,0.3729402,0.4148082,-5.0723
292.1202,-58.91858,0.09961277,0.3732592,0.4146802,-5.07249
292.1429,-58.61345,0.1028793,0.3733301,0.4147245,-5.072673
292.1657,-58.30868,0.1062772,0.373156,0.4149367,-5.072849
292.1885,-58.00369,0.1097586,0.3727406,0.415312,-5.073019
292.2123,-57.68516,0.1134191,0.3720558,0.415871,-5.073187
292.236,-57.36607,0.1172054,0.3711158,0.4165981,-5.073348
292.2597,-57.04639,0.1211533,0.3699234,0.4174893,-5.073502
292.2834,-56.72513,0.1252094,0.3684822,0.4185401,-5.073648
292.3081,-56.38847,0.1294787,0.3667258,0.419796,-5.073791
292.3327,-56.04939,0.1339146,0.3647059,0.4212171,-5.073927
292.3574,-55.70769,0.138564,0.362424,0.4228008,-5.074053
292.382,-55.36169,0.1433678,0.3598832,0.4245433,-5.074171
292.4075,-54.99771,0.1484275,0.3569899,0.4265066,-5.074284
292.4329,-54.62771,0.1537273,0.3538213,0.4286363,-5.074388
292.4584,-54.25112,0.1593333,0.3503756,0.4309325,-5.074482
292.4839,-53.86507,0.1651822,0.346654,0.4333938,-5.074566
292.5099,-53.45694,0.171347,0.3425632,0.4360804,-5.074642
292.5359,-53.0359,0.1778897,0.3381753,0.4389445,-5.074707
292.562,-52.60047,0.1849129,0.3334819,0.4419915,-5.074761
292.588,-52.14529,0.1923573,0.3284784,0.4452249,-5.074804
292.6142,-51.66026,0.200222,0.3231193,0.4486747,-5.074834
292.6404,-51.14833,0.2087397,0.3174164,0.4523347,-5.074851
292.6667,-50.6055,0.2180903,0.3113471,0.4562216,-5.074855
292.6929,-50.02064,0.2282503,0.3048926,0.4603501,-5.074843
292.7188,-49.38808,0.2390659,0.2981187,0.4646817,-5.074817
292.7446,-48.69717,0.2511348,0.2908945,0.4693053,-5.074773
292.7705,-47.93625,0.2648239,0.2831636,0.4742635,-5.07471
292.7964,-47.07894,0.2802535,0.2748723,0.4795995,-5.074626
292.8214,-46.12575,0.2969902,0.2662635,0.4851674,-5.074523
292.8465,-45.03346,0.3164381,0.2569494,0.4912309,-5.074394
292.8715,-43.76628,0.3394446,0.2467969,0.4978999,-5.074236
292.8965,-42.25472,0.3665849,0.2356717,0.5052971,-5.074043
292.9204,-40.49956,0.3971172,0.2239728,0.5132003,-5.07382
292.9444,-38.37621,0.434016,0.2109924,0.5221521,-5.07355
292.9683,-35.80084,0.4787587,0.1965504,0.5324286,-5.073225
292.9922,-32.66612,0.5319555,0.1805966,0.5443222,-5.072831
293.0167,-28.8388,0.5956512,0.162799,0.5584904,-5.072343
293.0412,-24.48636,0.6661873,0.1440884,0.5750367,-5.071754
293.0657,-19.9733,0.7377555,0.1253436,0.5939464,-5.071055
293.0902,-16.04218,0.8028348,0.1076044,0.6146753,-5.070252
293.1026,-14.57343,0.8305079,0.09937743,0.6254644,-5.069816
293.1149,-13.52886,0.8539422,0.09167626,0.6362477,-5.069364
293.1272,-12.95638,0.8728998,0.08453153,0.6468361,-5.068902
293.1395,-12.87947,0.8875025,0.07795338,0.6570552,-5.068436
293.1518,-13.29121,0.8980254,0.0719384,0.6667433,-5.067972
293.1642,-14.15361,0.9047676,0.06647627,0.6757633,-5.067517
293.1765,-15.41722,0.9080384,0.06155281,0.6840113,-5.067074
293.1888,-17.02201,0.9079907,0.0571557,0.6914143,-5.066649
293.203,-19.21091,0.903767,0.05271849,0.6988528,-5.066186
293.2173,-21.67291,0.8953492,0.04894179,0.7050797,-5.065756
293.2315,-24.32417,0.8827618,0.04580254,0.7101055,-5.065362
293.2457,-27.08032,0.8653891,0.04329369,0.7139573,-5.065006
293.26,-29.87447,0.842679,0.04140467,0.716686,-5.064691
293.2742,-32.66654,0.8145338,0.04010941,0.718359,-5.064415
293.2884,-35.42211,0.7806964,0.03938923,0.7190443,-5.064179
293.3027,-38.12032,0.7411193,0.03922483,0.7188134,-5.063982
293.314,-40.21484,0.7057544,0.03947722,0.7180261,-5.063852
293.3253,-42.26169,0.66703,0.04006165,0.7167385,-5.063746
293.3366,-44.25646,0.6252106,0.04097333,0.7149816,-5.063663
293.3479,-46.19665,0.5808463,0.042207,0.7127876,-5.063601
293.3592,-48.07893,0.5346453,0.04375857,0.710188,-5.063562
293.3705,-49.89486,0.4872413,0.04562759,0.7072108,-5.063543
293.3818,-51.6355,0.4394347,0.0478122,0.7038853,-5.063545
293.393,-53.29175,0.3922232,0.05030833,0.7002424,-5.063566
293.4069,-55.19616,0.3365684,0.05379154,0.6953803,-5.063616
293.4208,-56.9425,0.2848638,0.05772119,0.6901436,-5.063692
293.4347,-58.52078,0.238317,0.06207492,0.6845893,-5.06379
293.4485,-59.92831,0.1977953,0.06682378,0.6787726,-5.063909
293.4578,-60.77542,0.1742571,0.07020019,0.6747655,-5.064
293.4671,-61.55077,0.153505,0.07372626,0.6706788,-5.064097
293.4764,-62.25795,0.135451,0.07739026,0.6665259,-5.064202
293.4856,-62.90086,0.1198761,0.08118037,0.6623189,-5.064312
293.4949,-63.48379,0.1064925,0.08508467,0.6580691,-5.064429
293.5042,-64.0114,0.09513665,0.08909148,0.6537865,-5.06455
293.5134,-64.48811,0.08560742,0.09318952,0.6494804,-5.064676
293.5227,-64.91799,0.07761013,0.097368,0.6451589,-5.064807
293.5314,-65.28267,0.07123399,0.1013576,0.6410916,-5.064933
293.5401,-65.61261,0.06585495,0.1054009,0.6370228,-5.065062
293.5489,-65.91067,0.06134685,0.1094903,0.6329574,-5.065193
293.5576,-66.17941,0.05754758,0.1136187,0.6289,-5.065327
293.566,-66.41511,0.05439121,0.1176683,0.6249617,-5.06546
293.5745,-66.62732,0.05171617,0.1217426,0.6210382,-5.065595
293.583,-66.81788,0.04945817,0.1258362,0.6171322,-5.065731
293.5915,-66.98847,0.04753792,0.1299438,0.6132468,-5.065869
293.6004,-67.14867,0.04579977,0.1342932,0.609167,-5.066016
293.6094,-67.28995,0.04433142,0.1386479,0.6051155,-5.066164
293.6183,-67.41379,0.04309765,0.1430031,0.6010943,-5.066313
293.6273,-67.52156,0.04205239,0.1473544,0.5971058,-5.066464
293.6372,-67.62334,0.04107012,0.1521491,0.5927421,-5.066631
293.6471,-67.70852,0.04025487,0.156929,0.5884227,-5.066799
293.657,-67.77846,0.03958703,0.1616895,0.5841496,-5.066968
293.6669,-67.83437,0.03903749,0.1664262,0.5799245,-5.067138
293.6782,-67.88262,0.03852176,0.1718202,0.5751438,-5.067332
293.6895,-67.91539,0.03812303,0.1771728,0.5704302,-5.067528
293.7009,-67.93401,0.03782992,0.1824792,0.5657856,-5.067723
293.7122,-67.93969,0.03762216,0.1877352,0.5612114,-5.067919
293.7256,-67.9311,0.03746356,0.1938954,0.555882,-5.06815
293.7391,-67.90739,0.03739986,0.1999739,0.5506553,-5.068382
293.7525,-67.86998,0.03742383,0.2059658,0.5455325,-5.068613
293.7659,-67.82011,0.03751982,0.211867,0.540515,-5.068844
293.7824,-67.74355,0.03771733,0.2189747,0.5345064,-5.069125
293.7989,-67.6517,0.03800557,0.2259346,0.5286584,-5.069405
293.8154,-67.54615,0.03837983,0.2327418,0.522972,-5.069684
293.8318,-67.42829,0.03882601,0.2393923,0.5174473,-5.069961
293.8524,-67.26595,0.03946157,0.2474573,0.5107879,-5.070302
293.8729,-67.08843,0.04020002,0.255269,0.5043795,-5.070641
293.8934,-66.89752,0.04104451,0.2628236,0.4982209,-5.070975
293.914,-66.69478,0.0419703,0.2701185,0.4923108,-5.071306
293.9358,-66.46731,0.04301052,0.2776018,0.4862862,-5.071653
293.9577,-66.22944,0.04415461,0.2847876,0.4805386,-5.071995
293.9796,-65.98247,0.04542336,0.2916755,0.4750648,-5.072331
294.0015,-65.7275,0.0467655,0.2982659,0.4698615,-5.072662
294.0214,-65.48947,0.04800859,0.3040028,0.4653605,-5.072958
294.0413,-65.24636,0.04933329,0.3094954,0.4610773,-5.073249
294.0612,-64.99884,0.05075661,0.314745,0.4570089,-5.073536
294.0811,-64.74742,0.05223872,0.3197531,0.4531521,-5.073817
294.1001,-64.50317,0.05368111,0.3243289,0.4496503,-5.074082
294.1192,-64.25624,0.05519255,0.328686,0.4463372,-5.074342
294.1383,-64.00703,0.05678616,0.332826,0.4432095,-5.074597
294.1574,-63.75586,0.05843351,0.3367508,0.4402644,-5.074848
294.1771,-63.49392,0.06016531,0.3405906,0.4374033,-5.075102
294.1969,-63.23055,0.06196838,0.3442037,0.4347311,-5.075351
294.2166,-62.96607,0.06385863,0.3475923,0.4322443,-5.075595
294.2364,-62.70068,0.06580467,0.3507587,0.4299394,-5.075834
294.2568,-62.42524,0.06784227,0.3538038,0.4277419,-5.076075
294.2773,-62.14934,0.06995564,0.3566161,0.4257313,-5.076311
294.2977,-61.87323,0.0721634,0.359198,0.4239037,-5.07654
294.3181,-61.59697,0.07442986,0.3615524,0.422255,-5.076765
294.3392,-61.31202,0.07678898,0.3637443,0.4207382,-5.07699
294.3603,-61.02726,0.07922876,0.3657001,0.4194032,-5.077209
294.3814,-60.74289,0.08176996,0.3674224,0.4182456,-5.077422
294.4024,-60.45881,0.08437374,0.3689144,0.4172611,-5.077629
294.4243,-60.1644,0.08709678,0.3702216,0.4164184,-5.077837
294.4461,-59.87049,0.08990832,0.3712874,0.4157527,-5.078039
294.468,-59.5772,0.09283218,0.3721149,0.4152596,-5.078235
294.4898,-59.28423,0.09582574,0.3727075,0.4149344,-5.078424
294.5126,-58.97928,0.09896789,0.3730785,0.4147693,-5.078613
294.5353,-58.67465,0.1022118,0.3732017,0.4147769,-5.078796
294.558,-58.37041,0.1055859,0.3730801,0.4149527,-5.078972
294.5808,-58.06599,0.1090427,0.3727174,0.4152919,-5.079141
294.6045,-57.7481,0.1126772,0.3720878,0.4158138,-5.079309
294.6281,-57.42972,0.1164361,0.3712032,0.416504,-5.07947
294.6518,-57.11083,0.1203547,0.3700665,0.4173587,-5.079624
294.6755,-56.79044,0.1243799,0.3686813,0.4183731,-5.079769
294.7001,-56.45476,0.1286166,0.3669831,0.4195918,-5.079913
294.7247,-56.11678,0.1330174,0.3650217,0.4209759,-5.080048
294.7493,-55.77632,0.1376283,0.3627988,0.4225226,-5.080174
294.7739,-55.43174,0.1423907,0.3603174,0.4242283,-5.080292
294.7993,-55.06932,0.1474067,0.3574851,0.4261543,-5.080405
294.8247,-54.70112,0.1526582,0.3543779,0.4282465,-5.080509
294.8502,-54.3266,0.1582098,0.3509945,0.430505,-5.080603
294.8756,-53.94296,0.1639985,0.3473362,0.4329281,-5.080688
294.9016,-53.53749,0.1700997,0.3433087,0.4355769,-5.080764
294.9276,-53.11957,0.1765697,0.3389854,0.4384023,-5.08083
294.9536,-52.68779,0.1835087,0.3343585,0.4414094,-5.080885
294.9796,-52.23697,0.1908567,0.3294237,0.4446014,-5.080928
295.0059,-51.75682,0.1986182,0.3241316,0.4480108,-5.080959
295.0321,-51.25074,0.207014,0.3184989,0.4516281,-5.080977
295.0583,-50.71491,0.2162185,0.3125039,0.4554691,-5.080982
295.0845,-50.13866,0.2262048,0.3061289,0.4595478,-5.080972
295.1104,-49.516,0.2368297,0.2994326,0.4638301,-5.080946
295.1364,-48.83728,0.248665,0.2922934,0.4683986,-5.080904
295.1623,-48.09144,0.2620641,0.2846575,0.4732939,-5.080844
295.1882,-47.25329,0.2771349,0.2764737,0.4785571,-5.080763
295.2133,-46.32303,0.2934614,0.267975,0.4840482,-5.080662
295.2383,-45.25985,0.3123912,0.2587895,0.4900199,-5.080537
295.2634,-44.02989,0.3347369,0.2487892,0.4965769,-5.080383
295.2885,-42.56684,0.3610408,0.2378449,0.5038357,-5.080195
295.3125,-40.87215,0.3905637,0.2263536,0.5115725,-5.079978
295.3364,-38.82658,0.4262005,0.2136171,0.5203149,-5.079717
295.3604,-36.34736,0.4694396,0.199447,0.5303289,-5.079401
295.3844,-33.32222,0.5209935,0.1837658,0.5419,-5.079019
295.409,-29.59584,0.5832976,0.1661412,0.5557197,-5.078545
295.4336,-25.29322,0.6532402,0.1474528,0.5719062,-5.077971
295.4583,-20.73143,0.7255125,0.1285333,0.5905164,-5.077286
295.4829,-16.62706,0.7926706,0.1104562,0.6110948,-5.076495
295.4953,-15.01616,0.8219595,0.1019732,0.6219629,-5.076059
295.5078,-13.81601,0.8470482,0.09401289,0.6328865,-5.075606
295.5203,-13.08572,0.8675892,0.08661447,0.6436709,-5.075141
295.5327,-12.85925,0.8836347,0.07979381,0.6541321,-5.074669
295.5452,-13.13858,0.8954309,0.07355052,0.6640963,-5.074198
295.5576,-13.89015,0.9032717,0.06787588,0.6734126,-5.073734
295.5701,-15.06662,0.9074807,0.06275621,0.6819645,-5.073282
295.5826,-16.60851,0.9082488,0.05817861,0.6896688,-5.072847
295.597,-18.7651,0.9048172,0.0535284,0.6974799,-5.072368
295.6115,-21.22336,0.8970736,0.04956446,0.7040411,-5.071923
295.626,-23.89361,0.8850872,0.04626171,0.7093574,-5.071515
295.6405,-26.68404,0.8682012,0.04361368,0.7134528,-5.071147
295.6549,-29.52124,0.8458162,0.04161015,0.7163781,-5.07082
295.6694,-32.36195,0.8178588,0.04022284,0.7182032,-5.070534
295.6839,-35.16851,0.7840554,0.039432,0.7189994,-5.070289
295.6984,-37.91741,0.7443168,0.03921763,0.7188414,-5.070084
295.709,-39.8869,0.7115465,0.03941465,0.7181647,-5.069959
295.7196,-41.81495,0.6757903,0.03990458,0.7170434,-5.069855
295.7302,-43.69804,0.6372549,0.0406831,0.7155036,-5.06977
295.7407,-45.53416,0.5963518,0.04174573,0.7135716,-5.069706
295.7513,-47.32085,0.5536147,0.04308894,0.7112736,-5.069661
295.7619,-49.05189,0.50954,0.04471206,0.7086328,-5.069634
295.7725,-50.72046,0.4647578,0.0466137,0.7056733,-5.069626
295.7831,-52.3194,0.4200594,0.04879108,0.7024205,-5.069635
295.7971,-54.30741,0.3627093,0.05207623,0.6977275,-5.069671
295.8111,-56.14211,0.3086079,0.0558222,0.6926269,-5.069735
295.8251,-57.81031,0.2591329,0.06000968,0.6871773,-5.069823
295.839,-59.30601,0.2154515,0.06461198,0.6814361,-5.069933
295.8489,-60.25976,0.1884205,0.06809916,0.6772302,-5.070022
295.8588,-61.13006,0.1645927,0.07176417,0.6729241,-5.070121
295.8687,-61.9207,0.1439175,0.07559312,0.6685345,-5.070228
295.8785,-62.63607,0.1261621,0.07957178,0.664077,-5.070343
295.8884,-63.28119,0.1109873,0.0836857,0.6595657,-5.070464
295.8983,-63.86175,0.09821709,0.08792061,0.6550132,-5.070591
295.9082,-64.38314,0.08761961,0.09226272,0.6504311,-5.070724
295.9181,-64.85033,0.07881984,0.09669884,0.6458295,-5.070861
295.9268,-65.22156,0.07224906,0.1006839,0.6417575,-5.070986
295.9355,-65.55747,0.06670587,0.1047242,0.6376831,-5.071114
295.9442,-65.86095,0.06206086,0.1088119,0.6336114,-5.071245
295.9529,-66.13462,0.05814738,0.1129398,0.6295469,-5.071378
295.9614,-66.37417,0.0549042,0.116981,0.6256101,-5.07151
295.9699,-66.58994,0.05215581,0.1210478,0.6216874,-5.071644
295.9784,-66.78381,0.04983617,0.1251346,0.6177818,-5.071779
295.9868,-66.95746,0.04786383,0.1292363,0.6138962,-5.071916
295.9958,-67.12029,0.04608302,0.1335696,0.6098259,-5.072061
296.0047,-67.26405,0.04457821,0.1379089,0.6057831,-5.072209
296.0136,-67.39026,0.04331327,0.1422495,0.6017703,-5.072357
296.0225,-67.50027,0.04224115,0.1465869,0.5977894,-5.072506
296.0324,-67.60425,0.04123464,0.1513595,0.5934406,-5.072672
296.0422,-67.69156,0.04039824,0.1561182,0.5891353,-5.072838
296.0521,-67.76357,0.03971184,0.1608583,0.5848754,-5.073006
296.0619,-67.82148,0.03914581,0.1655757,0.5806629,-5.073173
296.0732,-67.87189,0.03861381,0.1709409,0.5759024,-5.073366
296.0844,-67.90678,0.0382003,0.1762661,0.5712079,-5.073559
296.0957,-67.9275,0.03789365,0.1815464,0.5665812,-5.073753
296.107,-67.93523,0.03767331,0.1867776,0.5620238,-5.073947
296.1203,-67.92906,0.03750088,0.1929018,0.5567202,-5.074176
296.1336,-67.90777,0.03742395,0.1989463,0.5515173,-5.074405
296.147,-67.87276,0.03743516,0.2049063,0.5464166,-5.074633
296.1603,-67.82527,0.03751872,0.2107776,0.5414194,-5.074861
296.1766,-67.75171,0.03770098,0.2178426,0.5354409,-5.07514
296.193,-67.66288,0.03797393,0.2247631,0.5296201,-5.075417
296.2093,-67.56034,0.03833271,0.2315343,0.5239578,-5.075692
296.2256,-67.44548,0.03876325,0.2381521,0.5184545,-5.075965
296.246,-67.28666,0.0393804,0.2461916,0.5118092,-5.076304
296.2664,-67.11257,0.04009987,0.253982,0.5054112,-5.076639
296.2868,-66.92504,0.04092419,0.2615197,0.4992596,-5.07697
296.3071,-66.72561,0.04182961,0.268802,0.4933531,-5.077297
296.3291,-66.49928,0.04285946,0.2763499,0.4872695,-5.077645
296.351,-66.26226,0.04399402,0.2835988,0.4814648,-5.077987
296.3729,-66.01592,0.04525378,0.2905485,0.4759359,-5.078324
296.3949,-65.76137,0.04658775,0.297199,0.4706793,-5.078655
296.4148,-65.52322,0.04782575,0.3029968,0.4661254,-5.078951
296.4348,-65.27986,0.04914631,0.3085483,0.4617916,-5.079243
296.4548,-65.03195,0.0505668,0.3138546,0.4576747,-5.07953
296.4748,-64.78003,0.05204655,0.3189173,0.4537716,-5.079812
296.4938,-64.53621,0.0534806,0.3235248,0.4502418,-5.080076
296.5129,-64.28966,0.0549839,0.3279134,0.4469009,-5.080336
296.532,-64.04078,0.05656956,0.3320848,0.4437459,-5.080591
296.551,-63.78987,0.05820904,0.3360407,0.4407738,-5.080841
296.5708,-63.52847,0.05993078,0.3399082,0.4378885,-5.081094
296.5905,-63.2656,0.06172368,0.3435492,0.4351921,-5.081342
296.6102,-63.00158,0.06360353,0.3469661,0.4326812,-5.081585
296.6299,-62.7366,0.06553913,0.350161,0.4303521,-5.081823
296.6503,-62.46144,0.06756701,0.3532372,0.4281288,-5.082063
296.6708,-62.18578,0.06967058,0.3560806,0.4260926,-5.082298
296.6912,-61.90989,0.07186839,0.3586937,0.4242397,-5.082528
296.7116,-61.63383,0.07412486,0.3610792,0.422566,-5.082751
296.7327,-61.34908,0.07647348,0.363303,0.421024,-5.082975
296.7537,-61.06452,0.07890263,0.3652906,0.4196639,-5.083194
296.7748,-60.78033,0.08143298,0.3670449,0.4184816,-5.083406
296.7958,-60.49642,0.08402581,0.3685689,0.4174727,-5.083613
296.8176,-60.20225,0.08673694,0.369909,0.4166052,-5.08382
296.8394,-59.90856,0.08953629,0.3710078,0.4159149,-5.084021
296.8613,-59.61549,0.09244758,0.3718683,0.4153975,-5.084216
296.8831,-59.32276,0.09542831,0.3724941,0.4150483,-5.084404
296.9058,-59.01808,0.09855681,0.3728997,0.4148585,-5.084593
296.9285,-58.71375,0.1017866,0.3730576,0.4148416,-5.084775
296.9512,-58.40982,0.1051458,0.3729709,0.4149932,-5.08495
296.9739,-58.10574,0.1085873,0.3726432,0.4153085,-5.085119
296.9976,-57.78823,0.1122056,0.3720501,0.4158057,-5.085286
297.0212,-57.47027,0.1159474,0.3712022,0.4164715,-5.085447
297.0449,-57.15184,0.1198478,0.3701022,0.4173019,-5.085599
297.0685,-56.83198,0.1238538,0.3687541,0.4182924,-5.085744
297.0931,-56.49688,0.1280703,0.3670942,0.4194865,-5.085887
297.1176,-56.15956,0.1324492,0.3651714,0.4208462,-5.086021
297.1422,-55.81985,0.1370363,0.3629872,0.4223686,-5.086147
297.1668,-55.47613,0.1417729,0.360545,0.4240501,-5.086265
297.1922,-55.11467,0.1467619,0.3577526,0.4259516,-5.086378
297.2176,-54.74757,0.1519834,0.3546857,0.4280193,-5.086481
297.243,-54.37432,0.1575013,0.3513432,0.4302532,-5.086575
297.2684,-53.99216,0.1632526,0.3477262,0.4326514,-5.086659
297.2944,-53.58832,0.1693144,0.3437401,0.4352755,-5.086735
297.3204,-53.17232,0.1757395,0.339459,0.4380758,-5.086801
297.3464,-52.7428,0.1826262,0.3348753,0.4410572,-5.086855
297.3724,-52.29467,0.1899145,0.3299851,0.4442225,-5.086898
297.3986,-51.81752,0.1976123,0.3247365,0.4476058,-5.086929
297.4248,-51.31505,0.2059327,0.3191492,0.4511956,-5.086947
297.451,-50.78355,0.2150467,0.3132022,0.4550073,-5.086952
297.4773,-50.21261,0.2249258,0.3068784,0.4590542,-5.086942
297.5032,-49.59606,0.2354328,0.3002318,0.4633053,-5.086918
297.5291,-48.92486,0.2471241,0.293147,0.4678389,-5.086876
297.5551,-48.18832,0.2603442,0.2855716,0.4726946,-5.086816
297.581,-47.36198,0.2751939,0.2774561,0.4779121,-5.086736
297.6061,-46.44582,0.2912678,0.2690271,0.4833553,-5.086637
297.6312,-45.40055,0.3098787,0.2599226,0.4892697,-5.086514
297.6563,-44.19346,0.3318175,0.250018,0.4957571,-5.086361
297.6814,-42.76026,0.3576059,0.2391873,0.5029301,-5.086176
297.7054,-41.10273,0.3865076,0.2278257,0.5105643,-5.085963
297.7294,-39.10509,0.4213646,0.2152422,0.519178,-5.085706
297.7535,-36.68551,0.4636657,0.2012445,0.5290301,-5.085395
297.7775,-33.72957,0.5141758,0.1857401,0.5404015,-5.08502
297.8019,-30.1025,0.5749444,0.1683967,0.5538756,-5.084559
297.8264,-25.88187,0.643707,0.1499127,0.5696601,-5.084
297.8509,-21.34541,0.7156829,0.1310639,0.5878561,-5.083333
297.8754,-17.16071,0.7837162,0.1129103,0.6080865,-5.082559
297.888,-15.42778,0.8144455,0.1041794,0.6190471,-5.082122
297.9007,-14.09495,0.841011,0.09596994,0.6301168,-5.081666
297.9133,-13.23155,0.862959,0.08832988,0.6410947,-5.081196
297.9259,-12.88103,0.8802715,0.08128082,0.6517875,-5.080719
297.9386,-13.05336,0.8931623,0.07482544,0.662009,-5.08024
297.9512,-13.71873,0.9019195,0.06895651,0.6715949,-5.079767
297.9638,-14.83125,0.9068788,0.06366078,0.6804167,-5.079305
297.9765,-16.33142,0.9082626,0.0589248,0.688382,-5.07886
297.9936,-18.8459,0.9042197,0.05339043,0.6976881,-5.078292
298.0107,-21.78121,0.8943163,0.04880737,0.7052522,-5.077771
298.0278,-24.99843,0.878919,0.04512662,0.7110915,-5.077302
298.0449,-28.34054,0.856372,0.04235382,0.7152516,-5.076889
298.0596,-31.21639,0.8303103,0.04069516,0.7175517,-5.076581
298.0742,-34.07414,0.7983771,0.03965614,0.7187674,-5.076315
298.0889,-36.8812,0.7603179,0.03921711,0.7189728,-5.076091
298.1036,-39.62036,0.7162448,0.03935725,0.7182461,-5.075908
298.1155,-41.79093,0.6763246,0.03988353,0.7170237,-5.075788
298.1274,-43.90602,0.6329382,0.04077387,0.7152726,-5.075694
298.1393,-45.96003,0.586507,0.04202432,0.7130278,-5.075624
298.1512,-47.94869,0.5378357,0.0436298,0.7103265,-5.075579
298.1631,-49.86609,0.4879151,0.04558629,0.7072049,-5.075557
298.175,-51.7003,0.4376044,0.04789313,0.7036962,-5.075558
298.187,-53.43968,0.3879211,0.05054672,0.6998354,-5.075579
298.1989,-55.07343,0.3400474,0.05353997,0.6956591,-5.075621
298.2128,-56.83236,0.2879325,0.0574475,0.6904377,-5.075694
298.2267,-58.42344,0.2410087,0.06178168,0.6848945,-5.075789
298.2406,-59.84342,0.2001292,0.06651366,0.679085,-5.075906
298.2545,-61.09566,0.1655649,0.07160948,0.6730611,-5.076041
298.2625,-61.74979,0.1482984,0.07472254,0.6694815,-5.076127
298.2706,-62.353,0.1330186,0.07793765,0.6658543,-5.076218
298.2787,-62.90807,0.1196164,0.08124695,0.6621875,-5.076314
298.2868,-63.41781,0.1079238,0.08464263,0.6584883,-5.076414
298.2948,-63.88514,0.09774924,0.08811698,0.6547636,-5.076519
298.3029,-64.31303,0.08896612,0.09166248,0.6510194,-5.076626
298.311,-64.70433,0.08143399,0.09527188,0.6472614,-5.076737
298.3191,-65.06168,0.0749771,0.09893822,0.6434947,-5.076851
298.3278,-65.41207,0.06901619,0.1029505,0.6394259,-5.076977
298.3365,-65.72886,0.06399007,0.1070134,0.6353576,-5.077106
298.3452,-66.01482,0.05977903,0.1111195,0.6312946,-5.077238
298.3539,-66.27243,0.05622961,0.1152617,0.6272412,-5.077372
298.3624,-66.49861,0.05327324,0.1193312,0.6232999,-5.077505
298.3709,-66.70198,0.05076733,0.1234231,0.6193745,-5.077639
298.3794,-66.88431,0.0486517,0.1275321,0.6154681,-5.077775
298.3879,-67.04724,0.04685194,0.1316533,0.6115833,-5.077913
298.397,-67.20084,0.04521243,0.1360432,0.6074792,-5.078061
298.406,-67.33581,0.04382873,0.1404364,0.6034047,-5.07821
298.415,-67.45363,0.04266771,0.1448281,0.5993622,-5.07836
298.4241,-67.55563,0.04168554,0.149214,0.5953537,-5.078511
298.4341,-67.65166,0.04076074,0.1540637,0.5909525,-5.07868
298.4441,-67.73125,0.0399961,0.1588962,0.5865976,-5.078849
298.4541,-67.79573,0.03937311,0.1637068,0.582291,-5.079019
298.4642,-67.84634,0.03886384,0.1684912,0.5780344,-5.07919
298.4757,-67.88879,0.03838838,0.1739568,0.5732025,-5.079386
298.4872,-67.91581,0.03802674,0.1793775,0.5684409,-5.079583
298.4987,-67.92875,0.03776812,0.1847485,0.5637511,-5.079781
298.5102,-67.92881,0.03759285,0.1900657,0.5591348,-5.079978
298.524,-67.91357,0.03747063,0.196316,0.5537402,-5.080213
298.5377,-67.8832,0.03744227,0.2024792,0.5484531,-5.080447
298.5514,-67.83913,0.03750084,0.2085502,0.5432749,-5.080681
298.5651,-67.78262,0.03763098,0.2145249,0.5382066,-5.080914
298.582,-67.69763,0.03787104,0.221741,0.5321206,-5.0812
298.5988,-67.59729,0.03820257,0.2287999,0.5262035,-5.081484
298.6157,-67.48323,0.03862115,0.2356967,0.520456,-5.081766
298.6326,-67.35685,0.03911251,0.2424273,0.5148783,-5.082046
298.6535,-67.18481,0.03980069,0.2505409,0.5081954,-5.082391
298.6744,-66.99776,0.04059367,0.2583894,0.5017729,-5.082731
298.6954,-66.79753,0.04149648,0.2659697,0.4956094,-5.083067
298.7163,-66.58566,0.04248137,0.2732793,0.4897031,-5.083399
298.738,-66.35494,0.04355337,0.2805765,0.4838442,-5.083739
298.7597,-66.11454,0.04472735,0.2875801,0.478257,-5.084073
298.7814,-65.86566,0.04602475,0.2942901,0.4729384,-5.084402
298.8032,-65.60933,0.04739376,0.3007072,0.4678849,-5.084726
298.8229,-65.3709,0.04865786,0.3062808,0.4635232,-5.085014
298.8426,-65.12778,0.05000152,0.3116149,0.4593742,-5.085298
298.8623,-64.88056,0.05144097,0.3167108,0.4554349,-5.085577
298.882,-64.62974,0.05293835,0.3215703,0.4517021,-5.085851
298.9012,-64.3835,0.0544126,0.3260576,0.448277,-5.086112
298.9203,-64.13476,0.05595587,0.3303258,0.4450401,-5.086368
298.9394,-63.88388,0.05758143,0.3343767,0.4419883,-5.08662
298.9585,-63.63117,0.05926091,0.3382121,0.4391185,-5.086866
298.9784,-63.36716,0.06103015,0.3419677,0.4363285,-5.087117
298.9982,-63.10183,0.06287134,0.3454953,0.4337278,-5.087362
299.018,-62.83551,0.06480077,0.3487973,0.4313127,-5.087602
299.0379,-62.56836,0.06678648,0.351876,0.4290796,-5.087837
299.0584,-62.29152,0.06886264,0.354826,0.4269589,-5.088074
299.0789,-62.0143,0.07101523,0.3575425,0.4250246,-5.088305
299.0994,-61.73697,0.0732631,0.3600282,0.423273,-5.08853
299.1199,-61.45955,0.07557016,0.3622859,0.4216998,-5.08875
299.1411,-61.1733,0.07797245,0.3643786,0.4202596,-5.088971
299.1623,-60.88731,0.08045628,0.3662344,0.4190008,-5.089185
299.1834,-60.60175,0.08304269,0.3678562,0.4179191,-5.089394
299.2046,-60.3165,0.08569247,0.369247,0.4170099,-5.089596
299.2265,-60.02071,0.08846528,0.3704493,0.4162444,-5.0898
299.2485,-59.7254,0.09132798,0.3714093,0.4156556,-5.089997
299.2704,-59.43073,0.09430487,0.37213,0.4152391,-5.090187
299.2924,-59.13635,0.09735275,0.372615,0.4149901,-5.090371
299.3152,-58.82979,0.1005529,0.3728732,0.414904,-5.090556
299.3381,-58.5235,0.1038571,0.3728825,0.4149902,-5.090733
299.3609,-58.21753,0.1072944,0.372646,0.4152443,-5.090904
299.3838,-57.91127,0.1108167,0.3721674,0.4156615,-5.091067
299.4076,-57.59133,0.1145209,0.3714161,0.4162642,-5.09123
299.4314,-57.27074,0.1183533,0.3704087,0.4170351,-5.091385
299.4552,-56.94946,0.1223504,0.369148,0.4179702,-5.091532
299.4789,-56.62646,0.1264583,0.3676376,0.4190651,-5.091672
299.5037,-56.28787,0.1307827,0.3658087,0.4203667,-5.091809
299.5284,-55.94667,0.1352779,0.3637152,0.4218338,-5.091937
299.5531,-55.60264,0.1399919,0.3613586,0.4234637,-5.092057
299.5778,-55.25404,0.1448652,0.3587417,0.4252531,-5.092169
299.6033,-54.88719,0.1499988,0.3557701,0.4272644,-5.092275
299.6288,-54.51394,0.1553801,0.3525215,0.4294428,-5.092371
299.6543,-54.13371,0.1610773,0.348994,0.4317888,-5.092458
299.6798,-53.74346,0.1670268,0.3451884,0.434301,-5.092535
299.7059,-53.33069,0.1732989,0.3410132,0.4370389,-5.092603
299.7319,-52.90428,0.1799636,0.3365379,0.4399561,-5.09266
299.758,-52.46264,0.1871273,0.3317538,0.4430586,-5.092706
299.7841,-52.00014,0.1947321,0.3266555,0.4463504,-5.09274
299.8103,-51.50687,0.2027695,0.3212029,0.4498582,-5.092762
299.8365,-50.98517,0.2114904,0.3154011,0.4535804,-5.09277
299.8627,-50.43067,0.2210836,0.3092255,0.457535,-5.092764
299.8889,-49.83158,0.2315312,0.3026559,0.461738,-5.092743
299.9167,-49.13018,0.243494,0.2952399,0.4664829,-5.092704
299.9445,-48.35685,0.2570337,0.2872837,0.4715805,-5.092643
299.9722,-47.49652,0.2726858,0.2787081,0.4770909,-5.09256
300,-46.50969,0.2905623,0.2694419,0.4830724,-5.092451
